datetime,strike_label,option_type,open,high,low,close,volume,oi,iv,strike_price,spot
2025-07-09 09:15:00,ATM-10,PUT,125,125,104.7,108,16660,25100,11.226374,82600,83640.88
2025-07-09 09:15:00,ATM-9,PUT,132.9,146.7,120.25,122.95,14580,24520,11.126848,82700,83640.88
2025-07-09 09:15:00,ATM-8,CALL,1103.5,1103.5,1068.45,1068.45,120,2300,9.167876,82800,83640.88
2025-07-09 09:15:00,ATM-8,PUT,149.6,161.5,137.05,142.6,21400,22340,11.119785,82800,83640.88
2025-07-09 09:15:00,ATM-7,CALL,1026.65,1034.3,983.2,983.7,460,2120,9.08023,82900,83640.88
2025-07-09 09:15:00,ATM-7,PUT,157.8,182,157.7,161.75,16400,17620,11.02672,82900,83640.88
2025-07-09 09:15:00,ATM-6,CALL,955.05,975.05,900,900,5280,38280,8.953574,83000,83640.88
2025-07-09 09:15:00,ATM-6,PUT,202.95,203,180.8,185.55,53600,114580,11.003899,83000,83640.88
2025-07-09 09:15:00,ATM-5,CALL,888.85,895.3,828,828,580,3820,9.101035,83100,83640.88
2025-07-09 09:15:00,ATM-5,PUT,233.5,233.5,206.1,211.45,16940,17660,10.967157,83100,83640.88
2025-07-09 09:15:00,ATM-4,CALL,820.05,820.65,755.4,763,1440,6660,9.331678,83200,83640.88
2025-07-09 09:15:00,ATM-4,PUT,259.05,259.05,233.35,239.5,20080,24780,10.915783,83200,83640.88
2025-07-09 09:15:00,ATM-3,CALL,725,763,684.6,684.6,5260,29700,9.105892,83300,83640.88
2025-07-09 09:15:00,ATM-3,PUT,274.85,294,266.2,272.55,43040,196920,10.91885,83300,83640.88
2025-07-09 09:15:00,ATM-2,CALL,659.95,692.4,620,620.1,7560,28920,9.155762,83400,83640.88
2025-07-09 09:15:00,ATM-2,PUT,325.05,327.4,298.55,305.5,30380,42680,10.844712,83400,83640.88
2025-07-09 09:15:00,ATM-1,CALL,627,640,556.1,564.25,52840,188700,9.319733,83500,83640.88
2025-07-09 09:15:00,ATM-1,PUT,363.25,367.15,332.3,344.65,77800,218320,10.845426,83500,83640.88
2025-07-09 09:15:00,ATM,CALL,568.9,571.45,499.95,504.75,60880,69600,9.301994,83600,83640.88
2025-07-09 09:15:00,ATM,PUT,423.05,423.2,376.05,385.95,67500,86560,10.820218,83600,83640.88
2025-07-09 09:15:00,ATM+1,CALL,480.05,514.5,446.1,448.65,66860,54480,9.274597,83700,83640.88
2025-07-09 09:15:00,ATM+1,PUT,443.9,460,417.25,433.75,56440,37760,10.868614,83700,83640.88
2025-07-09 09:15:00,ATM+2,CALL,451,461.5,393,399.55,52980,55560,9.318557,83800,83640.88
2025-07-09 09:15:00,ATM+2,PUT,480.8,510,460.9,482.85,42140,49040,10.86983,83800,83640.88
2025-07-09 09:15:00,ATM+3,CALL,402.4,409.7,350.8,352.55,35180,22860,9.321394,83900,83640.88
2025-07-09 09:15:00,ATM+3,PUT,537.6,554.3,520.2,533.75,11920,8540,10.835762,83900,83640.88
2025-07-09 09:15:00,ATM+4,CALL,353.35,370.05,308,311.8,88720,109740,9.380175,84000,83640.88
2025-07-09 09:15:00,ATM+4,PUT,640,640,570.05,595.5,29880,56780,10.975969,84000,83640.88
2025-07-09 09:15:00,ATM+5,CALL,301.05,322.35,269,270.35,24300,15160,9.334354,84100,83640.88
2025-07-09 09:15:00,ATM+5,PUT,659.2,659.2,638.65,654.85,3180,6340,10.986903,84100,83640.88
2025-07-09 09:15:00,ATM+6,CALL,250.5,292,233.7,234.7,28260,45360,9.338153,84200,83640.88
2025-07-09 09:15:00,ATM+6,PUT,708.7,744,701.55,720.5,2380,2120,11.073994,84200,83640.88
2025-07-09 09:15:00,ATM+7,CALL,229.25,256,201.95,203.2,18560,21740,9.35771,84300,83640.88
2025-07-09 09:15:00,ATM+7,PUT,776.1,789.95,767.7,782.55,1540,1620,10.999558,84300,83640.88
2025-07-09 09:15:00,ATM+8,CALL,215.95,223,173.3,173.3,22700,19640,9.330469,84400,83640.88
2025-07-09 09:15:00,ATM+8,PUT,846.1,853.85,846.1,853.5,780,1600,11.073172,84400,83640.88
2025-07-09 09:15:00,ATM+9,CALL,197.7,215.45,148.05,150.3,68080,92000,9.406754,84500,83640.88
2025-07-09 09:15:00,ATM+9,PUT,920.2,932.8,919.25,932.8,880,31580,11.300935,84500,83640.88
2025-07-09 09:15:00,ATM+10,CALL,169.95,169.95,126.65,126.65,25600,24240,9.380351,84600,83640.88
2025-07-09 09:16:00,ATM-10,PUT,104.9,122.9,104.9,117.75,12760,25100,11.206688,82600,83580.43
2025-07-09 09:16:00,ATM-9,CALL,1102.45,1102.45,1102.45,1102.45,20,1280,9.210008,82700,83580.43
2025-07-09 09:16:00,ATM-9,PUT,121.95,140.4,121.95,136.6,13820,24520,11.197645,82700,83580.43
2025-07-09 09:16:00,ATM-8,CALL,1038.55,1038.55,1015.8,1025.1,260,2300,9.410245,82800,83580.43
2025-07-09 09:16:00,ATM-8,PUT,140.55,159.8,140.45,155.45,14740,22340,11.11838,82800,83580.43
2025-07-09 09:16:00,ATM-7,CALL,962.7,962.7,942.35,942.35,280,2120,9.32123,82900,83580.43
2025-07-09 09:16:00,ATM-7,PUT,160.35,184.35,160.35,176.2,12600,17620,11.031355,82900,83580.43
2025-07-09 09:16:00,ATM-6,CALL,898.5,898.5,861.9,870.85,5160,38280,9.493297,83000,83580.43
2025-07-09 09:16:00,ATM-6,PUT,184.15,209.7,183.85,202.15,43500,114580,11.024108,83000,83580.43
2025-07-09 09:16:00,ATM-5,CALL,829.5,829.5,784.3,784.3,240,3820,9.141861,83100,83580.43
2025-07-09 09:16:00,ATM-5,PUT,207.9,240.2,207.9,228.15,17600,17660,10.945596,83100,83580.43
2025-07-09 09:16:00,ATM-4,CALL,751.5,757.25,725.25,730,2160,6660,9.589341,83200,83580.43
2025-07-09 09:16:00,ATM-4,PUT,236.4,269.35,236.4,258.4,22780,24780,10.90709,83200,83580.43
2025-07-09 09:16:00,ATM-3,CALL,684.4,684.7,655.2,664.15,6160,29700,9.620204,83300,83580.43
2025-07-09 09:16:00,ATM-3,PUT,270.55,304.25,270.25,293.85,38540,196920,10.923917,83300,83580.43
2025-07-09 09:16:00,ATM-2,CALL,614,619,591.9,597.6,8900,28920,9.547534,83400,83580.43
2025-07-09 09:16:00,ATM-2,PUT,305.4,341.75,305.4,330.45,27760,42680,10.892272,83400,83580.43
2025-07-09 09:16:00,ATM-1,CALL,556.35,558.4,530.3,538.4,43900,188700,9.566045,83500,83580.43
2025-07-09 09:16:00,ATM-1,PUT,343.65,382,343.65,369.55,94080,218320,10.845011,83500,83580.43
2025-07-09 09:16:00,ATM,CALL,499.1,501.7,476.15,482.2,69560,69600,9.567095,83600,83580.43
2025-07-09 09:16:00,ATM,PUT,384.65,428,384.45,414.2,112000,86560,10.851089,83600,83580.43
2025-07-09 09:16:00,ATM+1,CALL,446.15,446.4,426,430.4,76600,54480,9.582422,83700,83580.43
2025-07-09 09:16:00,ATM+1,PUT,427.25,476.35,427.25,460.9,97640,37760,10.827624,83700,83580.43
2025-07-09 09:16:00,ATM+2,CALL,397,397.8,379.8,381,40160,55560,9.565802,83800,83580.43
2025-07-09 09:16:00,ATM+2,PUT,479.55,528.8,479.3,513.65,84140,49040,10.866121,83800,83580.43
2025-07-09 09:16:00,ATM+3,CALL,348.8,352.15,334.05,337.65,30940,22860,9.601655,83900,83580.43
2025-07-09 09:16:00,ATM+3,PUT,535.85,582.6,535.85,570.95,10240,8540,10.933211,83900,83580.43
2025-07-09 09:16:00,ATM+4,CALL,304,310.55,294.5,298.25,43940,109740,9.644146,84000,83580.43
2025-07-09 09:16:00,ATM+4,PUT,590.25,642.75,590.25,628.05,17960,56780,10.920309,84000,83580.43
2025-07-09 09:16:00,ATM+5,CALL,266.6,271.6,257.7,258.15,13380,15160,9.583566,84100,83580.43
2025-07-09 09:16:00,ATM+5,PUT,651.85,705.3,651.85,692.65,2080,6340,11.009572,84100,83580.43
2025-07-09 09:16:00,ATM+6,CALL,231.7,234.9,224,226.25,19400,45360,9.63689,84200,83580.43
2025-07-09 09:16:00,ATM+6,PUT,715.3,761.45,715.3,761.45,980,2120,11.129923,84200,83580.43
2025-07-09 09:16:00,ATM+7,CALL,200.75,205.5,193.95,196.25,14940,21740,9.655767,84300,83580.43
2025-07-09 09:16:00,ATM+7,PUT,784.25,866.85,784.25,829.6,1480,1620,11.1649,84300,83580.43
2025-07-09 09:16:00,ATM+8,CALL,173.1,177.65,167.4,168.35,9720,19640,9.64557,84400,83580.43
2025-07-09 09:16:00,ATM+8,PUT,856.55,900.55,856.55,894.9,240,1600,11.050271,84400,83580.43
2025-07-09 09:16:00,ATM+9,CALL,148.35,152.35,143.15,145,42680,92000,9.679109,84500,83580.43
2025-07-09 09:16:00,ATM+9,PUT,930.75,990.65,930.75,973.9,780,31580,11.229143,84500,83580.43
2025-07-09 09:16:00,ATM+10,CALL,125.9,130.9,123,124.4,15300,24240,9.714581,84600,83580.43
2025-07-09 09:16:00,ATM+10,PUT,1054.35,1073.3,1054.3,1073.3,200,20,11.936153,84600,83580.43
2025-07-09 09:17:00,ATM-10,CALL,1167.25,1167.25,1167.2,1167.2,100,980,8.723404,82600,83569.28
2025-07-09 09:17:00,ATM-10,PUT,117.9,121.75,113.2,117,18520,25100,11.11137,82600,83569.28
2025-07-09 09:17:00,ATM-9,CALL,1094.1,1094.1,1094.1,1094.1,20,1280,9.25258,82700,83569.28
2025-07-09 09:17:00,ATM-9,PUT,135.55,138.95,129.15,132.9,14800,24520,11.004156,82700,83569.28
2025-07-09 09:17:00,ATM-8,CALL,1022.65,1022.65,1020.95,1020.95,100,2300,9.579409,82800,83569.28
2025-07-09 09:17:00,ATM-8,PUT,155.4,158.65,148.75,152.25,15440,22340,10.944488,82800,83569.28
2025-07-09 09:17:00,ATM-7,CALL,936.75,942.35,932.35,932.35,200,2120,9.28479,82900,83569.28
2025-07-09 09:17:00,ATM-7,PUT,176.85,180.25,169.9,174.45,11420,17620,10.901597,82900,83569.28
2025-07-09 09:17:00,ATM-6,CALL,860.65,874.5,854.1,866.35,3700,38280,9.608945,83000,83569.28
2025-07-09 09:17:00,ATM-6,PUT,201.35,205.95,193.55,198,43580,114580,10.826785,83000,83569.28
2025-07-09 09:17:00,ATM-5,CALL,787.7,799.05,787.7,788.9,380,3820,9.49502,83100,83569.28
2025-07-09 09:17:00,ATM-5,PUT,228.15,233.65,220.75,225.3,14620,17660,10.783334,83100,83569.28
2025-07-09 09:17:00,ATM-4,CALL,725,729.2,716,719.1,1280,6660,9.507535,83200,83569.28
2025-07-09 09:17:00,ATM-4,PUT,258,264.7,250.65,258.15,18900,24780,10.808647,83200,83569.28
2025-07-09 09:17:00,ATM-3,CALL,660.65,664,647.95,654.7,6580,29700,9.568246,83300,83569.28
2025-07-09 09:17:00,ATM-3,PUT,292.95,298.45,283.3,290.6,36520,196920,10.747031,83300,83569.28
2025-07-09 09:17:00,ATM-2,CALL,596.35,600.7,584.45,591.8,5640,28920,9.57556,83400,83569.28
2025-07-09 09:17:00,ATM-2,PUT,328.05,335.9,320.7,328,31440,42680,10.730639,83400,83569.28
2025-07-09 09:17:00,ATM-1,CALL,534.9,539.5,527,531.7,35720,188700,9.562639,83500,83569.28
2025-07-09 09:17:00,ATM-1,PUT,369.2,378,360.6,370,83060,218320,10.745671,83500,83569.28
2025-07-09 09:17:00,ATM,CALL,478.8,483.85,471,477.1,44260,69600,9.590962,83600,83569.28
2025-07-09 09:17:00,ATM,PUT,412.9,422.05,403.3,415.05,68420,86560,10.753626,83600,83569.28
2025-07-09 09:17:00,ATM+1,CALL,427.6,431.35,418.45,424.55,55180,54480,9.579252,83700,83569.28
2025-07-09 09:17:00,ATM+1,PUT,460.85,469.85,451.35,462,42140,37760,10.727819,83700,83569.28
2025-07-09 09:17:00,ATM+2,CALL,378.3,383.6,371.4,376.9,29240,55560,9.593078,83800,83569.28
2025-07-09 09:17:00,ATM+2,PUT,514.55,523.7,502.25,514,41360,49040,10.740315,83800,83569.28
2025-07-09 09:17:00,ATM+3,CALL,334.65,338.1,327.4,332.2,19740,22860,9.588153,83900,83569.28
2025-07-09 09:17:00,ATM+3,PUT,567.9,579.6,556.65,569.15,7380,8540,10.747949,83900,83569.28
2025-07-09 09:17:00,ATM+4,CALL,294.85,297.5,288.5,292.1,34460,109740,9.604086,84000,83569.28
2025-07-09 09:17:00,ATM+4,PUT,629.8,639.05,617.4,629.65,10020,56780,10.803479,84000,83569.28
2025-07-09 09:17:00,ATM+5,CALL,257.95,259.4,252.5,254.65,12320,15160,9.597037,84100,83569.28
2025-07-09 09:17:00,ATM+5,PUT,690.15,702.75,677.6,687.45,2520,6340,10.717871,84100,83569.28
2025-07-09 09:17:00,ATM+6,CALL,224,227.1,219.45,221.95,16220,45360,9.620942,84200,83569.28
2025-07-09 09:17:00,ATM+6,PUT,761.4,764.65,744,764.65,940,2120,11.030033,84200,83569.28
2025-07-09 09:17:00,ATM+7,CALL,194.35,195.9,189.45,191.75,11920,21740,9.623961,84300,83569.28
2025-07-09 09:17:00,ATM+7,PUT,825.2,835.45,819.4,833,460,1620,11.058249,84300,83569.28
2025-07-09 09:17:00,ATM+8,CALL,167.55,168.6,163.25,164.8,8040,19640,9.628682,84400,83569.28
2025-07-09 09:17:00,ATM+8,PUT,910,910,894.75,907.9,420,1600,11.186375,84400,83569.28
2025-07-09 09:17:00,ATM+9,CALL,143.5,145.2,139.75,141.2,29140,92000,9.643941,84500,83569.28
2025-07-09 09:17:00,ATM+9,PUT,990.6,990.6,964.55,984.95,1300,31580,11.309365,84500,83569.28
2025-07-09 09:17:00,ATM+10,CALL,122.8,124,119.25,120.7,17400,24240,9.670414,84600,83569.28
2025-07-09 09:17:00,ATM+10,PUT,1056.85,1056.85,1056.85,1056.85,300,20,11.217529,84600,83569.28
2025-07-09 09:18:00,ATM-10,CALL,1172.4,1172.4,1172.4,1172.4,20,980,7.511763,82600,83600.87
2025-07-09 09:18:00,ATM-10,PUT,116.25,116.6,112.2,114.25,12080,29160,11.210123,82600,83600.87
2025-07-09 09:18:00,ATM-9,CALL,1094.1,1094.1,1094.1,1094.1,0,1280,9.25258,82700,83600.87
2025-07-09 09:18:00,ATM-9,PUT,133.1,133.85,128.45,130.1,6540,27920,11.115813,82700,83600.87
2025-07-09 09:18:00,ATM-8,CALL,1030,1030,1027.3,1027.3,40,2300,8.887024,82800,83600.87
2025-07-09 09:18:00,ATM-8,PUT,151.95,153.4,146.6,149,9020,26160,11.057326,82800,83600.87
2025-07-09 09:18:00,ATM-7,CALL,932.35,932.35,932.35,932.35,0,2120,9.28479,82900,83600.87
2025-07-09 09:18:00,ATM-7,PUT,174.2,174.85,168.7,170.65,5200,19400,11.014517,82900,83600.87
2025-07-09 09:18:00,ATM-6,CALL,866.25,881.95,862.35,874.25,4060,41700,9.128562,83000,83600.87
2025-07-09 09:18:00,ATM-6,PUT,198.15,199.8,192,195.45,22700,132020,10.991359,83000,83600.87
2025-07-09 09:18:00,ATM-5,CALL,797.6,807.25,796.55,796.55,500,3820,9.062442,83100,83600.87
2025-07-09 09:18:00,ATM-5,PUT,225.6,227.2,218.8,222.75,4960,22960,10.963547,83100,83600.87
2025-07-09 09:18:00,ATM-4,CALL,721.75,738.9,719.1,728.45,1520,7460,9.173142,83200,83600.87
2025-07-09 09:18:00,ATM-4,PUT,255,257.9,247.75,252.85,16260,24780,10.935637,83200,83600.87
2025-07-09 09:18:00,ATM-3,CALL,656.85,669.6,652.35,661,2940,29700,9.201203,83300,83600.87
2025-07-09 09:18:00,ATM-3,PUT,290.2,291.7,281.2,286.65,22000,208180,10.926486,83300,83600.87
2025-07-09 09:18:00,ATM-2,CALL,591.5,608,588.85,601.5,7200,32180,9.332411,83400,83600.87
2025-07-09 09:18:00,ATM-2,PUT,326.6,328.65,316.3,322.65,16760,42680,10.89577,83400,83600.87
2025-07-09 09:18:00,ATM-1,CALL,533.1,547.95,529.3,538.6,39200,188700,9.28744,83500,83600.87
2025-07-09 09:18:00,ATM-1,PUT,368.5,369.7,356.65,361.5,51580,247880,10.857986,83500,83600.87
2025-07-09 09:18:00,ATM,CALL,475.95,490,473.45,480.5,50780,104680,9.267438,83600,83600.87
2025-07-09 09:18:00,ATM,PUT,411.4,413.75,400.15,405.75,60660,86560,10.870303,83600,83600.87
2025-07-09 09:18:00,ATM+1,CALL,425,437.35,422,429.45,30480,85920,9.320539,83700,83600.87
2025-07-09 09:18:00,ATM+1,PUT,459.85,463.05,447.15,453.75,32040,69740,10.892138,83700,83600.87
2025-07-09 09:18:00,ATM+2,CALL,377.95,388.45,374.85,380.1,23460,73260,9.322855,83800,83600.87
2025-07-09 09:18:00,ATM+2,PUT,510,514.6,498.8,504.85,32560,62620,10.90848,83800,83600.87
2025-07-09 09:18:00,ATM+3,CALL,333.8,343.3,330.65,337.25,16900,34720,9.385757,83900,83600.87
2025-07-09 09:18:00,ATM+3,PUT,565.85,569.3,552.25,559.95,5120,12860,10.940606,83900,83600.87
2025-07-09 09:18:00,ATM+4,CALL,292.05,302.55,290.2,294.85,41960,145400,9.371183,84000,83600.87
2025-07-09 09:18:00,ATM+4,PUT,625.75,629.75,611.4,616.65,5300,71380,10.934086,84000,83600.87
2025-07-09 09:18:00,ATM+5,CALL,255.8,264.7,253.1,257.9,8940,21580,9.397429,84100,83600.87
2025-07-09 09:18:00,ATM+5,PUT,691.45,691.45,673.95,680.05,620,7420,11.010144,84100,83600.87
2025-07-09 09:18:00,ATM+6,CALL,222.35,229.5,219.8,223.85,16020,50960,9.40741,84200,83600.87
2025-07-09 09:18:00,ATM+6,PUT,754.7,754.7,740.15,747.55,620,3260,11.1134,84200,83600.87
2025-07-09 09:18:00,ATM+7,CALL,192.1,199.05,190.1,193.4,8380,27960,9.421605,84300,83600.87
2025-07-09 09:18:00,ATM+7,PUT,820,820,809.85,815.4,240,2700,11.155321,84300,83600.87
2025-07-09 09:18:00,ATM+8,CALL,164.75,171.1,163.85,165.45,5940,24900,9.41492,84400,83600.87
2025-07-09 09:18:00,ATM+8,PUT,887.25,887.25,880,880.65,100,2360,11.055361,84400,83600.87
2025-07-09 09:18:00,ATM+9,CALL,142.1,147,140.5,142.6,25720,99640,9.466169,84500,83600.87
2025-07-09 09:18:00,ATM+9,PUT,975.65,975.65,954.05,965.85,320,31360,11.417743,84500,83600.87
2025-07-09 09:18:00,ATM+10,CALL,121,126.2,119.95,122.1,13720,32200,9.506971,84600,83600.87
2025-07-09 09:18:00,ATM+10,PUT,1040.45,1046.55,1040.45,1046.55,60,20,11.608943,84600,83600.87
2025-07-09 09:19:00,ATM-10,CALL,1175,1175,1175,1175,20,980,8.598462,82600,83581.2
2025-07-09 09:19:00,ATM-10,PUT,114.1,119,113.4,114.35,7600,29160,11.09266,82600,83581.2
2025-07-09 09:19:00,ATM-9,CALL,1097.35,1097.35,1097.35,1097.35,100,1280,8.986931,82700,83581.2
2025-07-09 09:19:00,ATM-9,PUT,132.25,135.55,130.1,131.05,6740,27920,11.021222,82700,83581.2
2025-07-09 09:19:00,ATM-8,CALL,1011.35,1017.8,1011.35,1017.8,40,2300,9.135666,82800,83581.2
2025-07-09 09:19:00,ATM-8,PUT,151.3,155.35,148.5,150.25,7040,26160,10.964298,82800,83581.2
2025-07-09 09:19:00,ATM-7,CALL,946.15,946.15,930,930,340,2200,8.903086,82900,83581.2
2025-07-09 09:19:00,ATM-7,PUT,174.2,177.1,170.9,174,5160,19400,10.974215,82900,83581.2
2025-07-09 09:19:00,ATM-6,CALL,866.15,866.15,855,855,2480,41700,9.006749,83000,83581.2
2025-07-09 09:19:00,ATM-6,PUT,198.6,202.3,195.25,198.2,33720,132020,10.922236,83000,83581.2
2025-07-09 09:19:00,ATM-5,CALL,790.9,790.9,783.9,783.9,160,3820,9.117309,83100,83581.2
2025-07-09 09:19:00,ATM-5,PUT,221.9,230,221.9,224.2,5060,22960,10.848878,83100,83581.2
2025-07-09 09:19:00,ATM-4,CALL,717.45,722.3,710.05,715,840,7460,9.184986,83200,83581.2
2025-07-09 09:19:00,ATM-4,PUT,251.7,260.1,251.7,254.65,8140,24780,10.819893,83200,83581.2
2025-07-09 09:19:00,ATM-3,CALL,657.75,657.75,646.9,650.1,1520,29700,9.258773,83300,83581.2
2025-07-09 09:19:00,ATM-3,PUT,285.95,294.4,285.95,289,12420,208180,10.813358,83300,83581.2
2025-07-09 09:19:00,ATM-2,CALL,595,595,583.85,585.95,7240,32180,9.257228,83400,83581.2
2025-07-09 09:19:00,ATM-2,PUT,321.65,332.6,321.65,326.55,13840,42680,10.807879,83400,83581.2
2025-07-09 09:19:00,ATM-1,CALL,534.3,534.3,523.95,527.35,39380,188700,9.298161,83500,83581.2
2025-07-09 09:19:00,ATM-1,PUT,367.3,373.7,365,367.6,56900,247880,10.808399,83500,83581.2
2025-07-09 09:19:00,ATM,CALL,477.95,477.95,468.35,470.85,30640,104680,9.297449,83600,83581.2
2025-07-09 09:19:00,ATM,PUT,412,417.35,408,411.9,48440,86560,10.807462,83600,83581.2
2025-07-09 09:19:00,ATM+1,CALL,424.15,425.75,416.9,419.9,36900,85920,9.334936,83700,83581.2
2025-07-09 09:19:00,ATM+1,PUT,455,465.9,455,459.1,39260,69740,10.796269,83700,83581.2
2025-07-09 09:19:00,ATM+2,CALL,375.95,377.55,369,372.1,13180,73260,9.355233,83800,83581.2
2025-07-09 09:19:00,ATM+2,PUT,504.4,518.25,504.4,511.85,23260,62620,10.835287,83800,83581.2
2025-07-09 09:19:00,ATM+3,CALL,334.65,334.65,325,328.4,16100,34720,9.381264,83900,83581.2
2025-07-09 09:19:00,ATM+3,PUT,566.85,573.6,563.75,570.9,5880,12860,10.943145,83900,83581.2
2025-07-09 09:19:00,ATM+4,CALL,292.55,292.55,285,287.65,43500,145400,9.38795,84000,83581.2
2025-07-09 09:19:00,ATM+4,PUT,625.2,633.7,624.2,630,4460,71380,10.977868,84000,83581.2
2025-07-09 09:19:00,ATM+5,CALL,255.05,255.7,248.95,251.1,7060,21580,9.406872,84100,83581.2
2025-07-09 09:19:00,ATM+5,PUT,696.25,696.25,688.85,688.85,60,7420,10.930964,84100,83581.2
2025-07-09 09:19:00,ATM+6,CALL,221.3,221.7,216.7,218,10020,50960,9.423614,84200,83581.2
2025-07-09 09:19:00,ATM+6,PUT,758.25,765.35,754.25,755,280,3260,10.984288,84200,83581.2
2025-07-09 09:19:00,ATM+7,CALL,191.25,191.6,186.35,188.65,8860,27960,9.450163,84300,83581.2
2025-07-09 09:19:00,ATM+7,PUT,834.35,834.35,829.45,829.45,40,2700,11.175395,84300,83581.2
2025-07-09 09:19:00,ATM+8,CALL,165,165.05,160.65,162.25,21000,24900,9.470819,84400,83581.2
2025-07-09 09:19:00,ATM+8,PUT,905,905,900,900,60,2360,11.201143,84400,83581.2
2025-07-09 09:19:00,ATM+9,CALL,141.25,141.55,137.25,139.2,19440,99640,9.502517,84500,83581.2
2025-07-09 09:19:00,ATM+9,PUT,977.05,983.45,974.45,977.95,180,31360,11.357784,84500,83581.2
2025-07-09 09:19:00,ATM+10,CALL,120.2,120.4,117.35,118.7,11720,32200,9.52875,84600,83581.2
2025-07-09 09:19:00,ATM+10,PUT,1048.85,1048.85,1048.85,1048.85,20,20,11.248966,84600,83581.2
2025-07-09 09:20:00,ATM-10,CALL,1156.8,1158,1145.55,1158,380,980,7.929821,82600,83577.1
2025-07-09 09:20:00,ATM-10,PUT,113.85,120.25,110.15,110.6,14780,29160,10.933823,82600,83577.1
2025-07-09 09:20:00,ATM-9,CALL,1076.4,1078.15,1076.35,1076.35,620,1280,8.259868,82700,83577.1
2025-07-09 09:20:00,ATM-9,PUT,130.75,137.8,126.7,127.4,13040,27920,10.873813,82700,83577.1
2025-07-09 09:20:00,ATM-8,CALL,1005,1020.85,990.3,1020.85,600,2300,9.361332,82800,83577.1
2025-07-09 09:20:00,ATM-8,PUT,149.1,158,145.45,145.95,14080,26160,10.80315,82800,83577.1
2025-07-09 09:20:00,ATM-7,CALL,930,930,917.65,917.65,320,2200,8.602338,82900,83577.1
2025-07-09 09:20:00,ATM-7,PUT,170.75,180.3,166.75,167.9,11500,19400,10.767068,82900,83577.1
2025-07-09 09:20:00,ATM-6,CALL,859.45,868,831.25,868,6960,41700,9.487348,83000,83577.1
2025-07-09 09:20:00,ATM-6,PUT,196,206.35,190.9,191,34840,132020,10.692423,83000,83577.1
2025-07-09 09:20:00,ATM-5,CALL,780,799.15,760,799.15,1100,3820,9.622988,83100,83577.1
2025-07-09 09:20:00,ATM-5,PUT,222.2,234.5,217.25,218.45,16140,22960,10.665144,83100,83577.1
2025-07-09 09:20:00,ATM-4,CALL,714,729.15,690.9,725.15,3060,7460,9.526464,83200,83577.1
2025-07-09 09:20:00,ATM-4,PUT,253.75,267.75,247.35,247.75,21040,24780,10.611363,83200,83577.1
2025-07-09 09:20:00,ATM-3,CALL,650.3,660.45,624.45,658.1,8380,29700,9.527322,83300,83577.1
2025-07-09 09:20:00,ATM-3,PUT,288.6,301.95,280.05,281.4,29460,208180,10.591708,83300,83577.1
2025-07-09 09:20:00,ATM-2,CALL,588,598.5,562.6,597.3,14440,32180,9.593317,83400,83577.1
2025-07-09 09:20:00,ATM-2,PUT,326.7,340.8,316.9,318.95,37640,42680,10.589153,83400,83577.1
2025-07-09 09:20:00,ATM-1,CALL,528.1,537.2,506.65,535.95,57080,188700,9.557374,83500,83577.1
2025-07-09 09:20:00,ATM-1,PUT,366.05,384,357,360.05,122640,247880,10.592108,83500,83577.1
2025-07-09 09:20:00,ATM,CALL,471.1,480.95,451.5,479.45,76480,104680,9.548734,83600,83577.1
2025-07-09 09:20:00,ATM,PUT,410.05,428.9,400.4,402.75,110740,86560,10.553938,83600,83577.1
2025-07-09 09:20:00,ATM+1,CALL,420.55,428.75,401.5,426.6,59980,85920,9.537198,83700,83577.1
2025-07-09 09:20:00,ATM+1,PUT,455.25,478,446.9,451,53960,69740,10.565091,83700,83577.1
2025-07-09 09:20:00,ATM+2,CALL,372.8,380.5,355.55,377.75,28620,73260,9.530144,83800,83577.1
2025-07-09 09:20:00,ATM+2,PUT,509.4,531.95,498.4,502.05,71600,62620,10.561567,83800,83577.1
2025-07-09 09:20:00,ATM+3,CALL,327.9,335.2,312.8,334.25,22440,34720,9.55915,83900,83577.1
2025-07-09 09:20:00,ATM+3,PUT,568.25,589.35,554.65,556.45,12400,12860,10.55627,83900,83577.1
2025-07-09 09:20:00,ATM+4,CALL,289.5,294.95,274.75,293.2,53680,145400,9.558733,84000,83577.1
2025-07-09 09:20:00,ATM+4,PUT,624.25,650,613.45,615.45,14000,71380,10.579376,84000,83577.1
2025-07-09 09:20:00,ATM+5,CALL,252.3,257.3,239.85,255.5,19680,21580,9.551031,84100,83577.1
2025-07-09 09:20:00,ATM+5,PUT,692.05,715.35,674.05,674.05,2520,7420,10.513783,84100,83577.1
2025-07-09 09:20:00,ATM+6,CALL,218.95,223.8,207.45,222,21860,50960,9.559604,84200,83577.1
2025-07-09 09:20:00,ATM+6,PUT,756.7,784.35,751.85,751.85,1140,3260,10.840655,84200,83577.1
2025-07-09 09:20:00,ATM+7,CALL,190,193,177.3,191.65,15900,27960,9.562465,84300,83577.1
2025-07-09 09:20:00,ATM+7,PUT,847,851,816.65,816.65,560,2700,10.776618,84300,83577.1
2025-07-09 09:20:00,ATM+8,CALL,163.4,166.5,153.65,165.05,10920,24900,9.580267,84400,83577.1
2025-07-09 09:20:00,ATM+8,PUT,917.1,917.1,913.95,913.95,780,2360,11.493921,84400,83577.1
2025-07-09 09:20:00,ATM+9,CALL,138.95,143.6,131.35,142.3,39640,99640,9.624469,84500,83577.1
2025-07-09 09:20:00,ATM+9,PUT,976.2,1002.95,976.2,980,1780,31360,11.331917,84500,83577.1
2025-07-09 09:20:00,ATM+10,CALL,120.25,121.6,112.2,121,14880,32200,9.63044,84600,83577.1
2025-07-09 09:20:00,ATM+10,PUT,1048.85,1048.85,1048.85,1048.85,0,20,11.248966,84600,83577.1
2025-07-09 09:21:00,ATM-10,CALL,1192.15,1192.15,1192.15,1192.15,100,1020,8.587273,82600,83600.82
2025-07-09 09:21:00,ATM-10,PUT,111.5,112.6,107.5,108.9,9760,37120,11.018488,82600,83600.82
2025-07-09 09:21:00,ATM-9,CALL,1076.35,1076.35,1076.35,1076.35,0,1280,8.259868,82700,83600.82
2025-07-09 09:21:00,ATM-9,PUT,128.4,129.3,123.5,126.55,12120,31080,10.997916,82700,83600.82
2025-07-09 09:21:00,ATM-8,CALL,1028.4,1038.9,1028.4,1038.9,640,2440,9.311758,82800,83600.82
2025-07-09 09:21:00,ATM-8,PUT,147,148.05,141.15,144.25,9760,29920,10.909207,82800,83600.82
2025-07-09 09:21:00,ATM-7,CALL,946.1,958.7,946.1,958.7,920,2260,9.329956,82900,83600.82
2025-07-09 09:21:00,ATM-7,PUT,169.1,169.9,162.3,166.25,9180,23540,10.885644,82900,83600.82
2025-07-09 09:21:00,ATM-6,CALL,868.15,883.05,865,865,1800,43480,8.848653,83000,83600.82
2025-07-09 09:21:00,ATM-6,PUT,192.65,194.5,185.45,189.3,24700,140480,10.820448,83000,83600.82
2025-07-09 09:21:00,ATM-5,CALL,795.95,812.1,794.75,794.95,440,4600,9.020499,83100,83600.82
2025-07-09 09:21:00,ATM-5,PUT,219.8,221.65,211.65,215.9,11300,28480,10.782153,83100,83600.82
2025-07-09 09:21:00,ATM-4,CALL,727.45,740,722.45,725,1380,8760,9.084517,83200,83600.82
2025-07-09 09:21:00,ATM-4,PUT,249.1,251.85,240.2,245.55,11660,37400,10.750262,83200,83600.82
2025-07-09 09:21:00,ATM-3,CALL,659.05,672.05,654.7,654.9,3440,35760,9.049726,83300,83600.82
2025-07-09 09:21:00,ATM-3,PUT,283.75,285.75,273.25,279.9,17340,213660,10.761183,83300,83600.82
2025-07-09 09:21:00,ATM-2,CALL,596.15,607.4,591.25,593.4,10800,37320,9.138469,83400,83600.82
2025-07-09 09:21:00,ATM-2,PUT,319.9,322.75,309.1,315.3,13340,67940,10.720703,83400,83600.82
2025-07-09 09:21:00,ATM-1,CALL,536.15,547.35,531.35,533.75,67600,234960,9.175824,83500,83600.82
2025-07-09 09:21:00,ATM-1,PUT,362.6,363.55,348.8,356.85,54720,286360,10.749888,83500,83600.82
2025-07-09 09:21:00,ATM,CALL,477.75,490,474.1,474.1,57460,142540,9.122027,83600,83600.82
2025-07-09 09:21:00,ATM,PUT,404.2,406.85,391.2,398.7,59240,175000,10.708285,83600,83600.82
2025-07-09 09:21:00,ATM+1,CALL,426.95,437.4,423,424.35,44000,122220,9.206307,83700,83600.82
2025-07-09 09:21:00,ATM+1,PUT,452.4,455.1,436.95,447.8,37700,90120,10.756465,83700,83600.82
2025-07-09 09:21:00,ATM+2,CALL,377.85,388.7,375.2,376.9,20480,92760,9.252107,83800,83600.82
2025-07-09 09:21:00,ATM+2,PUT,504.5,506.9,487.7,499.9,17180,112080,10.795681,83800,83600.82
2025-07-09 09:21:00,ATM+3,CALL,332.6,342.1,330,330,16020,45640,9.220487,83900,83600.82
2025-07-09 09:21:00,ATM+3,PUT,558.4,561.35,543.15,554.45,11640,15640,10.814261,83900,83600.82
2025-07-09 09:21:00,ATM+4,CALL,293.1,301.5,289.65,289.65,40820,169620,9.250983,84000,83600.82
2025-07-09 09:21:00,ATM+4,PUT,618.2,620.5,601.1,614.1,13520,73740,10.874911,84000,83600.82
2025-07-09 09:21:00,ATM+5,CALL,255.15,262.85,252.65,253.05,14000,26000,9.282157,84100,83600.82
2025-07-09 09:21:00,ATM+5,PUT,678.5,678.95,664.05,678.45,700,8140,10.972351,84100,83600.82
2025-07-09 09:21:00,ATM+6,CALL,221.85,228.9,219,220.25,10900,52440,9.319099,84200,83600.82
2025-07-09 09:21:00,ATM+6,PUT,749.3,749.3,730.9,733.1,200,3380,10.759069,84200,83600.82
2025-07-09 09:21:00,ATM+7,CALL,191.9,198,189.3,189.65,8560,31740,9.324958,84300,83600.82
2025-07-09 09:21:00,ATM+7,PUT,815.05,815.05,796.7,796.7,220,3560,10.680384,84300,83600.82
2025-07-09 09:21:00,ATM+8,CALL,165,170.95,162.55,163.75,6780,26640,9.369785,84400,83600.82
2025-07-09 09:21:00,ATM+8,PUT,883.45,891.05,873.85,891.05,120,2620,11.328753,84400,83600.82
2025-07-09 09:21:00,ATM+9,CALL,141.15,146.6,139.05,140.7,19360,110060,9.412008,84500,83600.82
2025-07-09 09:21:00,ATM+9,PUT,960,962.25,949.9,962.25,160,31400,11.319216,84500,83600.82
2025-07-09 09:21:00,ATM+10,CALL,120.6,125.05,118.7,118.85,9600,39040,9.405456,84600,83600.82
2025-07-09 09:21:00,ATM+10,PUT,1048.85,1048.85,1048.85,1048.85,0,20,11.248966,84600,83600.82
2025-07-09 09:22:00,ATM-10,CALL,1192.15,1192.15,1192.15,1192.15,0,1020,8.587273,82600,83576.74
2025-07-09 09:22:00,ATM-10,PUT,108.4,114.5,106.6,112.7,7000,37120,11.007816,82600,83576.74
2025-07-09 09:22:00,ATM-9,CALL,1078.15,1078.15,1078.15,1078.15,20,1320,8.353969,82700,83576.74
2025-07-09 09:22:00,ATM-9,PUT,125.55,131.4,122.8,129.15,4380,31080,10.930837,82700,83576.74
2025-07-09 09:22:00,ATM-8,CALL,1038.9,1038.9,1038.9,1038.9,0,2440,9.311758,82800,83576.74
2025-07-09 09:22:00,ATM-8,PUT,144,150.85,140.8,148.95,8800,29920,10.895258,82800,83576.74
2025-07-09 09:22:00,ATM-7,CALL,958.7,958.7,958.7,958.7,0,2260,9.329956,82900,83576.74
2025-07-09 09:22:00,ATM-7,PUT,165.05,172.9,161.5,170,5900,23540,10.827115,82900,83576.74
2025-07-09 09:22:00,ATM-6,CALL,862.6,873.25,844,844.6,4740,43480,8.798481,83000,83576.74
2025-07-09 09:22:00,ATM-6,PUT,188.35,197.75,184.85,195.1,19320,140480,10.804609,83000,83576.74
2025-07-09 09:22:00,ATM-5,CALL,794.95,804.65,776.35,776.85,500,4600,9.014385,83100,83576.74
2025-07-09 09:22:00,ATM-5,PUT,214.5,225.4,210.6,222.45,7900,28480,10.769114,83100,83576.74
2025-07-09 09:22:00,ATM-4,CALL,729.9,733.2,703,707.2,940,8760,9.064291,83200,83576.74
2025-07-09 09:22:00,ATM-4,PUT,244.8,256.35,240.4,253.85,10300,37400,10.764118,83200,83576.74
2025-07-09 09:22:00,ATM-3,CALL,665.3,665.3,636.75,641.85,1900,35760,9.12854,83300,83576.74
2025-07-09 09:22:00,ATM-3,PUT,278.2,291.15,274.25,287.8,13300,213660,10.74631,83300,83576.74
2025-07-09 09:22:00,ATM-2,CALL,592.4,601.9,574.7,576.9,4420,37320,9.108481,83400,83576.74
2025-07-09 09:22:00,ATM-2,PUT,314.3,328.05,309.65,326.6,19320,67940,10.769015,83400,83576.74
2025-07-09 09:22:00,ATM-1,CALL,531.9,541.45,515.8,519.85,28480,234960,9.185877,83500,83576.74
2025-07-09 09:22:00,ATM-1,PUT,354.35,370,349.75,366.7,51300,286360,10.744707,83500,83576.74
2025-07-09 09:22:00,ATM,CALL,475,484.2,460.35,463.85,43580,142540,9.194638,83600,83576.74
2025-07-09 09:22:00,ATM,PUT,398.15,415,391,411.7,64360,175000,10.757273,83600,83576.74
2025-07-09 09:22:00,ATM+1,CALL,422.5,432,409.95,411.65,30280,122220,9.200222,83700,83576.74
2025-07-09 09:22:00,ATM+1,PUT,446.65,463.75,440,459.9,29140,90120,10.765814,83700,83576.74
2025-07-09 09:22:00,ATM+2,CALL,374.7,384.4,362.15,366.2,16920,92760,9.270166,83800,83576.74
2025-07-09 09:22:00,ATM+2,PUT,498.55,515.85,490.6,513.7,14040,112080,10.825413,83800,83576.74
2025-07-09 09:22:00,ATM+3,CALL,330,338.2,319.25,321,15440,45640,9.256289,83900,83576.74
2025-07-09 09:22:00,ATM+3,PUT,552.75,572.45,546.6,569.3,5200,15640,10.849917,83900,83576.74
2025-07-09 09:22:00,ATM+4,CALL,290.15,297.15,279.95,280.4,30960,169620,9.259777,84000,83576.74
2025-07-09 09:22:00,ATM+4,PUT,611.7,631.9,603.35,629.45,7300,73740,10.90444,84000,83576.74
2025-07-09 09:22:00,ATM+5,CALL,252.6,258.95,243.65,244.3,12460,26000,9.281672,84100,83576.74
2025-07-09 09:22:00,ATM+5,PUT,688,694.7,688,693.9,160,8140,10.986882,84100,83576.74
2025-07-09 09:22:00,ATM+6,CALL,219.45,224.85,210.6,211.45,7540,52440,9.295618,84200,83576.74
2025-07-09 09:22:00,ATM+6,PUT,739.85,761.1,734.85,761.1,140,3380,11.064306,84200,83576.74
2025-07-09 09:22:00,ATM+7,CALL,188.75,194.8,182,182.7,10520,31740,9.327792,84300,83576.74
2025-07-09 09:22:00,ATM+7,PUT,808.3,830,808.3,830,80,3560,11.113229,84300,83576.74
2025-07-09 09:22:00,ATM+8,CALL,163.9,167.1,156,156.1,11960,26640,9.331411,84400,83576.74
2025-07-09 09:22:00,ATM+8,PUT,891.05,891.05,891.05,891.05,0,2620,11.328753,84400,83576.74
2025-07-09 09:22:00,ATM+9,CALL,139.55,143.8,133.25,133.7,18300,110060,9.369284,84500,83576.74
2025-07-09 09:22:00,ATM+9,PUT,975.65,975.65,975.65,975.65,20,31400,11.204338,84500,83576.74
2025-07-09 09:22:00,ATM+10,CALL,119.55,122.7,113.4,113.9,6880,39040,9.404013,84600,83576.74
2025-07-09 09:22:00,ATM+10,PUT,1048.85,1048.85,1048.85,1048.85,0,20,11.248966,84600,83576.74
2025-07-09 09:23:00,ATM-10,CALL,1163.6,1163.6,1150,1150,40,1020,7.82796,82600,83570.42
2025-07-09 09:23:00,ATM-10,PUT,111.45,113.65,108,109.95,9520,37120,10.870852,82600,83570.42
2025-07-09 09:23:00,ATM-9,CALL,1078.15,1078.15,1078.15,1078.15,0,1320,8.353969,82700,83570.42
2025-07-09 09:23:00,ATM-9,PUT,127.85,130.55,124.55,127.15,4900,31080,10.823977,82700,83570.42
2025-07-09 09:23:00,ATM-8,CALL,990,990,990,990,20,2440,8.452549,82800,83570.42
2025-07-09 09:23:00,ATM-8,PUT,148.4,149.95,143.05,146.15,16660,29920,10.765894,82800,83570.42
2025-07-09 09:23:00,ATM-7,CALL,920.8,927.45,920.8,927.45,40,2260,9.104602,82900,83570.42
2025-07-09 09:23:00,ATM-7,PUT,170,172.15,164.8,167.25,5700,23540,10.702252,82900,83570.42
2025-07-09 09:23:00,ATM-6,CALL,847.35,853.1,833.15,835.45,7200,43480,8.669651,83000,83570.42
2025-07-09 09:23:00,ATM-6,PUT,193.85,197.25,188.25,192,23740,140480,10.672074,83000,83570.42
2025-07-09 09:23:00,ATM-5,CALL,776.15,778.85,761.2,762.3,320,4600,8.737101,83100,83570.42
2025-07-09 09:23:00,ATM-5,PUT,220,225.3,215.8,219.55,5800,28480,10.643411,83100,83570.42
2025-07-09 09:23:00,ATM-4,CALL,711.35,711.35,692.8,694.55,1560,8760,8.848279,83200,83570.42
2025-07-09 09:23:00,ATM-4,PUT,251.7,256.65,245.55,250.8,8240,37400,10.634964,83200,83570.42
2025-07-09 09:23:00,ATM-3,CALL,642.05,643.95,626,628.5,2120,35760,8.899696,83300,83570.42
2025-07-09 09:23:00,ATM-3,PUT,286.85,291,279.45,285.5,11680,213660,10.635076,83300,83570.42
2025-07-09 09:23:00,ATM-2,CALL,580,581.2,564,568.2,9160,37320,8.994881,83400,83570.42
2025-07-09 09:23:00,ATM-2,PUT,323.85,328.9,315.85,323.7,13520,67940,10.64162,83400,83570.42
2025-07-09 09:23:00,ATM-1,CALL,521.15,522.35,505.1,508.15,45740,234960,8.999125,83500,83570.42
2025-07-09 09:23:00,ATM-1,PUT,364.15,370.65,356.4,364.55,55760,286360,10.632464,83500,83570.42
2025-07-09 09:23:00,ATM,CALL,465.8,466.2,450.35,453.7,32740,142540,9.041122,83600,83570.42
2025-07-09 09:23:00,ATM,PUT,408.85,416.25,400.05,409.8,54600,175000,10.647295,83600,83570.42
2025-07-09 09:23:00,ATM+1,CALL,412.4,414.7,400,401.55,43820,122220,9.04319,83700,83570.42
2025-07-09 09:23:00,ATM+1,PUT,455,464.45,448.45,459.05,30380,90120,10.675571,83700,83570.42
2025-07-09 09:23:00,ATM+2,CALL,364.95,366.85,352.3,356.2,19480,92760,9.109251,83800,83570.42
2025-07-09 09:23:00,ATM+2,PUT,510,518.2,501,510.3,12120,112080,10.671545,83800,83570.42
2025-07-09 09:23:00,ATM+3,CALL,321.4,322.55,309.05,312,16100,45640,9.11082,83900,83570.42
2025-07-09 09:23:00,ATM+3,PUT,566.2,575,555.5,569,9020,15640,10.761597,83900,83570.42
2025-07-09 09:23:00,ATM+4,CALL,282.1,283.45,269,271.5,59660,169620,9.107585,84000,83570.42
2025-07-09 09:23:00,ATM+4,PUT,627,635,614.85,628.25,13660,73740,10.788671,84000,83570.42
2025-07-09 09:23:00,ATM+5,CALL,245.8,246,234,235.8,14200,26000,9.128604,84100,83570.42
2025-07-09 09:23:00,ATM+5,PUT,687.2,697.2,682.1,696.55,280,8140,10.956453,84100,83570.42
2025-07-09 09:23:00,ATM+6,CALL,212.55,212.8,202.55,203.55,8120,52440,9.145653,84200,83570.42
2025-07-09 09:23:00,ATM+6,PUT,753.75,767.5,748.65,760.4,300,3380,10.945296,84200,83570.42
2025-07-09 09:23:00,ATM+7,CALL,183.6,184.2,174.25,175.1,7920,31740,9.172442,84300,83570.42
2025-07-09 09:23:00,ATM+7,PUT,825.8,838.9,816.8,836.1,140,3560,11.159594,84300,83570.42
2025-07-09 09:23:00,ATM+8,CALL,157.75,158.2,148.7,149.55,24360,26640,9.190655,84400,83570.42
2025-07-09 09:23:00,ATM+8,PUT,897.85,914.15,890.9,914.15,220,2620,11.37593,84400,83570.42
2025-07-09 09:23:00,ATM+9,CALL,135,135.1,126.85,128.15,29220,110060,9.243688,84500,83570.42
2025-07-09 09:23:00,ATM+9,PUT,975.65,990.95,973.95,990,620,31400,11.474544,84500,83570.42
2025-07-09 09:23:00,ATM+10,CALL,114.7,114.75,108,108,8000,39040,9.251103,84600,83570.42
2025-07-09 09:23:00,ATM+10,PUT,1048.85,1048.85,1048.85,1048.85,0,20,11.248966,84600,83570.42
2025-07-09 09:24:00,ATM-10,CALL,1150,1150,1150,1150,0,1020,7.82796,82600,83566.94
2025-07-09 09:24:00,ATM-10,PUT,110.35,112,108.3,108.3,7200,48940,10.790554,82600,83566.94
2025-07-09 09:24:00,ATM-9,CALL,1064,1079.15,1064,1079.15,40,1820,8.75107,82700,83566.94
2025-07-09 09:24:00,ATM-9,PUT,126.55,129,124.85,124.85,6280,34500,10.725189,82700,83566.94
2025-07-09 09:24:00,ATM-8,CALL,990,990,990,990,0,2440,8.452549,82800,83566.94
2025-07-09 09:24:00,ATM-8,PUT,145.8,148.65,144.7,145.5,9160,39000,10.722648,82800,83566.94
2025-07-09 09:24:00,ATM-7,CALL,927.45,927.45,927.45,927.45,0,2260,9.104602,82900,83566.94
2025-07-09 09:24:00,ATM-7,PUT,167.6,169.95,165.6,165.6,3820,29660,10.629677,82900,83566.94
2025-07-09 09:24:00,ATM-6,CALL,834.75,840.7,832.6,840,1100,45440,8.890128,83000,83566.94
2025-07-09 09:24:00,ATM-6,PUT,191.85,195.85,189.7,189.8,11880,159300,10.58557,83000,83566.94
2025-07-09 09:24:00,ATM-5,CALL,764.9,764.9,764.55,764.55,60,5100,8.873785,83100,83566.94
2025-07-09 09:24:00,ATM-5,PUT,220.1,223.65,217.3,217.3,3420,37520,10.557111,83100,83566.94
2025-07-09 09:24:00,ATM-4,CALL,695.8,700.7,694.55,697.8,280,10800,8.999295,83200,83566.94
2025-07-09 09:24:00,ATM-4,PUT,251.05,254.2,248.8,248.8,6760,51160,10.555915,83200,83566.94
2025-07-09 09:24:00,ATM-3,CALL,628.95,635.75,625.5,632.5,2180,37480,9.058841,83300,83566.94
2025-07-09 09:24:00,ATM-3,PUT,284.75,289.3,282.05,282.05,9940,228500,10.520567,83300,83566.94
2025-07-09 09:24:00,ATM-2,CALL,564.35,573.6,564.35,570.35,3360,44320,9.100051,83400,83566.94
2025-07-09 09:24:00,ATM-2,PUT,322.7,327.75,320.2,320.2,12440,79540,10.526335,83400,83566.94
2025-07-09 09:24:00,ATM-1,CALL,507.1,515,504.1,513.6,18300,268260,9.175683,83500,83566.94
2025-07-09 09:24:00,ATM-1,PUT,364.6,369.2,362.2,362.2,36460,338400,10.543584,83500,83566.94
2025-07-09 09:24:00,ATM,CALL,452.75,459.1,449.35,455.6,28840,196840,9.129607,83600,83566.94
2025-07-09 09:24:00,ATM,PUT,409.55,414.1,406.35,406.55,48440,243460,10.536064,83600,83566.94
2025-07-09 09:24:00,ATM+1,CALL,401.65,407.45,397.2,404.7,18340,168900,9.156517,83700,83566.94
2025-07-09 09:24:00,ATM+1,PUT,458.25,464,455.2,455.2,16080,120920,10.54842,83700,83566.94
2025-07-09 09:24:00,ATM+2,CALL,353.9,360.35,351.05,357.6,7980,110380,9.17951,83800,83566.94
2025-07-09 09:24:00,ATM+2,PUT,510.1,517.75,508,509.4,8000,100200,10.609125,83800,83566.94
2025-07-09 09:24:00,ATM+3,CALL,310.8,316.15,308,314.4,11140,66740,9.202091,83900,83566.94
2025-07-09 09:24:00,ATM+3,PUT,567.7,574.8,563,563,3880,25040,10.577596,83900,83566.94
2025-07-09 09:24:00,ATM+4,CALL,271.3,276.6,268.7,275.1,22540,213920,9.226348,84000,83566.94
2025-07-09 09:24:00,ATM+4,PUT,627.45,634.8,625,625.35,6560,79920,10.671982,84000,83566.94
2025-07-09 09:24:00,ATM+5,CALL,234.8,240.4,233,238.8,5100,36340,9.233296,84100,83566.94
2025-07-09 09:24:00,ATM+5,PUT,689.7,693.35,689.7,693.35,80,7620,10.827344,84100,83566.94
2025-07-09 09:24:00,ATM+6,CALL,202,207.3,201.05,206.45,4700,58540,9.249039,84200,83566.94
2025-07-09 09:24:00,ATM+6,PUT,763.25,764,757.4,758.4,200,4440,10.839338,84200,83566.94
2025-07-09 09:24:00,ATM+7,CALL,174.3,178.6,172.65,177.55,4220,41660,9.265872,84300,83566.94
2025-07-09 09:24:00,ATM+7,PUT,834.7,834.7,829.3,829.45,80,3800,10.92814,84300,83566.94
2025-07-09 09:24:00,ATM+8,CALL,148.65,153.15,147.55,152.35,9340,38040,9.296694,84400,83566.94
2025-07-09 09:24:00,ATM+8,PUT,908.3,908.3,908.3,908.3,20,2620,11.154918,84400,83566.94
2025-07-09 09:24:00,ATM+9,CALL,127.4,130.8,126.05,130,20480,137240,9.32484,84500,83566.94
2025-07-09 09:24:00,ATM+9,PUT,980.1,987.85,980,980,120,31540,11.124854,84500,83566.94
2025-07-09 09:24:00,ATM+10,CALL,107.6,111.15,106.8,110.45,6280,50900,9.355495,84600,83566.94
2025-07-09 09:24:00,ATM+10,PUT,1048.85,1048.85,1048.85,1048.85,0,20,11.248966,84600,83566.94
2025-07-09 09:25:00,ATM-10,CALL,1150,1150,1150,1150,0,1020,7.82796,82600,83576.06
2025-07-09 09:25:00,ATM-10,PUT,108.15,109.5,105.05,105.85,7960,48940,10.758159,82600,83576.06
2025-07-09 09:25:00,ATM-9,CALL,1079.15,1079.15,1079.15,1079.15,0,1820,8.75107,82700,83576.06
2025-07-09 09:25:00,ATM-9,PUT,125.6,125.75,121.5,121.95,9480,34500,10.686427,82700,83576.06
2025-07-09 09:25:00,ATM-8,CALL,997.8,997.8,997.8,997.8,20,2600,8.569488,82800,83576.06
2025-07-09 09:25:00,ATM-8,PUT,143.6,144.4,140.2,141.3,10400,39000,10.652629,82800,83576.06
2025-07-09 09:25:00,ATM-7,CALL,927.45,927.45,927.45,927.45,0,2260,9.104602,82900,83576.06
2025-07-09 09:25:00,ATM-7,PUT,166.4,166.65,161.25,162,4360,29660,10.588093,82900,83576.06
2025-07-09 09:25:00,ATM-6,CALL,842.45,850.4,842.45,849.45,1840,45440,8.964046,83000,83576.06
2025-07-09 09:25:00,ATM-6,PUT,191,191,185.25,186.7,12980,159300,10.567129,83000,83576.06
2025-07-09 09:25:00,ATM-5,CALL,776.65,776.65,776.65,776.65,200,5100,9.02531,83100,83576.06
2025-07-09 09:25:00,ATM-5,PUT,218.6,218.6,212,214,7300,37520,10.541247,83100,83576.06
2025-07-09 09:25:00,ATM-4,CALL,697,708.65,697,706.05,580,10800,9.048933,83200,83576.06
2025-07-09 09:25:00,ATM-4,PUT,248.6,249.2,242,243.95,5920,51160,10.508404,83200,83576.06
2025-07-09 09:25:00,ATM-3,CALL,634.25,642.95,630,639.25,1580,37480,9.07693,83300,83576.06
2025-07-09 09:25:00,ATM-3,PUT,283.7,283.7,276.45,279,8180,228500,10.525972,83300,83576.06
2025-07-09 09:25:00,ATM-2,CALL,569.1,581,566.95,576.5,5700,44320,9.11137,83400,83576.06
2025-07-09 09:25:00,ATM-2,PUT,321.45,321.45,313.6,315.65,6420,79540,10.502988,83400,83576.06
2025-07-09 09:25:00,ATM-1,CALL,511.75,521.8,508.5,517.55,25940,268260,9.143421,83500,83576.06
2025-07-09 09:25:00,ATM-1,PUT,363.05,363.25,352.7,356.35,34780,338400,10.49756,83500,83576.06
2025-07-09 09:25:00,ATM,CALL,455.85,465.55,452.1,461.55,43500,196840,9.152287,83600,83576.06
2025-07-09 09:25:00,ATM,PUT,407.35,407.35,397.65,400.5,56060,243460,10.49322,83600,83576.06
2025-07-09 09:25:00,ATM+1,CALL,405.6,413.25,401.05,410.7,24720,168900,9.188484,83700,83576.06
2025-07-09 09:25:00,ATM+1,PUT,456.15,456.25,445.5,450.25,16440,120920,10.538242,83700,83576.06
2025-07-09 09:25:00,ATM+2,CALL,356.4,365.2,354.85,362.25,6820,110380,9.188824,83800,83576.06
2025-07-09 09:25:00,ATM+2,PUT,508,509,498.25,501,11960,100200,10.526892,83800,83576.06
2025-07-09 09:25:00,ATM+3,CALL,313.75,321.7,311.55,320,11240,66740,9.241881,83900,83576.06
2025-07-09 09:25:00,ATM+3,PUT,564.9,564.95,553.85,557.1,2840,25040,10.559747,83900,83576.06
2025-07-09 09:25:00,ATM+4,CALL,274.5,281.3,271.55,277.8,30860,213920,9.206325,84000,83576.06
2025-07-09 09:25:00,ATM+4,PUT,623.85,625.2,614.1,616.6,8000,79920,10.59376,84000,83576.06
2025-07-09 09:25:00,ATM+5,CALL,239.4,244.55,236.2,241.75,5780,36340,9.22705,84100,83576.06
2025-07-09 09:25:00,ATM+5,PUT,690.55,690.55,677.2,683.3,300,7620,10.722822,84100,83576.06
2025-07-09 09:25:00,ATM+6,CALL,206.3,211.6,203.65,208.9,5720,58540,9.238009,84200,83576.06
2025-07-09 09:25:00,ATM+6,PUT,752.8,752.8,745.2,749.25,540,4440,10.761012,84200,83576.06
2025-07-09 09:25:00,ATM+7,CALL,177.25,181.7,175.35,179.85,3460,41660,9.258487,84300,83576.06
2025-07-09 09:25:00,ATM+7,PUT,824,824,822.55,822.55,100,3800,10.911549,84300,83576.06
2025-07-09 09:25:00,ATM+8,CALL,151.8,155.85,149.8,153.3,4900,38040,9.258526,84400,83576.06
2025-07-09 09:25:00,ATM+8,PUT,908.3,908.3,908.3,908.3,0,2620,11.154918,84400,83576.06
2025-07-09 09:25:00,ATM+9,CALL,130.2,133.2,127.55,131.4,17840,137240,9.305873,84500,83576.06
2025-07-09 09:25:00,ATM+9,PUT,970.15,974.9,969,972.9,140,31540,11.114531,84500,83576.06
2025-07-09 09:25:00,ATM+10,CALL,109.5,113.25,108.3,111.35,8800,50900,9.326671,84600,83576.06
2025-07-09 09:25:00,ATM+10,PUT,1046.95,1052.6,1046.95,1052.6,60,380,11.246218,84600,83576.06
2025-07-09 09:26:00,ATM-10,CALL,1150,1150,1150,1150,0,1020,7.82796,82600,83554.21
2025-07-09 09:26:00,ATM-10,PUT,105.5,112,105.5,109.8,6700,48940,10.766984,82600,83554.21
2025-07-09 09:26:00,ATM-9,CALL,1079.15,1079.15,1079.15,1079.15,0,1820,8.75107,82700,83554.21
2025-07-09 09:26:00,ATM-9,PUT,121.95,129,121.95,126.45,5860,34500,10.697639,82700,83554.21
2025-07-09 09:26:00,ATM-8,CALL,993.5,993.5,993.5,993.5,20,2600,9.068428,82800,83554.21
2025-07-09 09:26:00,ATM-8,PUT,140.6,148.6,140.6,145.85,3320,39000,10.648586,82800,83554.21
2025-07-09 09:26:00,ATM-7,CALL,927.45,927.45,927.45,927.45,0,2260,9.104602,82900,83554.21
2025-07-09 09:26:00,ATM-7,PUT,163.5,171.2,163.5,167.8,4280,29660,10.604987,82900,83554.21
2025-07-09 09:26:00,ATM-6,CALL,847.35,847.35,820.85,827.4,4300,45440,8.807373,83000,83554.21
2025-07-09 09:26:00,ATM-6,PUT,186.25,196.3,186,191.35,14400,159300,10.534746,83000,83554.21
2025-07-09 09:26:00,ATM-5,CALL,767.2,767.2,749.05,751,700,5100,8.758579,83100,83554.21
2025-07-09 09:26:00,ATM-5,PUT,214,225,213.95,221.4,9100,37520,10.566174,83100,83554.21
2025-07-09 09:26:00,ATM-4,CALL,700,700,680,684.4,660,10800,8.882677,83200,83554.21
2025-07-09 09:26:00,ATM-4,PUT,243.9,255.9,243.9,250.55,7320,51160,10.495406,83200,83554.21
2025-07-09 09:26:00,ATM-3,CALL,639.1,639.1,614.35,626.05,1660,37480,9.109105,83300,83554.21
2025-07-09 09:26:00,ATM-3,PUT,278,291.4,278,285.1,14580,228500,10.484016,83300,83554.21
2025-07-09 09:26:00,ATM-2,CALL,576.75,576.75,552.95,563.25,5400,44320,9.121233,83400,83554.21
2025-07-09 09:26:00,ATM-2,PUT,315.35,329.7,315.35,323.7,12760,79540,10.491439,83400,83554.21
2025-07-09 09:26:00,ATM-1,CALL,517.4,517.4,494.7,505.2,30220,268260,9.154174,83500,83554.21
2025-07-09 09:26:00,ATM-1,PUT,356,372.5,356,365,48500,338400,10.483001,83500,83554.21
2025-07-09 09:26:00,ATM,CALL,460.45,460.75,440.45,448.05,34440,196840,9.11654,83600,83554.21
2025-07-09 09:26:00,ATM,PUT,400.5,417.95,400,410.9,62580,243460,10.501825,83600,83554.21
2025-07-09 09:26:00,ATM+1,CALL,409.15,409.4,390.2,398.95,24280,168900,9.17314,83700,83554.21
2025-07-09 09:26:00,ATM+1,PUT,449.15,468,449.15,460.5,23660,120920,10.526008,83700,83554.21
2025-07-09 09:26:00,ATM+2,CALL,361.7,361.7,344,350.6,14200,110380,9.155789,83800,83554.21
2025-07-09 09:26:00,ATM+2,PUT,501.5,521.7,501.5,513.9,15000,100200,10.558187,83800,83554.21
2025-07-09 09:26:00,ATM+3,CALL,318.15,318.15,301.95,307.85,9060,66740,9.176898,83900,83554.21
2025-07-09 09:26:00,ATM+3,PUT,556.5,579.35,556.5,568.6,3440,25040,10.54151,83900,83554.21
2025-07-09 09:26:00,ATM+4,CALL,277.3,277.85,262.8,268.5,24580,213920,9.187709,84000,83554.21
2025-07-09 09:26:00,ATM+4,PUT,616.45,639.8,616.45,628.35,3840,79920,10.563833,84000,83554.21
2025-07-09 09:26:00,ATM+5,CALL,240.75,240.9,228.45,233.2,8460,36340,9.206356,84100,83554.21
2025-07-09 09:26:00,ATM+5,PUT,695.55,702.1,695.55,700,320,7620,10.795556,84100,83554.21
2025-07-09 09:26:00,ATM+6,CALL,208.5,208.85,197.1,201.2,10520,58540,9.218245,84200,83554.21
2025-07-09 09:26:00,ATM+6,PUT,766.2,772,758,763.85,580,4440,10.766584,84200,83554.21
2025-07-09 09:26:00,ATM+7,CALL,178.5,178.5,169.2,173.35,6420,41660,9.25029,84300,83554.21
2025-07-09 09:26:00,ATM+7,PUT,826.5,837.9,826.5,832.45,240,3800,10.779529,84300,83554.21
2025-07-09 09:26:00,ATM+8,CALL,153.15,153.25,144.45,147.35,7000,38040,9.245361,84400,83554.21
2025-07-09 09:26:00,ATM+8,PUT,913.4,913.4,913.4,913.4,20,2240,11.048704,84400,83554.21
2025-07-09 09:26:00,ATM+9,CALL,131.35,131.35,123.3,126.55,19280,137240,9.306291,84500,83554.21
2025-07-09 09:26:00,ATM+9,PUT,982.95,996.75,982.95,983.65,120,31540,10.961794,84500,83554.21
2025-07-09 09:26:00,ATM+10,CALL,111,111,104.75,106.6,7580,50900,9.310445,84600,83554.21
2025-07-09 09:26:00,ATM+10,PUT,1052.6,1052.6,1052.6,1052.6,0,380,11.246218,84600,83554.21
2025-07-09 09:27:00,ATM-10,CALL,1150,1150,1150,1150,0,1020,7.82796,82600,83552.25
2025-07-09 09:27:00,ATM-10,PUT,109.05,112.15,108.7,109.4,9260,53260,10.74106,82600,83552.25
2025-07-09 09:27:00,ATM-9,CALL,1079.15,1079.15,1079.15,1079.15,0,1820,8.75107,82700,83552.25
2025-07-09 09:27:00,ATM-9,PUT,125.75,129,125.3,126,5140,39260,10.670505,82700,83552.25
2025-07-09 09:27:00,ATM-8,CALL,974.7,974.7,974.7,974.7,20,2640,8.453861,82800,83552.25
2025-07-09 09:27:00,ATM-8,PUT,146.3,148.15,144.4,145.2,4120,53140,10.615607,82800,83552.25
2025-07-09 09:27:00,ATM-7,CALL,897.05,905.65,897.05,901.5,160,2740,8.736688,82900,83552.25
2025-07-09 09:27:00,ATM-7,PUT,166.95,170.5,166.4,166.95,2900,29800,10.566707,82900,83552.25
2025-07-09 09:27:00,ATM-6,CALL,824.55,831.25,823.45,831.25,4540,47320,8.967641,83000,83552.25
2025-07-09 09:27:00,ATM-6,PUT,190.95,195.85,190.95,191.8,16200,164900,10.533024,83000,83552.25
2025-07-09 09:27:00,ATM-5,CALL,751,751,751,751,0,5100,8.758579,83100,83552.25
2025-07-09 09:27:00,ATM-5,PUT,218.75,223.9,218.75,219.15,6840,40380,10.491959,83100,83552.25
2025-07-09 09:27:00,ATM-4,CALL,684.75,691.15,684.2,691.15,340,11280,9.095436,83200,83552.25
2025-07-09 09:27:00,ATM-4,PUT,250.15,255.65,250,252.25,4660,51160,10.522436,83200,83552.25
2025-07-09 09:27:00,ATM-3,CALL,625,625.45,619.1,623.5,1360,38720,9.078473,83300,83552.25
2025-07-09 09:27:00,ATM-3,PUT,285.45,290.15,285,286.95,9740,232640,10.512263,83300,83552.25
2025-07-09 09:27:00,ATM-2,CALL,558.45,565,556.95,561.65,1560,47380,9.112699,83400,83552.25
2025-07-09 09:27:00,ATM-2,PUT,323,329,322.6,325.4,10100,79540,10.513828,83400,83552.25
2025-07-09 09:27:00,ATM-1,CALL,504.35,507.15,498.7,502.45,21460,280240,9.117163,83500,83552.25
2025-07-09 09:27:00,ATM-1,PUT,363.9,371.55,363.9,368,35940,353920,10.533683,83500,83552.25
2025-07-09 09:27:00,ATM,CALL,449.2,450,442.35,447.65,24600,220140,9.132452,83600,83552.25
2025-07-09 09:27:00,ATM,PUT,409.1,415,407.7,409.15,33760,270400,10.441034,83600,83552.25
2025-07-09 09:27:00,ATM+1,CALL,398.95,400.3,393.3,395.95,11200,188780,9.127571,83700,83552.25
2025-07-09 09:27:00,ATM+1,PUT,458.7,466,458.25,458.9,15920,133680,10.467337,83700,83552.25
2025-07-09 09:27:00,ATM+2,CALL,350.7,353.25,347,350.45,9660,110380,9.173836,83800,83552.25
2025-07-09 09:27:00,ATM+2,PUT,512.15,519.05,510.4,511.25,6780,104660,10.473592,83800,83552.25
2025-07-09 09:27:00,ATM+3,CALL,308.6,309.65,304.05,306.3,5980,75340,9.160678,83900,83552.25
2025-07-09 09:27:00,ATM+3,PUT,568.25,577.35,568.25,568.9,3800,25040,10.523007,83900,83552.25
2025-07-09 09:27:00,ATM+4,CALL,270,270.65,265.15,267.75,11780,225760,9.188427,84000,83552.25
2025-07-09 09:27:00,ATM+4,PUT,629.35,637.75,628.35,629.55,3720,85700,10.564732,84000,83552.25
2025-07-09 09:27:00,ATM+5,CALL,234.1,235.2,230.15,232.4,4820,40540,9.204039,84100,83552.25
2025-07-09 09:27:00,ATM+5,PUT,690.8,701.45,690.8,692.7,240,7680,10.588772,84100,83552.25
2025-07-09 09:27:00,ATM+6,CALL,201.75,202,198.35,200.45,7180,61360,9.215285,84200,83552.25
2025-07-09 09:27:00,ATM+6,PUT,761.3,769,761.3,763.4,80,4460,10.723146,84200,83552.25
2025-07-09 09:27:00,ATM+7,CALL,172.3,174.3,170.3,172.2,3700,43060,9.234452,84300,83552.25
2025-07-09 09:27:00,ATM+7,PUT,838.3,838.3,838.3,838.3,100,3900,10.896563,84300,83552.25
2025-07-09 09:27:00,ATM+8,CALL,146.95,149,145.5,146.9,4000,50240,9.246946,84400,83552.25
2025-07-09 09:27:00,ATM+8,PUT,911.6,911.6,911.6,911.6,20,2280,10.962378,84400,83552.25
2025-07-09 09:27:00,ATM+9,CALL,126.25,127.3,124.3,126.25,14380,148620,9.310879,84500,83552.25
2025-07-09 09:27:00,ATM+9,PUT,983.65,983.65,983.65,983.65,0,31540,10.961794,84500,83552.25
2025-07-09 09:27:00,ATM+10,CALL,106.35,108,105.4,107.4,3320,56600,9.350493,84600,83552.25
2025-07-09 09:27:00,ATM+10,PUT,1052.6,1052.6,1052.6,1052.6,0,380,11.246218,84600,83552.25
2025-07-09 09:28:00,ATM-10,CALL,1225,1225,1225,1225,20,11640,8.133924,82500,83547.4
2025-07-09 09:28:00,ATM-10,PUT,94.1,96.4,93.55,93.65,20920,194660,10.742068,82500,83547.4
2025-07-09 09:28:00,ATM-9,CALL,1079.15,1079.15,1079.15,1079.15,0,1820,8.75107,82600,83547.4
2025-07-09 09:28:00,ATM-9,PUT,109.05,112.3,108.3,110,5700,53260,10.733021,82600,83547.4
2025-07-09 09:28:00,ATM-8,CALL,974.7,974.7,974.7,974.7,0,2640,8.453861,82700,83547.4
2025-07-09 09:28:00,ATM-8,PUT,125.3,129.3,124.65,125.25,3220,39260,10.614726,82700,83547.4
2025-07-09 09:28:00,ATM-7,CALL,983.95,983.95,965.5,975.85,120,2640,8.644174,82800,83547.4
2025-07-09 09:28:00,ATM-7,PUT,144.4,149.5,144,145,2120,53140,10.57707,82800,83547.4
2025-07-09 09:28:00,ATM-6,CALL,900,900,900,900,120,2740,8.814576,82900,83547.4
2025-07-09 09:28:00,ATM-6,PUT,166.7,172,166,168,1800,29800,10.563374,82900,83547.4
2025-07-09 09:28:00,ATM-5,CALL,826.4,831.25,815,820.7,3280,47320,8.764942,83000,83547.4
2025-07-09 09:28:00,ATM-5,PUT,191.55,197.3,190,191.95,14280,164900,10.501373,83000,83547.4
2025-07-09 09:28:00,ATM-4,CALL,751,751,743.7,746.6,340,5100,8.776986,83100,83547.4
2025-07-09 09:28:00,ATM-4,PUT,219.9,226.25,217.65,220,5220,40380,10.476528,83100,83547.4
2025-07-09 09:28:00,ATM-3,CALL,690,690,675,680.1,720,11280,8.895856,83200,83547.4
2025-07-09 09:28:00,ATM-3,PUT,251.85,257.5,249.1,250.85,7060,51160,10.447085,83200,83547.4
2025-07-09 09:28:00,ATM-2,CALL,623.9,627.55,610,618.65,2040,38720,9.037814,83300,83547.4
2025-07-09 09:28:00,ATM-2,PUT,285.75,293.45,283.7,285.85,15160,232640,10.442968,83300,83547.4
2025-07-09 09:28:00,ATM-1,CALL,564.75,565.5,547.7,554.9,3360,47380,9.023465,83400,83547.4
2025-07-09 09:28:00,ATM-1,PUT,323.6,331.45,321.5,323.45,11960,79540,10.422373,83400,83547.4
2025-07-09 09:28:00,ATM,CALL,503.75,507.15,490.3,498.6,30420,280240,9.093536,83500,83547.4
2025-07-09 09:28:00,ATM,PUT,366.15,374.8,362.1,366.05,63620,353920,10.44011,83500,83547.4
2025-07-09 09:28:00,ATM+1,CALL,447.6,450.35,435.05,443.25,24880,220140,9.092072,83600,83547.4
2025-07-09 09:28:00,ATM+1,PUT,409.2,419.65,407,410.3,46880,270400,10.416027,83600,83547.4
2025-07-09 09:28:00,ATM+2,CALL,395.9,400,385.2,393.45,18980,188780,9.126495,83700,83547.4
2025-07-09 09:28:00,ATM+2,PUT,461,470.35,455.65,459.3,19740,133680,10.421345,83700,83547.4
2025-07-09 09:28:00,ATM+3,CALL,349.6,352.8,340,346.9,12260,110380,9.144116,83800,83547.4
2025-07-09 09:28:00,ATM+3,PUT,510,524.4,508.15,512.25,7520,104660,10.43734,83800,83547.4
2025-07-09 09:28:00,ATM+4,CALL,306.85,309.35,297.2,303.9,9020,75340,9.152932,83900,83547.4
2025-07-09 09:28:00,ATM+4,PUT,565.4,580,565.4,570,3440,25040,10.484806,83900,83547.4
2025-07-09 09:28:00,ATM+5,CALL,267.9,270.4,258.2,263.2,21980,225760,9.124443,84000,83547.4
2025-07-09 09:28:00,ATM+5,PUT,626.9,642.1,626.4,631.7,5720,85700,10.546866,84000,83547.4
2025-07-09 09:28:00,ATM+6,CALL,232.35,234.6,224.3,227.65,8740,40540,9.12835,84100,83547.4
2025-07-09 09:28:00,ATM+6,PUT,692,706,692,701.45,460,7680,10.727065,84100,83547.4
2025-07-09 09:28:00,ATM+7,CALL,199.75,202.25,193.25,197.15,5320,61360,9.169345,84200,83547.4
2025-07-09 09:28:00,ATM+7,PUT,771.45,773.15,768.55,768.55,100,4460,10.771883,84200,83547.4
2025-07-09 09:28:00,ATM+8,CALL,172.45,173.6,165.75,169.75,4100,43060,9.204797,84300,83547.4
2025-07-09 09:28:00,ATM+8,PUT,911.6,911.6,911.6,911.6,0,2280,10.962378,84300,83547.4
2025-07-09 09:28:00,ATM+9,CALL,147.3,148.35,141.4,144.25,4820,50240,9.205025,84400,83547.4
2025-07-09 09:28:00,ATM+9,PUT,983.65,983.65,983.65,983.65,0,31540,10.961794,84400,83547.4
2025-07-09 09:28:00,ATM+10,CALL,125.6,126.65,120.45,123,12640,148620,9.242899,84500,83547.4
2025-07-09 09:28:00,ATM+10,PUT,984.3,990.05,984.3,990.05,40,31580,11.000076,84500,83547.4
2025-07-09 09:29:00,ATM-10,CALL,1225,1225,1225,1225,0,11640,8.133924,82600,83556.46
2025-07-09 09:29:00,ATM-10,PUT,108.2,110.35,106.55,108.6,5920,53260,10.739339,82600,83556.46
2025-07-09 09:29:00,ATM-9,CALL,1079.15,1079.15,1079.15,1079.15,0,1820,8.75107,82700,83556.46
2025-07-09 09:29:00,ATM-9,PUT,124.55,127.25,123.1,125.4,3600,39260,10.678629,82700,83556.46
2025-07-09 09:29:00,ATM-8,CALL,975.8,975.8,975.8,975.8,20,2640,8.365391,82800,83556.46
2025-07-09 09:29:00,ATM-8,PUT,144.45,146.9,142.3,144.55,3720,53140,10.624764,82800,83556.46
2025-07-09 09:29:00,ATM-7,CALL,975.85,975.85,975.85,975.85,0,2640,8.644174,82900,83556.46
2025-07-09 09:29:00,ATM-7,PUT,166.1,169.05,164.1,166.7,6220,29800,10.5902,82900,83556.46
2025-07-09 09:29:00,ATM-6,CALL,826.75,830.15,821.05,827.9,640,47320,8.773023,83000,83556.46
2025-07-09 09:29:00,ATM-6,PUT,191,194,188.4,191.2,13240,164900,10.548777,83000,83556.46
2025-07-09 09:29:00,ATM-5,CALL,755,757.9,751.2,757.9,140,5100,8.907391,83100,83556.46
2025-07-09 09:29:00,ATM-5,PUT,218.3,222.3,216.35,219.45,7060,40380,10.53393,83100,83556.46
2025-07-09 09:29:00,ATM-4,CALL,686.3,691.25,680.55,687.85,920,11280,8.934308,83200,83556.46
2025-07-09 09:29:00,ATM-4,PUT,249,253.2,246.8,250.95,6020,51160,10.525596,83200,83556.46
2025-07-09 09:29:00,ATM-3,CALL,620.65,625.85,616.25,621.65,720,38720,8.964747,83300,83556.46
2025-07-09 09:29:00,ATM-3,PUT,284.5,289.05,281.35,285.35,7440,232640,10.511298,83300,83556.46
2025-07-09 09:29:00,ATM-2,CALL,557.85,563.55,553.6,560.6,2020,47380,9.026228,83400,83556.46
2025-07-09 09:29:00,ATM-2,PUT,321.65,327,319,322.55,10560,79540,10.486511,83400,83556.46
2025-07-09 09:29:00,ATM-1,CALL,500,504.6,495.3,499.4,26420,280240,8.989887,83500,83556.46
2025-07-09 09:29:00,ATM-1,PUT,364.7,369.85,361.05,365.2,30480,353920,10.511397,83500,83556.46
2025-07-09 09:29:00,ATM,CALL,445,449.4,439,444.15,21060,220140,9.000638,83600,83556.46
2025-07-09 09:29:00,ATM,PUT,408.2,414.85,404.55,409.9,46420,270400,10.504028,83600,83556.46
2025-07-09 09:29:00,ATM+1,CALL,394.25,398.1,388.9,393.85,22520,188780,9.032412,83700,83556.46
2025-07-09 09:29:00,ATM+1,PUT,457,464.4,454.45,458.35,15160,133680,10.503598,83700,83556.46
2025-07-09 09:29:00,ATM+2,CALL,346.25,351.5,343.4,347.3,10060,110380,9.057887,83800,83556.46
2025-07-09 09:29:00,ATM+2,PUT,510,518.5,507.9,511.55,6800,104660,10.532849,83800,83556.46
2025-07-09 09:29:00,ATM+3,CALL,305,307.65,300.6,303.65,8620,75340,9.058541,83900,83556.46
2025-07-09 09:29:00,ATM+3,PUT,568.8,575.5,562.6,567.4,2360,25040,10.544362,83900,83556.46
2025-07-09 09:29:00,ATM+4,CALL,265,267.8,261.45,264.35,17900,225760,9.069621,84000,83556.46
2025-07-09 09:29:00,ATM+4,PUT,627.7,637.05,623.65,624.5,6620,85700,10.50573,84000,83556.46
2025-07-09 09:29:00,ATM+5,CALL,229.85,232,226.85,229.15,4480,40540,9.088637,84100,83556.46
2025-07-09 09:29:00,ATM+5,PUT,693.35,698,688.6,688.6,180,7680,10.554598,84100,83556.46
2025-07-09 09:29:00,ATM+6,CALL,197.85,200.45,195.15,197.35,5780,61360,9.102413,84200,83556.46
2025-07-09 09:29:00,ATM+6,PUT,762.95,768.55,755.45,756.5,100,4460,10.620891,84200,83556.46
2025-07-09 09:29:00,ATM+7,CALL,169.95,171.75,167.3,169,3880,43060,9.116486,84300,83556.46
2025-07-09 09:29:00,ATM+7,PUT,768.55,768.55,768.55,768.55,0,4460,10.771883,84300,83556.46
2025-07-09 09:29:00,ATM+8,CALL,145.65,145.9,142.7,143.6,5240,50240,9.122236,84400,83556.46
2025-07-09 09:29:00,ATM+8,PUT,902.2,905.65,902.2,905.65,120,2280,10.883708,84400,83556.46
2025-07-09 09:29:00,ATM+9,CALL,123.75,124.2,121,122,12980,148620,9.151246,84500,83556.46
2025-07-09 09:29:00,ATM+9,PUT,990.05,990.05,978.15,983.55,380,31580,11.007332,84500,83556.46
2025-07-09 09:29:00,ATM+10,CALL,104.9,105,102.35,103.2,5500,56600,9.183189,84600,83556.46
2025-07-09 09:29:00,ATM+10,PUT,990.05,990.05,990.05,990.05,0,31580,11.000076,84600,83556.46
2025-07-09 09:30:00,ATM-10,CALL,1215,1215,1215,1215,20,11620,8.068297,82500,83537.74
2025-07-09 09:30:00,ATM-10,PUT,92.8,94.75,91.2,93.7,14180,210280,10.687816,82500,83537.74
2025-07-09 09:30:00,ATM-9,CALL,1079.15,1079.15,1079.15,1079.15,0,1820,8.75107,82600,83537.74
2025-07-09 09:30:00,ATM-9,PUT,108.25,109.6,106,109.15,5220,58280,10.643886,82600,83537.74
2025-07-09 09:30:00,ATM-8,CALL,975.8,975.8,975.8,975.8,0,2640,8.365391,82700,83537.74
2025-07-09 09:30:00,ATM-8,PUT,124.7,126.65,122.1,125.65,9280,42060,10.566577,82700,83537.74
2025-07-09 09:30:00,ATM-7,CALL,975.85,975.85,975.85,975.85,0,2640,8.644174,82800,83537.74
2025-07-09 09:30:00,ATM-7,PUT,144,146.35,141.05,145.35,4780,55020,10.523435,82800,83537.74
2025-07-09 09:30:00,ATM-6,CALL,900,900,885,885,80,2700,8.579538,82900,83537.74
2025-07-09 09:30:00,ATM-6,PUT,165.3,168.5,162.85,167.65,9040,31300,10.48532,82900,83537.74
2025-07-09 09:30:00,ATM-5,CALL,824.3,829.1,809.75,810.6,3080,53340,8.686077,83000,83537.74
2025-07-09 09:30:00,ATM-5,PUT,190.7,194,187.25,192.55,12580,166220,10.446435,83000,83537.74
2025-07-09 09:30:00,ATM-4,CALL,756.65,756.65,735.75,741.85,700,5960,8.842562,83100,83537.74
2025-07-09 09:30:00,ATM-4,PUT,217.8,222.1,215,221.35,11600,42260,10.436428,83100,83537.74
2025-07-09 09:30:00,ATM-3,CALL,687.5,687.5,668,670.2,1420,11600,8.814117,83200,83537.74
2025-07-09 09:30:00,ATM-3,PUT,249.6,253.55,245.5,253.2,11420,60360,10.426274,83200,83537.74
2025-07-09 09:30:00,ATM-2,CALL,621.8,624.2,599,606.15,3040,38920,8.886103,83300,83537.74
2025-07-09 09:30:00,ATM-2,PUT,284.25,290,280.1,288.25,13540,232720,10.41646,83300,83537.74
2025-07-09 09:30:00,ATM-1,CALL,557.8,560.15,541.7,544.2,4860,48840,8.911318,83400,83537.74
2025-07-09 09:30:00,ATM-1,PUT,321.9,328.5,317.1,326.05,16340,88360,10.393671,83400,83537.74
2025-07-09 09:30:00,ATM,CALL,499.25,502,484,486.6,32400,306440,8.944814,83500,83537.74
2025-07-09 09:30:00,ATM,PUT,364,371.55,358.5,369.25,41160,369500,10.418166,83500,83537.74
2025-07-09 09:30:00,ATM+1,CALL,442.6,445.3,429,430,44660,236220,8.907807,83600,83537.74
2025-07-09 09:30:00,ATM+1,PUT,408.9,416.7,402.95,415.25,58300,282720,10.426862,83600,83537.74
2025-07-09 09:30:00,ATM+2,CALL,393,394.6,379.75,380.85,35600,198420,8.948951,83700,83537.74
2025-07-09 09:30:00,ATM+2,PUT,458,467.5,453,466.25,20200,136540,10.470248,83700,83537.74
2025-07-09 09:30:00,ATM+3,CALL,346.05,349.05,333.5,334.2,12160,122640,8.954233,83800,83537.74
2025-07-09 09:30:00,ATM+3,PUT,510.75,521,505.2,520.2,7120,103840,10.501733,83800,83537.74
2025-07-09 09:30:00,ATM+4,CALL,302.9,305.35,291,292.8,16060,80320,8.988517,83900,83537.74
2025-07-09 09:30:00,ATM+4,PUT,566.4,578.9,561.4,575.95,2600,25180,10.495618,83900,83537.74
2025-07-09 09:30:00,ATM+5,CALL,264.15,264.8,252.75,254,32320,238060,8.992288,84000,83537.74
2025-07-09 09:30:00,ATM+5,PUT,630.15,640.25,623,638,2820,85640,10.558557,84000,83537.74
2025-07-09 09:30:00,ATM+6,CALL,228.4,229.6,218.7,219.65,11800,44600,9.012233,84100,83537.74
2025-07-09 09:30:00,ATM+6,PUT,691.3,705,691.3,703.15,320,7360,10.619671,84100,83537.74
2025-07-09 09:30:00,ATM+7,CALL,196.65,197.8,187.75,188.45,16580,67860,9.020571,84200,83537.74
2025-07-09 09:30:00,ATM+7,PUT,758.6,771.85,758.6,771,220,4860,10.672308,84200,83537.74
2025-07-09 09:30:00,ATM+8,CALL,168.1,169.5,160.75,161,10040,42620,9.037303,84300,83537.74
2025-07-09 09:30:00,ATM+8,PUT,838.3,838.3,838.3,838.3,40,4060,10.634167,84300,83537.74
2025-07-09 09:30:00,ATM+9,CALL,143.75,144.3,136.55,137.15,14480,53560,9.06583,84400,83537.74
2025-07-09 09:30:00,ATM+9,PUT,983.55,983.55,983.55,983.55,0,31580,11.007332,84400,83537.74
2025-07-09 09:30:00,ATM+10,CALL,122.1,122.6,116,116.5,21640,157900,9.103387,84500,83537.74
2025-07-09 09:30:00,ATM+10,PUT,995.9,998.2,993.45,998.2,120,31620,11.027359,84500,83537.74
2025-07-09 09:31:00,ATM-10,CALL,1215,1215,1215,1215,0,11620,8.068297,82600,83556.65
2025-07-09 09:31:00,ATM-10,PUT,109.95,111,106.4,106.4,6940,58280,10.662183,82600,83556.65
2025-07-09 09:31:00,ATM-9,CALL,1079.15,1079.15,1079.15,1079.15,0,1820,8.75107,82700,83556.65
2025-07-09 09:31:00,ATM-9,PUT,126.35,127.65,122.3,122.3,8320,42060,10.576973,82700,83556.65
2025-07-09 09:31:00,ATM-8,CALL,989,989,989,989,20,2660,8.843935,82800,83556.65
2025-07-09 09:31:00,ATM-8,PUT,146.2,147.75,141.3,141.3,3700,55020,10.525374,82800,83556.65
2025-07-09 09:31:00,ATM-7,CALL,975.85,975.85,975.85,975.85,0,2640,8.644174,82900,83556.65
2025-07-09 09:31:00,ATM-7,PUT,168.05,170.1,161.95,161.95,4620,31300,10.452944,82900,83556.65
2025-07-09 09:31:00,ATM-6,CALL,805,831,804,831,2820,53340,8.863341,83000,83556.65
2025-07-09 09:31:00,ATM-6,PUT,193.95,195.95,186.35,186.35,15540,166220,10.416457,83000,83556.65
2025-07-09 09:31:00,ATM-5,CALL,735.7,762.2,731.5,760.5,820,5960,8.977411,83100,83556.65
2025-07-09 09:31:00,ATM-5,PUT,222.45,223.75,213.65,213.65,10660,42260,10.383126,83100,83556.65
2025-07-09 09:31:00,ATM-4,CALL,669.05,686.25,663.65,686.25,1620,11600,8.890417,83200,83556.65
2025-07-09 09:31:00,ATM-4,PUT,254.6,256,244.2,244.2,9200,60360,10.357204,83200,83556.65
2025-07-09 09:31:00,ATM-3,CALL,601.55,624.55,598,624.4,1980,38920,9.031777,83300,83556.65
2025-07-09 09:31:00,ATM-3,PUT,288.1,291.25,279.8,279.8,13100,232720,10.378236,83300,83556.65
2025-07-09 09:31:00,ATM-2,CALL,541.7,566.4,536.6,566.4,3940,48840,9.164273,83400,83556.65
2025-07-09 09:31:00,ATM-2,PUT,328,330.25,315.9,315.9,16740,88360,10.331022,83400,83556.65
2025-07-09 09:31:00,ATM-1,CALL,484.95,503.95,479.75,503.95,42820,306440,9.095317,83500,83556.65
2025-07-09 09:31:00,ATM-1,PUT,371,374.4,357.15,357.85,66340,369500,10.342817,83500,83556.65
2025-07-09 09:31:00,ATM,CALL,428.9,448.95,425,447.35,42020,236220,9.073439,83600,83556.65
2025-07-09 09:31:00,ATM,PUT,417.85,420,400.55,400.55,68180,282720,10.291554,83600,83556.65
2025-07-09 09:31:00,ATM+1,CALL,378.15,397.25,375.6,396.9,21480,198420,9.101518,83700,83556.65
2025-07-09 09:31:00,ATM+1,PUT,466.65,470,450.9,450.9,18820,136540,10.335758,83700,83556.65
2025-07-09 09:31:00,ATM+2,CALL,333.7,350.6,330,350.1,12100,122640,9.121689,83800,83556.65
2025-07-09 09:31:00,ATM+2,PUT,520.6,524.9,503.6,503.6,13160,103840,10.35309,83800,83556.65
2025-07-09 09:31:00,ATM+3,CALL,292,306.2,287.65,306.2,14240,80320,9.117568,83900,83556.65
2025-07-09 09:31:00,ATM+3,PUT,577.8,581.85,560,560,5000,25180,10.375552,83900,83556.65
2025-07-09 09:31:00,ATM+4,CALL,252.5,267.7,249.65,267.7,29820,238060,9.149378,84000,83556.65
2025-07-09 09:31:00,ATM+4,PUT,641,644.85,619.8,619.8,6020,85640,10.397827,84000,83556.65
2025-07-09 09:31:00,ATM+5,CALL,218.4,231.35,215.5,231.35,7720,44600,9.142794,84100,83556.65
2025-07-09 09:31:00,ATM+5,PUT,708.25,708.25,689.85,689.85,300,7360,10.588535,84100,83556.65
2025-07-09 09:31:00,ATM+6,CALL,187.95,199,185,199,13600,67860,9.144869,84200,83556.65
2025-07-09 09:31:00,ATM+6,PUT,773.9,779.95,767.85,767.85,260,4860,10.908418,84200,83556.65
2025-07-09 09:31:00,ATM+7,CALL,160.05,170.85,158.2,170.85,13920,42620,9.166819,84300,83556.65
2025-07-09 09:31:00,ATM+7,PUT,771,771,771,771,0,4860,10.672308,84300,83556.65
2025-07-09 09:31:00,ATM+8,CALL,136.6,145.65,134.55,145.65,8780,53560,9.181739,84400,83556.65
2025-07-09 09:31:00,ATM+8,PUT,917.7,917.7,917.7,917.7,20,2300,11.212789,84400,83556.65
2025-07-09 09:31:00,ATM+9,CALL,115.95,124.8,114.45,124.8,27340,157900,9.238542,84500,83556.65
2025-07-09 09:31:00,ATM+9,PUT,1006.45,1006.45,988,988,720,31620,11.137848,84500,83556.65
2025-07-09 09:31:00,ATM+10,CALL,98.25,105.4,96.75,105.4,11500,60260,9.257528,84600,83556.65
2025-07-09 09:31:00,ATM+10,PUT,1060,1060,1060,1060,20,380,11.027365,84600,83556.65
2025-07-09 09:32:00,ATM-10,CALL,1245,1245,1230,1230,40,11620,8.956346,82500,83535.52
2025-07-09 09:32:00,ATM-10,PUT,91.45,97.35,89.5,95.3,89740,210280,10.737365,82500,83535.52
2025-07-09 09:32:00,ATM-9,CALL,1079.15,1079.15,1079.15,1079.15,0,1820,8.75107,82600,83535.52
2025-07-09 09:32:00,ATM-9,PUT,105,112.1,103.5,110.25,16280,58280,10.670289,82600,83535.52
2025-07-09 09:32:00,ATM-8,CALL,989,989,989,989,0,2660,8.843935,82700,83535.52
2025-07-09 09:32:00,ATM-8,PUT,121.65,129.05,119.5,127.05,11980,42060,10.599532,82700,83535.52
2025-07-09 09:32:00,ATM-7,CALL,998.1,999.85,975.95,975.95,100,2660,8.995883,82800,83535.52
2025-07-09 09:32:00,ATM-7,PUT,140,148.5,138.3,145.7,6920,55020,10.520151,82800,83535.52
2025-07-09 09:32:00,ATM-6,CALL,920.65,920.65,911.55,911.55,120,2700,9.474532,82900,83535.52
2025-07-09 09:32:00,ATM-6,PUT,161.5,170.55,158.5,167.3,5980,31300,10.460241,82900,83535.52
2025-07-09 09:32:00,ATM-5,CALL,836,845,827.2,827.2,2500,53340,9.224316,83000,83535.52
2025-07-09 09:32:00,ATM-5,PUT,184.25,195.95,182.55,192.55,21920,166220,10.430679,83000,83535.52
2025-07-09 09:32:00,ATM-4,CALL,765.95,771.35,764.3,771.25,220,5960,9.685302,83100,83535.52
2025-07-09 09:32:00,ATM-4,PUT,212.5,223.7,209.45,221.2,11020,42260,10.415789,83100,83535.52
2025-07-09 09:32:00,ATM-3,CALL,694,701.25,674.25,674.45,980,11600,8.96601,83200,83535.52
2025-07-09 09:32:00,ATM-3,PUT,241.25,255,239.4,252,14100,60360,10.37835,83200,83535.52
2025-07-09 09:32:00,ATM-2,CALL,629.85,635,610.15,613.95,2980,38920,9.11665,83300,83535.52
2025-07-09 09:32:00,ATM-2,PUT,276.95,290,272.75,287.1,19080,232720,10.369602,83300,83535.52
2025-07-09 09:32:00,ATM-1,CALL,563.05,572.8,547.65,552.9,9740,48840,9.153404,83400,83535.52
2025-07-09 09:32:00,ATM-1,PUT,312.6,327.85,309.6,325.1,14900,88360,10.350998,83400,83535.52
2025-07-09 09:32:00,ATM,CALL,507.75,512.75,488.25,493.9,49420,306440,9.146381,83500,83535.52
2025-07-09 09:32:00,ATM,PUT,355,370.45,350.35,366.85,73840,369500,10.340783,83500,83535.52
2025-07-09 09:32:00,ATM+1,CALL,451,459,434.4,439.6,40960,236220,9.157488,83600,83535.52
2025-07-09 09:32:00,ATM+1,PUT,397.85,415.45,393.25,412,64400,282720,10.328955,83600,83535.52
2025-07-09 09:32:00,ATM+2,CALL,399.2,404.7,384.75,389.35,29820,198420,9.170421,83700,83535.52
2025-07-09 09:32:00,ATM+2,PUT,449,466.95,443.1,462.4,21640,136540,10.357062,83700,83535.52
2025-07-09 09:32:00,ATM+3,CALL,351.6,357.15,338.55,342.85,22080,122640,9.178527,83800,83535.52
2025-07-09 09:32:00,ATM+3,PUT,497.9,519.7,495.55,517.15,14180,103840,10.404638,83800,83535.52
2025-07-09 09:32:00,ATM+4,CALL,307.35,312.2,296.15,300,13740,80320,9.180424,83900,83535.52
2025-07-09 09:32:00,ATM+4,PUT,557.15,577.1,550.35,572.6,3720,25180,10.388484,83900,83535.52
2025-07-09 09:32:00,ATM+5,CALL,266.55,272,257.85,261.3,29720,238060,9.189646,84000,83535.52
2025-07-09 09:32:00,ATM+5,PUT,615.05,638.2,608.45,633.6,5200,85640,10.422513,84000,83535.52
2025-07-09 09:32:00,ATM+6,CALL,232.9,235.85,223.3,226.55,7720,44600,9.204749,84100,83535.52
2025-07-09 09:32:00,ATM+6,PUT,683.25,703.6,676.5,702.8,420,7360,10.577193,84100,83535.52
2025-07-09 09:32:00,ATM+7,CALL,200.6,203,193,195.05,11640,67860,9.21217,84200,83535.52
2025-07-09 09:32:00,ATM+7,PUT,744.3,773.6,741.9,773.6,420,4860,10.701089,84200,83535.52
2025-07-09 09:32:00,ATM+8,CALL,172.5,174.4,165.45,167.5,9100,42620,9.234882,84300,83535.52
2025-07-09 09:32:00,ATM+8,PUT,815,840,813.1,840,180,4060,10.638611,84300,83535.52
2025-07-09 09:32:00,ATM+9,CALL,146.95,148.95,141.35,143.15,8080,53560,9.259616,84400,83535.52
2025-07-09 09:32:00,ATM+9,PUT,988,988,988,988,0,31620,11.137848,84400,83535.52
2025-07-09 09:32:00,ATM+10,CALL,124.2,127.6,120.65,122.35,31180,157900,9.304769,84500,83535.52
2025-07-09 09:32:00,ATM+10,PUT,965,996,965,996,320,31620,10.916826,84500,83535.52
2025-07-09 09:33:00,ATM-10,CALL,1227.9,1227.9,1219.05,1221.45,100,11640,8.85241,82500,83528.35
2025-07-09 09:33:00,ATM-10,PUT,94.7,96,94.1,94.95,7000,226920,10.681761,82500,83528.35
2025-07-09 09:33:00,ATM-9,CALL,1079.15,1079.15,1079.15,1079.15,0,1820,8.75107,82600,83528.35
2025-07-09 09:33:00,ATM-9,PUT,109.25,110.85,108.95,109.7,3840,60440,10.606728,82600,83528.35
2025-07-09 09:33:00,ATM-8,CALL,1061.85,1061.85,1045.45,1045.45,60,1840,8.728309,82700,83528.35
2025-07-09 09:33:00,ATM-8,PUT,126.9,127.85,125.25,126.25,4880,48640,10.527052,82700,83528.35
2025-07-09 09:33:00,ATM-7,CALL,975.95,975.95,975.95,975.95,0,2660,8.995883,82800,83528.35
2025-07-09 09:33:00,ATM-7,PUT,144.55,147.2,144.55,146.35,2640,56640,10.491945,82800,83528.35
2025-07-09 09:33:00,ATM-6,CALL,895.05,914.1,890,890,1080,2740,8.980786,82900,83528.35
2025-07-09 09:33:00,ATM-6,PUT,166.85,169.35,166,167.35,2960,38600,10.410972,82900,83528.35
2025-07-09 09:33:00,ATM-5,CALL,823.05,823.05,812,812,660,56080,8.940664,83000,83528.35
2025-07-09 09:33:00,ATM-5,PUT,191.95,194.55,190.55,192.8,13240,170280,10.38407,83000,83528.35
2025-07-09 09:33:00,ATM-4,CALL,750.6,750.6,740,740,440,6740,8.981035,83100,83528.35
2025-07-09 09:33:00,ATM-4,PUT,220,222.75,217.8,221.5,6700,47160,10.36711,83100,83528.35
2025-07-09 09:33:00,ATM-3,CALL,681.85,681.85,673.2,676.2,440,12800,9.139104,83200,83528.35
2025-07-09 09:33:00,ATM-3,PUT,249.1,254.6,248.55,251.6,6380,66220,10.308465,83200,83528.35
2025-07-09 09:33:00,ATM-2,CALL,617.45,617.45,608.45,609.75,700,41000,9.128576,83300,83528.35
2025-07-09 09:33:00,ATM-2,PUT,284.95,289.15,283.45,286.2,7840,237880,10.284204,83300,83528.35
2025-07-09 09:33:00,ATM-1,CALL,554.5,554.8,545,547.4,3140,52860,9.127396,83400,83528.35
2025-07-09 09:33:00,ATM-1,PUT,323,327.7,321.15,327,14800,96640,10.328303,83400,83528.35
2025-07-09 09:33:00,ATM,CALL,496.1,497.4,487,487.5,18920,320800,9.0935,83500,83528.35
2025-07-09 09:33:00,ATM,PUT,365,370.6,363.35,370,31980,378980,10.341778,83500,83528.35
2025-07-09 09:33:00,ATM+1,CALL,440.5,442.6,432.6,435.15,20100,252920,9.143606,83600,83528.35
2025-07-09 09:33:00,ATM+1,PUT,410.8,415.5,407.8,412.55,33000,297000,10.264378,83600,83528.35
2025-07-09 09:33:00,ATM+2,CALL,391.55,391.55,382,385.8,14060,217420,9.170675,83700,83528.35
2025-07-09 09:33:00,ATM+2,PUT,459.85,466.1,457.8,464.55,9700,143720,10.323532,83700,83528.35
2025-07-09 09:33:00,ATM+3,CALL,345.15,345.15,336.15,337.8,8380,132920,9.13755,83800,83528.35
2025-07-09 09:33:00,ATM+3,PUT,513.6,521,510.55,516.3,6940,104240,10.29594,83800,83528.35
2025-07-09 09:33:00,ATM+4,CALL,301.85,302.1,294.35,295.35,7240,89620,9.141542,83900,83528.35
2025-07-09 09:33:00,ATM+4,PUT,570.1,577.65,568.4,575.3,2080,25180,10.355484,83900,83528.35
2025-07-09 09:33:00,ATM+5,CALL,261.95,263.15,255.6,258.2,16220,244460,9.180522,84000,83528.35
2025-07-09 09:33:00,ATM+5,PUT,630.4,640,627.7,634.85,5200,85340,10.348437,84000,83528.35
2025-07-09 09:33:00,ATM+6,CALL,227.5,227.5,221.1,222.3,5700,49460,9.159871,84100,83528.35
2025-07-09 09:33:00,ATM+6,PUT,694.35,694.35,694.35,694.35,140,7360,10.257457,84100,83528.35
2025-07-09 09:33:00,ATM+7,CALL,195.9,196.75,190.9,192.65,7040,72720,9.207039,84200,83528.35
2025-07-09 09:33:00,ATM+7,PUT,764.7,774,764.7,768.7,280,4860,10.455343,84200,83528.35
2025-07-09 09:33:00,ATM+8,CALL,168.75,168.75,163.4,164.9,2700,47620,9.217321,84300,83528.35
2025-07-09 09:33:00,ATM+8,PUT,836.9,836.9,836.9,836.9,40,4060,10.423664,84300,83528.35
2025-07-09 09:33:00,ATM+9,CALL,144.8,144.8,139.75,140.85,5700,58080,9.243169,84400,83528.35
2025-07-09 09:33:00,ATM+9,PUT,921.6,921.6,921.6,921.6,20,2340,10.764912,84400,83528.35
2025-07-09 09:33:00,ATM+10,CALL,123.5,123.5,119.15,120.15,10300,168260,9.283825,84500,83528.35
2025-07-09 09:33:00,ATM+10,PUT,997.95,1000.8,997.95,1000.8,520,31780,10.900009,84500,83528.35
2025-07-09 09:34:00,ATM-10,CALL,1133.95,1133.95,1133.95,1133.95,20,1200,7.895884,82600,83551.49
2025-07-09 09:34:00,ATM-10,PUT,109.55,110.3,105.75,105.95,10600,60440,10.615687,82600,83551.49
2025-07-09 09:34:00,ATM-9,CALL,1055,1055,1055,1055,20,1840,8.313504,82700,83551.49
2025-07-09 09:34:00,ATM-9,PUT,126.55,127.05,121.75,122,3140,48640,10.535234,82700,83551.49
2025-07-09 09:34:00,ATM-8,CALL,975.35,984.25,975.35,984,60,2680,8.820511,82800,83551.49
2025-07-09 09:34:00,ATM-8,PUT,145.9,146.7,140.2,140.85,1980,56640,10.478,82800,83551.49
2025-07-09 09:34:00,ATM-7,CALL,890,890,890,890,20,2740,8.382238,82900,83551.49
2025-07-09 09:34:00,ATM-7,PUT,167.9,168.15,161.1,161.3,2760,38600,10.398794,82900,83551.49
2025-07-09 09:34:00,ATM-6,CALL,815,835,813.25,835,3000,56080,9.101443,83000,83551.49
2025-07-09 09:34:00,ATM-6,PUT,193.1,193.1,185.1,185.7,15760,170280,10.361422,83000,83551.49
2025-07-09 09:34:00,ATM-5,CALL,812,812,812,812,0,56080,8.940664,83100,83551.49
2025-07-09 09:34:00,ATM-5,PUT,220.35,221.05,212.1,212.25,5600,47160,10.306985,83100,83551.49
2025-07-09 09:34:00,ATM-4,CALL,679.8,694.45,676.9,694.45,440,12800,9.200449,83200,83551.49
2025-07-09 09:34:00,ATM-4,PUT,251.45,252.95,242.2,242.2,5560,66220,10.265044,83200,83551.49
2025-07-09 09:34:00,ATM-3,CALL,609.85,626.75,608.95,626.75,840,41000,9.177002,83300,83551.49
2025-07-09 09:34:00,ATM-3,PUT,287.85,288,276.55,276.55,6160,237880,10.25465,83300,83551.49
2025-07-09 09:34:00,ATM-2,CALL,547.85,566,547.85,564.1,3740,52860,9.187937,83400,83551.49
2025-07-09 09:34:00,ATM-2,PUT,325.45,326.15,313.6,313.6,9220,96640,10.22932,83400,83551.49
2025-07-09 09:34:00,ATM-1,CALL,490.05,505.9,489.35,505.9,29840,320800,9.213229,83500,83551.49
2025-07-09 09:34:00,ATM-1,PUT,367.9,369.1,354.5,354.5,66540,378980,10.214498,83500,83551.49
2025-07-09 09:34:00,ATM,CALL,434.1,450,434.1,450,21400,252920,9.201001,83600,83551.49
2025-07-09 09:34:00,ATM,PUT,413.65,413.9,399,399.9,32100,297000,10.222783,83600,83551.49
2025-07-09 09:34:00,ATM+1,CALL,384.25,399,384.25,399,15920,217420,9.211049,83700,83551.49
2025-07-09 09:34:00,ATM+1,PUT,464.65,464.65,447.65,450.05,14460,143720,10.258477,83700,83551.49
2025-07-09 09:34:00,ATM+2,CALL,338.1,350.45,337.95,350.35,11180,132920,9.184341,83800,83551.49
2025-07-09 09:34:00,ATM+2,PUT,517,518,501.3,501.3,7560,104240,10.237928,83800,83551.49
2025-07-09 09:34:00,ATM+3,CALL,295.5,307.2,295.05,307.2,9500,89620,9.193868,83900,83551.49
2025-07-09 09:34:00,ATM+3,PUT,574.85,575,557.2,557.4,4700,25180,10.247848,83900,83551.49
2025-07-09 09:34:00,ATM+4,CALL,257.2,269,257.2,269,26340,244460,9.229948,84000,83551.49
2025-07-09 09:34:00,ATM+4,PUT,635,636.45,616.95,620.25,3360,85340,10.33583,84000,83551.49
2025-07-09 09:34:00,ATM+5,CALL,222.6,233.35,222.6,232.9,4900,49460,9.227491,84100,83551.49
2025-07-09 09:34:00,ATM+5,PUT,692,692,682.25,682.25,180,7480,10.32498,84100,83551.49
2025-07-09 09:34:00,ATM+6,CALL,191.75,201.25,191.75,201.25,9120,72720,9.246589,84200,83551.49
2025-07-09 09:34:00,ATM+6,PUT,768.5,768.5,768.5,768.5,40,4860,10.840536,84200,83551.49
2025-07-09 09:34:00,ATM+7,CALL,165.1,172.95,165.1,172.95,2580,47620,9.265099,84300,83551.49
2025-07-09 09:34:00,ATM+7,PUT,768.7,768.7,768.7,768.7,0,4860,10.455343,84300,83551.49
2025-07-09 09:34:00,ATM+8,CALL,140.6,147.55,140.6,147.15,4300,58080,9.26402,84400,83551.49
2025-07-09 09:34:00,ATM+8,PUT,909.8,909.8,909.8,909.8,20,2340,10.90081,84400,83551.49
2025-07-09 09:34:00,ATM+9,CALL,120,126.1,120,126.1,8760,168260,9.315733,84500,83551.49
2025-07-09 09:34:00,ATM+9,PUT,1000.35,1000.35,976.55,976.55,160,31780,10.702195,84500,83551.49
2025-07-09 09:34:00,ATM+10,CALL,101.75,107.5,101.75,107.5,5180,61340,9.363079,84600,83551.49
2025-07-09 09:34:00,ATM+10,PUT,1000.8,1000.8,1000.8,1000.8,0,31780,10.900009,84600,83551.49
2025-07-09 09:35:00,ATM-10,CALL,1133.95,1133.95,1133.95,1133.95,0,1200,7.895884,82600,83570.04
2025-07-09 09:35:00,ATM-10,PUT,106.7,106.95,101.9,105.45,7640,60440,10.711757,82600,83570.04
2025-07-09 09:35:00,ATM-9,CALL,1081.35,1081.35,1081.35,1081.35,100,1840,8.743858,82700,83570.04
2025-07-09 09:35:00,ATM-9,PUT,122.45,122.7,117.4,121.9,5980,48640,10.651182,82700,83570.04
2025-07-09 09:35:00,ATM-8,CALL,987.85,1010.6,987.85,994.9,260,2680,8.658526,82800,83570.04
2025-07-09 09:35:00,ATM-8,PUT,141.15,141.15,135.05,141,5740,56640,10.607707,82800,83570.04
2025-07-09 09:35:00,ATM-7,CALL,913.5,913.5,913.5,913.5,60,2740,8.668252,82900,83570.04
2025-07-09 09:35:00,ATM-7,PUT,162.7,162.75,155.55,161.8,7200,38600,10.544649,82900,83570.04
2025-07-09 09:35:00,ATM-6,CALL,831.95,854,831.2,840,3260,56080,8.82739,83000,83570.04
2025-07-09 09:35:00,ATM-6,PUT,185.4,186.85,178.25,185.65,25780,170280,10.497967,83000,83570.04
2025-07-09 09:35:00,ATM-5,CALL,766.8,780,761.05,761.05,1200,6740,8.719477,83100,83570.04
2025-07-09 09:35:00,ATM-5,PUT,213.75,214.15,204.9,213.05,13540,47160,10.473679,83100,83570.04
2025-07-09 09:35:00,ATM-4,CALL,695,709.2,694.9,695.25,2000,12800,8.883305,83200,83570.04
2025-07-09 09:35:00,ATM-4,PUT,244.15,244.65,234.95,243.65,9900,66220,10.455696,83200,83570.04
2025-07-09 09:35:00,ATM-3,CALL,630.9,642.1,628.3,628.5,4320,41000,8.915166,83300,83570.04
2025-07-09 09:35:00,ATM-3,PUT,278.5,278.85,268.55,277.7,9380,237880,10.445936,83300,83570.04
2025-07-09 09:35:00,ATM-2,CALL,565.6,581.3,563.35,566,11320,52860,8.956324,83400,83570.04
2025-07-09 09:35:00,ATM-2,PUT,315.75,315.75,303.9,315,20340,96640,10.436004,83400,83570.04
2025-07-09 09:35:00,ATM-1,CALL,503.5,521.4,503.5,506,81400,320800,8.962454,83500,83570.04
2025-07-09 09:35:00,ATM-1,PUT,357.6,357.75,344.9,355.1,75680,378980,10.413172,83500,83570.04
2025-07-09 09:35:00,ATM,CALL,448.55,461.9,448.15,448.25,54940,252920,8.928475,83600,83570.04
2025-07-09 09:35:00,ATM,PUT,401.45,402,388.9,400.75,53440,297000,10.439695,83600,83570.04
2025-07-09 09:35:00,ATM+1,CALL,396.45,410.25,396.45,398.15,35200,217420,8.977876,83700,83570.04
2025-07-09 09:35:00,ATM+1,PUT,450.55,450.8,437.4,449,24280,143720,10.445752,83700,83570.04
2025-07-09 09:35:00,ATM+2,CALL,349.15,362.55,349.15,351,24940,132920,9.001827,83800,83570.04
2025-07-09 09:35:00,ATM+2,PUT,503.3,504.2,487.9,501.45,14940,104240,10.468342,83800,83570.04
2025-07-09 09:35:00,ATM+3,CALL,306.5,317.25,306.2,307.85,13940,89620,9.025839,83900,83570.04
2025-07-09 09:35:00,ATM+3,PUT,559.4,560.15,544.9,558.45,4600,25180,10.516583,83900,83570.04
2025-07-09 09:35:00,ATM+4,CALL,267.6,279.15,267.35,267.85,54760,244460,9.03186,84000,83570.04
2025-07-09 09:35:00,ATM+4,PUT,620,620.55,603.15,618.85,5560,85340,10.566145,84000,83570.04
2025-07-09 09:35:00,ATM+5,CALL,234,241.65,231.9,232.35,7180,49460,9.05456,84100,83570.04
2025-07-09 09:35:00,ATM+5,PUT,680,684.1,666.6,683.9,320,7480,10.649954,84100,83570.04
2025-07-09 09:35:00,ATM+6,CALL,200,209.3,199.75,200.8,13080,72720,9.08563,84200,83570.04
2025-07-09 09:35:00,ATM+6,PUT,748,748.95,732.75,748.95,200,4860,10.658509,84200,83570.04
2025-07-09 09:35:00,ATM+7,CALL,171.75,179.75,171.5,171.6,4680,47620,9.088044,84300,83570.04
2025-07-09 09:35:00,ATM+7,PUT,814.15,842.15,807.85,842.15,800,4020,11.311794,84300,83570.04
2025-07-09 09:35:00,ATM+8,CALL,146.9,154,146.8,147.3,6180,58080,9.136088,84400,83570.04
2025-07-09 09:35:00,ATM+8,PUT,885.9,895.45,885.9,895.45,160,2340,10.872786,84400,83570.04
2025-07-09 09:35:00,ATM+9,CALL,125.4,131.3,125.2,125.75,15500,168260,9.179726,84500,83570.04
2025-07-09 09:35:00,ATM+9,PUT,965,973.55,958,971.1,620,31780,10.94179,84500,83570.04
2025-07-09 09:35:00,ATM+10,CALL,106.3,111.7,106.3,106.35,6840,61340,9.205888,84600,83570.04
2025-07-09 09:35:00,ATM+10,PUT,1057.8,1057.8,1057.8,1057.8,20,380,11.267272,84600,83570.04
2025-07-09 09:36:00,ATM-10,CALL,1133.95,1133.95,1133.95,1133.95,0,1200,7.895884,82600,83557.68
2025-07-09 09:36:00,ATM-10,PUT,105,106,102.2,104.05,5420,63560,10.585613,82600,83557.68
2025-07-09 09:36:00,ATM-9,CALL,1081.35,1081.35,1081.35,1081.35,0,1840,8.743858,82700,83557.68
2025-07-09 09:36:00,ATM-9,PUT,121.3,122.65,118.05,119.85,2380,50820,10.50333,82700,83557.68
2025-07-09 09:36:00,ATM-8,CALL,994.9,994.9,994.9,994.9,0,2680,8.658526,82800,83557.68
2025-07-09 09:36:00,ATM-8,PUT,139.95,141.05,136.3,138.25,4940,57780,10.438695,82800,83557.68
2025-07-09 09:36:00,ATM-7,CALL,925.95,925.95,916.85,916.85,120,3760,9.100725,82900,83557.68
2025-07-09 09:36:00,ATM-7,PUT,161.1,161.3,156.8,158.95,3680,42780,10.373889,82900,83557.68
2025-07-09 09:36:00,ATM-6,CALL,841.8,848.75,838.5,845.2,560,53080,9.264693,83000,83557.68
2025-07-09 09:36:00,ATM-6,PUT,184.85,185.55,180.5,182.85,10980,177540,10.328758,83000,83557.68
2025-07-09 09:36:00,ATM-5,CALL,766.6,766.6,766.6,766.6,20,6740,9.12954,83100,83557.68
2025-07-09 09:36:00,ATM-5,PUT,211.7,213.5,206.65,209,4440,55760,10.270093,83100,83557.68
2025-07-09 09:36:00,ATM-4,CALL,695.25,701.55,693.8,698.7,920,12880,9.201167,83200,83557.68
2025-07-09 09:36:00,ATM-4,PUT,241.9,244,236.75,240.45,2820,66220,10.272738,83200,83557.68
2025-07-09 09:36:00,ATM-3,CALL,633.3,637.5,630.15,633.7,840,41000,9.250372,83300,83557.68
2025-07-09 09:36:00,ATM-3,PUT,276.15,277.5,269.9,272.9,6200,240500,10.220474,83300,83557.68
2025-07-09 09:36:00,ATM-2,CALL,567.4,574.7,565,568.9,3400,53400,9.212715,83400,83557.68
2025-07-09 09:36:00,ATM-2,PUT,313,315.55,306.85,310,6680,96640,10.202266,83400,83557.68
2025-07-09 09:36:00,ATM-1,CALL,507.45,514.85,505.5,511,28220,320800,9.25002,83500,83557.68
2025-07-09 09:36:00,ATM-1,PUT,354.55,356.4,346.7,351.35,25500,391740,10.203507,83500,83557.68
2025-07-09 09:36:00,ATM,CALL,449.85,457.8,449.8,453,22360,277540,9.194367,83600,83557.68
2025-07-09 09:36:00,ATM,PUT,397.95,400.5,389.6,394.5,41920,297000,10.165126,83600,83557.68
2025-07-09 09:36:00,ATM+1,CALL,398.55,405.6,398.55,402.45,29420,224120,9.220365,83700,83557.68
2025-07-09 09:36:00,ATM+1,PUT,447.7,450,438.65,444.85,11860,148620,10.210712,83700,83557.68
2025-07-09 09:36:00,ATM+2,CALL,352,357.25,350.2,355,9140,141180,9.226942,83800,83557.68
2025-07-09 09:36:00,ATM+2,PUT,499.5,502,491.3,495.9,5740,107500,10.19043,83800,83557.68
2025-07-09 09:36:00,ATM+3,CALL,307.45,313.35,307.45,310.85,6680,97180,9.219323,83900,83557.68
2025-07-09 09:36:00,ATM+3,PUT,551,558.8,546.65,553,1760,27600,10.228107,83900,83557.68
2025-07-09 09:36:00,ATM+4,CALL,268.7,273.65,268.45,272,11140,265160,9.246024,84000,83557.68
2025-07-09 09:36:00,ATM+4,PUT,615.2,618.75,607.05,612.45,3320,83720,10.240004,84000,83557.68
2025-07-09 09:36:00,ATM+5,CALL,235.15,237.45,232.7,235.2,2860,55160,9.23242,84100,83557.68
2025-07-09 09:36:00,ATM+5,PUT,676.85,681.95,675,675,300,7540,10.244961,84100,83557.68
2025-07-09 09:36:00,ATM+6,CALL,201,205.15,201,204,4960,84180,9.268898,84200,83557.68
2025-07-09 09:36:00,ATM+6,PUT,740,746.8,740,746.8,220,5120,10.399929,84200,83557.68
2025-07-09 09:36:00,ATM+7,CALL,174.05,176.45,171.9,174.4,3480,54920,9.258822,84300,83557.68
2025-07-09 09:36:00,ATM+7,PUT,813.45,813.45,813.45,813.45,20,4160,10.349206,84300,83557.68
2025-07-09 09:36:00,ATM+8,CALL,147.9,151.1,147.45,149.8,1780,64060,9.29762,84400,83557.68
2025-07-09 09:36:00,ATM+8,PUT,895.45,895.45,895.45,895.45,0,2340,10.872786,84400,83557.68
2025-07-09 09:36:00,ATM+9,CALL,126.5,128.9,125.75,128,11880,171840,9.333875,84500,83557.68
2025-07-09 09:36:00,ATM+9,PUT,971.1,972.75,963.2,969.8,480,31820,10.642038,84500,83557.68
2025-07-09 09:36:00,ATM+10,CALL,106.9,109.7,106.55,108.5,7480,54760,9.357957,84600,83557.68
2025-07-09 09:36:00,ATM+10,PUT,1057.8,1057.8,1057.8,1057.8,0,380,11.267272,84600,83557.68
2025-07-09 09:37:00,ATM-10,CALL,1133.95,1133.95,1133.95,1133.95,0,1200,7.895884,82600,83565.19
2025-07-09 09:37:00,ATM-10,PUT,104.15,105.95,103.6,105,3940,63560,10.666679,82600,83565.19
2025-07-09 09:37:00,ATM-9,CALL,1081.35,1081.35,1081.35,1081.35,0,1840,8.743858,82700,83565.19
2025-07-09 09:37:00,ATM-9,PUT,120.05,121.85,119.5,120.55,3000,50820,10.575492,82700,83565.19
2025-07-09 09:37:00,ATM-8,CALL,994.9,994.9,994.9,994.9,0,2680,8.658526,82800,83565.19
2025-07-09 09:37:00,ATM-8,PUT,138.6,140.55,137.95,140,2920,57780,10.544661,82800,83565.19
2025-07-09 09:37:00,ATM-7,CALL,916.85,916.85,914.25,914.25,240,3760,8.823913,82900,83565.19
2025-07-09 09:37:00,ATM-7,PUT,159,161.75,159,161,900,42780,10.487827,82900,83565.19
2025-07-09 09:37:00,ATM-6,CALL,839.35,843.6,835.9,835.9,480,53080,8.8183,83000,83565.19
2025-07-09 09:37:00,ATM-6,PUT,183.9,185.4,182.7,185.05,7640,177540,10.446257,83000,83565.19
2025-07-09 09:37:00,ATM-5,CALL,762,762,762,762,20,6740,8.849076,83100,83565.19
2025-07-09 09:37:00,ATM-5,PUT,210.2,213.1,209.05,211.55,3100,55760,10.396898,83100,83565.19
2025-07-09 09:37:00,ATM-4,CALL,693,701,693,701,260,12880,9.125677,83200,83565.19
2025-07-09 09:37:00,ATM-4,PUT,240.7,243,239,240.9,4180,66220,10.346614,83200,83565.19
2025-07-09 09:37:00,ATM-3,CALL,633.45,633.45,625.1,630,340,41000,9.035212,83300,83565.19
2025-07-09 09:37:00,ATM-3,PUT,273.7,277,273.5,277,2520,240500,10.387216,83300,83565.19
2025-07-09 09:37:00,ATM-2,CALL,567.7,571.7,563.15,569.1,1560,53400,9.105905,83400,83565.19
2025-07-09 09:37:00,ATM-2,PUT,310.95,314.9,309.9,314.9,4220,96640,10.389398,83400,83565.19
2025-07-09 09:37:00,ATM-1,CALL,509.4,512.5,503.4,505,18160,320800,9.0073,83500,83565.19
2025-07-09 09:37:00,ATM-1,PUT,351.7,355.75,350.1,355.05,21700,391740,10.364835,83500,83565.19
2025-07-09 09:37:00,ATM,CALL,452.95,455.7,447.15,449.05,26060,277540,9.009633,83600,83565.19
2025-07-09 09:37:00,ATM,PUT,395.3,399.75,394.5,399.1,17300,297000,10.351201,83600,83565.19
2025-07-09 09:37:00,ATM+1,CALL,401.55,404.4,396.85,398.85,22100,224120,9.051655,83700,83565.19
2025-07-09 09:37:00,ATM+1,PUT,445.25,449.8,443.65,448.95,8380,148620,10.390507,83700,83565.19
2025-07-09 09:37:00,ATM+2,CALL,353.5,356.85,349.55,350.85,5860,141180,9.051769,83800,83565.19
2025-07-09 09:37:00,ATM+2,PUT,497.55,502.5,496.4,500.7,3160,107500,10.392955,83800,83565.19
2025-07-09 09:37:00,ATM+3,CALL,309.6,312,306,307.25,5380,97180,9.061426,83900,83565.19
2025-07-09 09:37:00,ATM+3,PUT,553.55,558.6,552.35,558,1720,27600,10.443515,83900,83565.19
2025-07-09 09:37:00,ATM+4,CALL,270.9,272.7,266.9,268,9880,265160,9.081651,84000,83565.19
2025-07-09 09:37:00,ATM+4,PUT,612.45,618,612.45,618,500,83720,10.478472,84000,83565.19
2025-07-09 09:37:00,ATM+5,CALL,234.4,236.45,231.2,232.7,5100,55160,9.106427,84100,83565.19
2025-07-09 09:37:00,ATM+5,PUT,678.95,678.95,678.95,678.95,20,7540,10.45697,84100,83565.19
2025-07-09 09:37:00,ATM+6,CALL,202.7,204.5,199.85,201.05,18020,84180,9.132647,84200,83565.19
2025-07-09 09:37:00,ATM+6,PUT,752,752,750.6,750.6,40,5120,10.620481,84200,83565.19
2025-07-09 09:37:00,ATM+7,CALL,174,175.45,171.6,172.95,1860,54920,9.16289,84300,83565.19
2025-07-09 09:37:00,ATM+7,PUT,818.9,818.9,818.9,818.9,20,4160,10.628119,84300,83565.19
2025-07-09 09:37:00,ATM+8,CALL,148.2,150.15,146.25,147.5,2240,64060,9.177925,84400,83565.19
2025-07-09 09:37:00,ATM+8,PUT,893.35,893.35,893.35,893.35,60,2380,10.72263,84400,83565.19
2025-07-09 09:37:00,ATM+9,CALL,127.1,128.6,125,125.9,7620,171840,9.218538,84500,83565.19
2025-07-09 09:37:00,ATM+9,PUT,969.8,974.75,969.8,974.75,40,31820,10.94383,84500,83565.19
2025-07-09 09:37:00,ATM+10,CALL,107.85,108.95,105.8,106.8,14700,54760,9.253385,84600,83565.19
2025-07-09 09:37:00,ATM+10,PUT,1057.8,1057.8,1057.8,1057.8,0,380,11.267272,84600,83565.19
2025-07-09 09:38:00,ATM-10,CALL,1133.95,1133.95,1133.95,1133.95,0,1200,7.895884,82600,83570.27
2025-07-09 09:38:00,ATM-10,PUT,104.45,105,100.75,102.25,8260,63560,10.597468,82600,83570.27
2025-07-09 09:38:00,ATM-9,CALL,1070,1070,1070,1070,20,1860,8.26165,82700,83570.27
2025-07-09 09:38:00,ATM-9,PUT,120.15,121.85,116.4,117.7,2920,50820,10.511412,82700,83570.27
2025-07-09 09:38:00,ATM-8,CALL,994.9,994.9,994.9,994.9,0,2680,8.658526,82800,83570.27
2025-07-09 09:38:00,ATM-8,PUT,140.3,140.3,134.4,136.15,2200,57780,10.457147,82800,83570.27
2025-07-09 09:38:00,ATM-7,CALL,909.15,909.15,909.15,909.15,20,3760,8.518559,82900,83570.27
2025-07-09 09:38:00,ATM-7,PUT,160.5,160.55,154.1,156.05,3620,42780,10.376771,82900,83570.27
2025-07-09 09:38:00,ATM-6,CALL,839.25,839.25,832.7,837,720,53080,8.733369,83000,83570.27
2025-07-09 09:38:00,ATM-6,PUT,183.8,186.45,178.6,181.7,11980,177540,10.390374,83000,83570.27
2025-07-09 09:38:00,ATM-5,CALL,762,762,758.35,758.35,300,6740,8.64043,83100,83570.27
2025-07-09 09:38:00,ATM-5,PUT,211.15,213.8,205,208.1,3800,55760,10.345024,83100,83570.27
2025-07-09 09:38:00,ATM-4,CALL,693.65,694.35,691,691,360,12880,8.768703,83200,83570.27
2025-07-09 09:38:00,ATM-4,PUT,242,243.6,235,237.45,3460,66220,10.300905,83200,83570.27
2025-07-09 09:38:00,ATM-3,CALL,630.45,633,624,632.55,540,41000,9.015371,83300,83570.27
2025-07-09 09:38:00,ATM-3,PUT,275.85,277.85,268.5,273.15,9380,240500,10.337497,83300,83570.27
2025-07-09 09:38:00,ATM-2,CALL,564.9,570.65,561,565.65,2960,53400,8.946578,83400,83570.27
2025-07-09 09:38:00,ATM-2,PUT,312.45,316,305.2,308,10860,96640,10.272321,83400,83570.27
2025-07-09 09:38:00,ATM-1,CALL,507.75,510.55,501.75,504.2,16980,320800,8.919093,83500,83570.27
2025-07-09 09:38:00,ATM-1,PUT,353.2,356,345.3,348.65,31800,391740,10.265945,83500,83570.27
2025-07-09 09:38:00,ATM,CALL,451.4,454.05,445.85,448,27800,277540,8.921873,83600,83570.27
2025-07-09 09:38:00,ATM,PUT,397.75,401.7,388.75,393.85,27900,297000,10.284223,83600,83570.27
2025-07-09 09:38:00,ATM+1,CALL,399.25,401.8,394.05,395.6,17080,224120,8.918758,83700,83570.27
2025-07-09 09:38:00,ATM+1,PUT,447.5,451.5,437.6,442.35,11240,148620,10.297026,83700,83570.27
2025-07-09 09:38:00,ATM+2,CALL,351.7,355,347.5,349,7500,141180,8.955345,83800,83570.27
2025-07-09 09:38:00,ATM+2,PUT,501.9,503.35,490.7,494.4,5640,107500,10.310234,83800,83570.27
2025-07-09 09:38:00,ATM+3,CALL,309.7,310,303.8,307.05,7980,97180,9.006868,83900,83570.27
2025-07-09 09:38:00,ATM+3,PUT,558,560,547.5,553.1,1140,27600,10.39652,83900,83570.27
2025-07-09 09:38:00,ATM+4,CALL,268.7,270.9,265.15,266.35,20560,265160,8.995859,84000,83570.27
2025-07-09 09:38:00,ATM+4,PUT,620,620,606.95,611.75,4740,83720,10.402792,84000,83570.27
2025-07-09 09:38:00,ATM+5,CALL,233.45,234.9,230,231.65,5600,55160,9.037212,84100,83570.27
2025-07-09 09:38:00,ATM+5,PUT,678.95,678.95,678.95,678.95,0,7540,10.45697,84100,83570.27
2025-07-09 09:38:00,ATM+6,CALL,201.7,202.45,197.75,198.7,7100,84180,9.031542,84200,83570.27
2025-07-09 09:38:00,ATM+6,PUT,750.6,750.6,747.3,747.3,300,5120,10.622124,84200,83570.27
2025-07-09 09:38:00,ATM+7,CALL,172.95,174.1,169.9,170,3020,54920,9.044683,84300,83570.27
2025-07-09 09:38:00,ATM+7,PUT,818.9,818.9,818.9,818.9,0,4160,10.628119,84300,83570.27
2025-07-09 09:38:00,ATM+8,CALL,147.65,148.85,145.05,146.4,4560,64060,9.110318,84400,83570.27
2025-07-09 09:38:00,ATM+8,PUT,894.4,894.4,890.15,890.15,40,2380,10.735048,84400,83570.27
2025-07-09 09:38:00,ATM+9,CALL,126.6,127,124.2,124.2,8340,171840,9.132022,84500,83570.27
2025-07-09 09:38:00,ATM+9,PUT,972.5,972.5,964.45,964.45,220,31820,10.758831,84500,83570.27
2025-07-09 09:38:00,ATM+10,CALL,107.2,108.05,105.3,105.6,3780,54760,9.181134,84600,83570.27
2025-07-09 09:38:00,ATM+10,PUT,1057.8,1057.8,1057.8,1057.8,0,380,11.267272,84600,83570.27
2025-07-09 09:39:00,ATM-10,CALL,1133.95,1133.95,1133.95,1133.95,0,1200,7.895884,82600,83577.05
2025-07-09 09:39:00,ATM-10,PUT,101.8,102.15,99.4,101,7720,62060,10.592994,82600,83577.05
2025-07-09 09:39:00,ATM-9,CALL,1070,1070,1070,1070,0,1860,8.26165,82700,83577.05
2025-07-09 09:39:00,ATM-9,PUT,117.95,118,115.6,117.95,3440,51360,10.5635,82700,83577.05
2025-07-09 09:39:00,ATM-8,CALL,994.9,994.9,994.9,994.9,0,2680,8.658526,82800,83577.05
2025-07-09 09:39:00,ATM-8,PUT,136.2,136.55,133.7,136.55,1900,59960,10.515466,82800,83577.05
2025-07-09 09:39:00,ATM-7,CALL,913.9,913.9,913.9,913.9,20,4100,8.493707,82900,83577.05
2025-07-09 09:39:00,ATM-7,PUT,156.8,157.35,154.7,156.1,2960,44740,10.426026,82900,83577.05
2025-07-09 09:39:00,ATM-6,CALL,840,840,830,830,60,53140,8.353462,83000,83577.05
2025-07-09 09:39:00,ATM-6,PUT,180.9,181.75,178.1,180.75,9740,181400,10.413974,83000,83577.05
2025-07-09 09:39:00,ATM-5,CALL,764.4,765.7,760,760,80,7280,8.543743,83100,83577.05
2025-07-09 09:39:00,ATM-5,PUT,207.9,208.55,204.45,207.3,4080,56840,10.376685,83100,83577.05
2025-07-09 09:39:00,ATM-4,CALL,695.45,695.9,685,685,380,13620,8.480196,83200,83577.05
2025-07-09 09:39:00,ATM-4,PUT,237.8,239,234.5,238.7,3380,70980,10.388898,83200,83577.05
2025-07-09 09:39:00,ATM-3,CALL,627.9,628.5,617.95,617.95,460,42020,8.532311,83300,83577.05
2025-07-09 09:39:00,ATM-3,PUT,272.8,272.8,268.15,271.9,5840,241000,10.366182,83300,83577.05
2025-07-09 09:39:00,ATM-2,CALL,565.9,568.9,555.5,557.95,5520,58580,8.656729,83400,83577.05
2025-07-09 09:39:00,ATM-2,PUT,308,310,305,310,5180,106960,10.383235,83400,83577.05
2025-07-09 09:39:00,ATM-1,CALL,506,509.55,497.3,499.35,21080,367300,8.711191,83500,83577.05
2025-07-09 09:39:00,ATM-1,PUT,349.3,351,345.7,350.2,20720,399060,10.369406,83500,83577.05
2025-07-09 09:39:00,ATM,CALL,449.05,453,441.15,444.2,23640,283340,8.748469,83600,83577.05
2025-07-09 09:39:00,ATM,PUT,393.75,397.15,388.85,395.6,31380,332540,10.396364,83600,83577.05
2025-07-09 09:39:00,ATM+1,CALL,396.8,401.1,390,392.4,21460,235900,8.766842,83700,83577.05
2025-07-09 09:39:00,ATM+1,PUT,444.35,446,438.05,443.4,9720,150980,10.397923,83700,83577.05
2025-07-09 09:39:00,ATM+2,CALL,351.3,353.25,343.2,345.3,5980,139820,8.797865,83800,83577.05
2025-07-09 09:39:00,ATM+2,PUT,496.8,499,491.8,497.1,2660,109960,10.454703,83800,83577.05
2025-07-09 09:39:00,ATM+3,CALL,307.05,309.75,300,302,7960,99520,8.822152,83900,83577.05
2025-07-09 09:39:00,ATM+3,PUT,550,554.8,546,554.8,900,28820,10.524551,83900,83577.05
2025-07-09 09:39:00,ATM+4,CALL,267.75,269.9,260.4,262.7,18580,270540,8.84651,84000,83577.05
2025-07-09 09:39:00,ATM+4,PUT,611.6,616.65,606.85,616.65,860,83580,10.613859,84000,83577.05
2025-07-09 09:39:00,ATM+5,CALL,230.85,233.85,225.35,226.15,3780,56880,8.843401,84100,83577.05
2025-07-09 09:39:00,ATM+5,PUT,670.65,678.2,670.65,678.2,100,7580,10.619684,84100,83577.05
2025-07-09 09:39:00,ATM+6,CALL,199.6,201.35,194.45,194.9,5520,85420,8.879262,84200,83577.05
2025-07-09 09:39:00,ATM+6,PUT,745,749.35,745,749.35,40,5380,10.7843,84200,83577.05
2025-07-09 09:39:00,ATM+7,CALL,171.65,172.65,165.9,166.35,4100,56300,8.894433,84300,83577.05
2025-07-09 09:39:00,ATM+7,PUT,809.25,809.25,809.25,809.25,20,4820,10.590665,84300,83577.05
2025-07-09 09:39:00,ATM+8,CALL,146.8,148.15,141.3,141.85,5680,65000,8.930632,84400,83577.05
2025-07-09 09:39:00,ATM+8,PUT,890.15,890.15,890.15,890.15,0,2380,10.735048,84400,83577.05
2025-07-09 09:39:00,ATM+9,CALL,124.75,126,119.6,120.95,25300,174280,8.985726,84500,83577.05
2025-07-09 09:39:00,ATM+9,PUT,968.4,968.55,968.4,968.55,60,31920,11.017039,84500,83577.05
2025-07-09 09:39:00,ATM+10,CALL,105.6,106.85,100.5,101.6,55620,67000,9.003587,84600,83577.05
2025-07-09 09:39:00,ATM+10,PUT,1057.8,1057.8,1057.8,1057.8,0,380,11.267272,84600,83577.05
2025-07-09 09:40:00,ATM-10,CALL,1133.95,1133.95,1133.95,1133.95,0,1200,7.895884,82600,83557.87
2025-07-09 09:40:00,ATM-10,PUT,101.85,104.5,101.15,103.2,13460,62060,10.557697,82600,83557.87
2025-07-09 09:40:00,ATM-9,CALL,1070,1070,1070,1070,0,1860,8.26165,82700,83557.87
2025-07-09 09:40:00,ATM-9,PUT,117.6,120.5,117.1,119.2,4520,51360,10.484448,82700,83557.87
2025-07-09 09:40:00,ATM-8,CALL,994.9,994.9,994.9,994.9,0,2680,8.658526,82800,83557.87
2025-07-09 09:40:00,ATM-8,PUT,136.15,139.7,135.55,138.25,4520,59960,10.44186,82800,83557.87
2025-07-09 09:40:00,ATM-7,CALL,899.45,899.45,899.45,899.45,100,4100,8.531547,82900,83557.87
2025-07-09 09:40:00,ATM-7,PUT,156.6,161,156,158.6,4980,44740,10.36671,82900,83557.87
2025-07-09 09:40:00,ATM-6,CALL,829.05,835.9,820,824.6,1480,53140,8.649789,83000,83557.87
2025-07-09 09:40:00,ATM-6,PUT,181.05,185.65,180,184.15,8620,181400,10.368306,83000,83557.87
2025-07-09 09:40:00,ATM-5,CALL,759.75,759.75,748.7,748.7,560,7280,8.629402,83100,83557.87
2025-07-09 09:40:00,ATM-5,PUT,207.75,212.85,207.7,210.25,7880,56840,10.306571,83100,83557.87
2025-07-09 09:40:00,ATM-4,CALL,686.05,690.6,678.7,679.9,620,13620,8.70762,83200,83557.87
2025-07-09 09:40:00,ATM-4,PUT,238.15,243.5,237.5,241,6200,70980,10.290043,83200,83557.87
2025-07-09 09:40:00,ATM-3,CALL,620.95,626.85,611.6,618.7,1820,42020,8.875954,83300,83557.87
2025-07-09 09:40:00,ATM-3,PUT,272.9,278.2,270.7,275,10360,241000,10.275335,83300,83557.87
2025-07-09 09:40:00,ATM-2,CALL,557.75,565.45,550,555.45,5000,58580,8.889151,83400,83557.87
2025-07-09 09:40:00,ATM-2,PUT,309.1,316,308,313.85,11980,106960,10.297429,83400,83557.87
2025-07-09 09:40:00,ATM-1,CALL,500.25,505.7,491.2,497.45,21900,367300,8.932739,83500,83557.87
2025-07-09 09:40:00,ATM-1,PUT,350.8,357,348.4,355.3,31840,399060,10.299211,83500,83557.87
2025-07-09 09:40:00,ATM,CALL,444.45,449.65,435.7,439.7,38900,283340,8.887969,83600,83557.87
2025-07-09 09:40:00,ATM,PUT,393.9,402.05,393.15,399,38340,332540,10.27243,83600,83557.87
2025-07-09 09:40:00,ATM+1,CALL,393,397.8,385,390.45,24400,235900,8.945692,83700,83557.87
2025-07-09 09:40:00,ATM+1,PUT,444,452.15,442.1,448.55,15660,150980,10.299289,83700,83557.87
2025-07-09 09:40:00,ATM+2,CALL,346.15,351,338,341.85,12420,139820,8.924679,83800,83557.87
2025-07-09 09:40:00,ATM+2,PUT,497.35,505,493.95,500.2,8120,109960,10.293199,83800,83557.87
2025-07-09 09:40:00,ATM+3,CALL,301.85,306.6,294.7,299.2,10060,99520,8.947812,83900,83557.87
2025-07-09 09:40:00,ATM+3,PUT,555.6,562,551.45,557.9,3660,28820,10.34607,83900,83557.87
2025-07-09 09:40:00,ATM+4,CALL,262,266.85,256.2,260.75,28700,270540,8.97751,84000,83557.87
2025-07-09 09:40:00,ATM+4,PUT,616,622.15,612,619.65,5780,83580,10.414787,84000,83557.87
2025-07-09 09:40:00,ATM+5,CALL,226.45,230.9,221,225,12480,56880,8.980584,84100,83557.87
2025-07-09 09:40:00,ATM+5,PUT,679.45,686.6,676.95,686.6,660,7580,10.531414,84100,83557.87
2025-07-09 09:40:00,ATM+6,CALL,195.55,198.9,190,192.3,13220,85420,8.966939,84200,83557.87
2025-07-09 09:40:00,ATM+6,PUT,748.65,755,747.6,753.25,400,5380,10.566396,84200,83557.87
2025-07-09 09:40:00,ATM+7,CALL,166.25,171.4,162.6,165.25,6560,56300,9.00998,84300,83557.87
2025-07-09 09:40:00,ATM+7,PUT,819.6,829.5,814.15,829.5,400,4820,10.77297,84300,83557.87
2025-07-09 09:40:00,ATM+8,CALL,141.7,145.6,137.6,140.8,8160,65000,9.037256,84400,83557.87
2025-07-09 09:40:00,ATM+8,PUT,895.5,895.5,895.5,895.5,220,2440,10.638364,84400,83557.87
2025-07-09 09:40:00,ATM+9,CALL,120.95,124.05,117.1,119.15,29080,174280,9.059053,84500,83557.87
2025-07-09 09:40:00,ATM+9,PUT,973.3,975,973.3,975,120,31920,10.796469,84500,83557.87
2025-07-09 09:40:00,ATM+10,CALL,101.7,104.85,97.85,100.6,58000,67000,9.092436,84600,83557.87
2025-07-09 09:40:00,ATM+10,PUT,1056.85,1056.85,1056.85,1056.85,520,380,10.963004,84600,83557.87
2025-07-09 09:41:00,ATM-10,CALL,1133.95,1133.95,1133.95,1133.95,0,1200,7.895884,82600,83553.69
2025-07-09 09:41:00,ATM-10,PUT,103.9,104.85,102.3,103.8,6280,62060,10.554532,82600,83553.69
2025-07-09 09:41:00,ATM-9,CALL,1070,1070,1070,1070,0,1860,8.26165,82700,83553.69
2025-07-09 09:41:00,ATM-9,PUT,119.6,120.65,118.65,119.55,1320,51360,10.470077,82700,83553.69
2025-07-09 09:41:00,ATM-8,CALL,994.9,994.9,994.9,994.9,0,2680,8.658526,82800,83553.69
2025-07-09 09:41:00,ATM-8,PUT,138,139.85,137.4,139.05,940,59960,10.439543,82800,83553.69
2025-07-09 09:41:00,ATM-7,CALL,901.1,901.45,901.1,901.45,40,4100,8.709877,82900,83553.69
2025-07-09 09:41:00,ATM-7,PUT,159.25,160.4,158.8,159.7,2440,44740,10.370334,82900,83553.69
2025-07-09 09:41:00,ATM-6,CALL,824,827.55,823.75,823.75,320,53140,8.72247,83000,83553.69
2025-07-09 09:41:00,ATM-6,PUT,184.5,185.65,182.65,184.4,6760,181400,10.344748,83000,83553.69
2025-07-09 09:41:00,ATM-5,CALL,752.55,757.9,748.7,757.9,760,7280,8.973512,83100,83553.69
2025-07-09 09:41:00,ATM-5,PUT,211.75,213,209.8,212.15,4300,56840,10.324713,83100,83553.69
2025-07-09 09:41:00,ATM-4,CALL,680.4,685.65,679.9,685.2,380,13620,8.924885,83200,83553.69
2025-07-09 09:41:00,ATM-4,PUT,242.95,244,239.7,243,2520,70980,10.306648,83200,83553.69
2025-07-09 09:41:00,ATM-3,CALL,617.55,620.55,616.35,619.15,280,42020,8.957063,83300,83553.69
2025-07-09 09:41:00,ATM-3,PUT,275.95,278,274.4,277.85,2320,241000,10.308828,83300,83553.69
2025-07-09 09:41:00,ATM-2,CALL,557.25,559.15,553,554.8,1280,58580,8.936926,83400,83553.69
2025-07-09 09:41:00,ATM-2,PUT,313.5,316,311.1,314.6,6960,106960,10.276639,83400,83553.69
2025-07-09 09:41:00,ATM-1,CALL,496,500.4,493.55,496.3,10820,367300,8.963606,83500,83553.69
2025-07-09 09:41:00,ATM-1,PUT,355.9,357,352.05,356.15,28640,399060,10.277794,83500,83553.69
2025-07-09 09:41:00,ATM,CALL,439.95,443.85,438.05,438.45,8080,283340,8.912161,83600,83553.69
2025-07-09 09:41:00,ATM,PUT,400,403.2,397,401,18960,332540,10.274388,83600,83553.69
2025-07-09 09:41:00,ATM+1,CALL,389.2,393.6,387.55,389.7,9500,235900,8.977288,83700,83553.69
2025-07-09 09:41:00,ATM+1,PUT,450.6,452.35,447,450.45,11560,150980,10.295537,83700,83553.69
2025-07-09 09:41:00,ATM+2,CALL,341.35,346.3,341.1,342.6,3240,139820,8.987067,83800,83553.69
2025-07-09 09:41:00,ATM+2,PUT,502.8,505.85,498.05,504.95,5480,109960,10.35163,83800,83553.69
2025-07-09 09:41:00,ATM+3,CALL,298.9,302.05,297.45,298.8,2240,99520,8.980296,83900,83553.69
2025-07-09 09:41:00,ATM+3,PUT,559.7,562.7,556.5,561,560,28820,10.363355,83900,83553.69
2025-07-09 09:41:00,ATM+4,CALL,259.6,262.65,257.9,259.25,7980,270540,8.980484,84000,83553.69
2025-07-09 09:41:00,ATM+4,PUT,616.6,622.55,616.3,622.55,1960,83580,10.424299,84000,83553.69
2025-07-09 09:41:00,ATM+5,CALL,224,226.85,222.6,224.25,1720,56880,8.998347,84100,83553.69
2025-07-09 09:41:00,ATM+5,PUT,685.7,685.7,684.5,685.3,60,7580,10.435703,84100,83553.69
2025-07-09 09:41:00,ATM+6,CALL,192.7,195.1,191.75,193.55,1860,85420,9.033574,84200,83553.69
2025-07-09 09:41:00,ATM+6,PUT,753.95,753.95,753.95,753.95,180,5380,10.514469,84200,83553.69
2025-07-09 09:41:00,ATM+7,CALL,165.05,167.05,164.5,165.2,860,56300,9.040701,84300,83553.69
2025-07-09 09:41:00,ATM+7,PUT,821.2,821.2,821.2,821.2,40,4820,10.480899,84300,83553.69
2025-07-09 09:41:00,ATM+8,CALL,140.25,142.7,139.75,140.75,3100,65000,9.066069,84400,83553.69
2025-07-09 09:41:00,ATM+8,PUT,899,899,899,899,20,2440,10.65168,84400,83553.69
2025-07-09 09:41:00,ATM+9,CALL,119.5,121.1,118.6,119.7,11040,174280,9.105021,84500,83553.69
2025-07-09 09:41:00,ATM+9,PUT,974.8,976.15,974.8,976.15,100,31920,10.739943,84500,83553.69
2025-07-09 09:41:00,ATM+10,CALL,100.1,101.8,99.3,100.4,3580,67000,9.112755,84600,83553.69
2025-07-09 09:41:00,ATM+10,PUT,1060,1060,1060,1060,20,380,10.96113,84600,83553.69
2025-07-09 09:42:00,ATM-10,CALL,1133.95,1133.95,1133.95,1133.95,0,1200,7.895884,82600,83554.13
2025-07-09 09:42:00,ATM-10,PUT,104,106.2,103.8,105.1,6080,67160,10.605019,82600,83554.13
2025-07-09 09:42:00,ATM-9,CALL,1070,1070,1070,1070,0,1860,8.26165,82700,83554.13
2025-07-09 09:42:00,ATM-9,PUT,120.4,123.1,119.9,121.25,2660,51980,10.53079,82700,83554.13
2025-07-09 09:42:00,ATM-8,CALL,994.9,994.9,994.9,994.9,0,2680,8.658526,82800,83554.13
2025-07-09 09:42:00,ATM-8,PUT,139.4,142.1,138.5,140.15,11280,59840,10.477573,82800,83554.13
2025-07-09 09:42:00,ATM-7,CALL,891.2,896.25,891.2,896.25,80,4100,8.527228,82900,83554.13
2025-07-09 09:42:00,ATM-7,PUT,160.35,164,159.75,161.6,1800,45200,10.429993,82900,83554.13
2025-07-09 09:42:00,ATM-6,CALL,823.3,824.1,814.55,816.45,900,53260,8.491371,83000,83554.13
2025-07-09 09:42:00,ATM-6,PUT,185,188.7,184,185.95,9840,183700,10.39166,83000,83554.13
2025-07-09 09:42:00,ATM-5,CALL,747.25,748.7,747.25,748.7,60,7280,8.708757,83100,83554.13
2025-07-09 09:42:00,ATM-5,PUT,212.3,216.2,211.25,213.15,3320,57120,10.355098,83100,83554.13
2025-07-09 09:42:00,ATM-4,CALL,680,680.95,670,678,920,13700,8.728328,83200,83554.13
2025-07-09 09:42:00,ATM-4,PUT,242.9,247.8,242.2,245.05,11160,70980,10.362719,83200,83554.13
2025-07-09 09:42:00,ATM-3,CALL,614.15,615,606,612.65,1480,42020,8.787982,83300,83554.13
2025-07-09 09:42:00,ATM-3,PUT,278,282.85,276.25,279.7,7640,242760,10.358394,83300,83554.13
2025-07-09 09:42:00,ATM-2,CALL,552.25,555.5,545,550.85,3720,58240,8.835938,83400,83554.13
2025-07-09 09:42:00,ATM-2,PUT,315.7,321.3,313.95,317.85,9640,106960,10.35851,83400,83554.13
2025-07-09 09:42:00,ATM-1,CALL,495.9,495.9,485.75,493.6,24060,367300,8.895023,83500,83554.13
2025-07-09 09:42:00,ATM-1,PUT,356.45,362.5,354.65,358.1,35440,408560,10.328076,83500,83554.13
2025-07-09 09:42:00,ATM,CALL,438.8,440.3,431,436.65,28940,294880,8.865827,83600,83554.13
2025-07-09 09:42:00,ATM,PUT,401.8,408.4,399.35,403,36160,332540,10.325563,83600,83554.13
2025-07-09 09:42:00,ATM+1,CALL,388.1,389.95,380.1,386.85,13840,243860,8.907527,83700,83554.13
2025-07-09 09:42:00,ATM+1,PUT,451.5,459.05,449.9,454.5,17040,154720,10.39387,83700,83554.13
2025-07-09 09:42:00,ATM+2,CALL,341.9,342.95,335,340,11480,143880,8.923121,83800,83554.13
2025-07-09 09:42:00,ATM+2,PUT,503.4,511.25,502.65,505.45,7880,112600,10.368924,83800,83554.13
2025-07-09 09:42:00,ATM+3,CALL,298.6,299.2,292.05,297,4940,103400,8.934484,83900,83554.13
2025-07-09 09:42:00,ATM+3,PUT,561,570,559.1,565,1600,29940,10.462656,83900,83554.13
2025-07-09 09:42:00,ATM+4,CALL,259.35,260.15,253.65,257.95,16180,279020,8.94588,84000,83554.13
2025-07-09 09:42:00,ATM+4,PUT,621.3,630.2,620,624.35,1320,84400,10.473616,84000,83554.13
2025-07-09 09:42:00,ATM+5,CALL,223.55,225,218.9,223.15,3540,60360,8.967851,84100,83554.13
2025-07-09 09:42:00,ATM+5,PUT,685,692.55,685,692.55,400,7980,10.619168,84100,83554.13
2025-07-09 09:42:00,ATM+6,CALL,192.45,193,188.75,192,4080,87980,8.990333,84200,83554.13
2025-07-09 09:42:00,ATM+6,PUT,752.35,752.35,752.35,752.35,20,5940,10.481904,84200,83554.13
2025-07-09 09:42:00,ATM+7,CALL,165.3,165.3,160.5,163.8,1860,59200,8.999498,84300,83554.13
2025-07-09 09:42:00,ATM+7,PUT,829.3,833.4,824.15,828.05,240,5120,10.668381,84300,83554.13
2025-07-09 09:42:00,ATM+8,CALL,140.65,141.05,137.05,139.2,2420,66140,9.018088,84400,83554.13
2025-07-09 09:42:00,ATM+8,PUT,910,910,910,910,60,2680,10.960033,84400,83554.13
2025-07-09 09:42:00,ATM+9,CALL,119,119.95,116.25,118.6,15040,185860,9.067996,84500,83554.13
2025-07-09 09:42:00,ATM+9,PUT,976.15,976.15,976.15,976.15,0,31920,10.739943,84500,83554.13
2025-07-09 09:42:00,ATM+10,CALL,100.3,100.75,97.75,100,7220,115340,9.096867,84600,83554.13
2025-07-09 09:42:00,ATM+10,PUT,1060,1060,1060,1060,0,380,10.96113,84600,83554.13
2025-07-09 09:43:00,ATM-10,CALL,1133.95,1133.95,1133.95,1133.95,0,1200,7.895884,82600,83550.94
2025-07-09 09:43:00,ATM-10,PUT,104.4,105.85,103.85,105.05,4880,67160,10.58412,82600,83550.94
2025-07-09 09:43:00,ATM-9,CALL,1070,1070,1070,1070,0,1860,8.26165,82700,83550.94
2025-07-09 09:43:00,ATM-9,PUT,121.05,122.1,120.2,121.85,1040,51980,10.531007,82700,83550.94
2025-07-09 09:43:00,ATM-8,CALL,994.9,994.9,994.9,994.9,0,2680,8.658526,82800,83550.94
2025-07-09 09:43:00,ATM-8,PUT,139.45,141.35,139,140,1100,59840,10.451897,82800,83550.94
2025-07-09 09:43:00,ATM-7,CALL,894.1,894.1,894.1,894.1,20,4100,8.542068,82900,83550.94
2025-07-09 09:43:00,ATM-7,PUT,160.6,163.35,160.45,161.95,1280,45200,10.418248,82900,83550.94
2025-07-09 09:43:00,ATM-6,CALL,820,820.9,816.5,820.9,1200,53260,8.702081,83000,83550.94
2025-07-09 09:43:00,ATM-6,PUT,185.95,188.3,184.85,186.75,12420,183700,10.390651,83000,83550.94
2025-07-09 09:43:00,ATM-5,CALL,748.7,751.15,745.95,747.15,100,7280,8.73194,83100,83550.94
2025-07-09 09:43:00,ATM-5,PUT,213.1,216,212.05,214.1,2020,57120,10.355647,83100,83550.94
2025-07-09 09:43:00,ATM-4,CALL,679.15,680.05,676.75,680.05,1180,13700,8.841699,83200,83550.94
2025-07-09 09:43:00,ATM-4,PUT,243.95,247,243.55,245.6,1740,70980,10.350583,83200,83550.94
2025-07-09 09:43:00,ATM-3,CALL,615.15,616.15,610,610,320,42020,8.775264,83300,83550.94
2025-07-09 09:43:00,ATM-3,PUT,279.6,282.7,277.3,280.5,2760,242760,10.350257,83300,83550.94
2025-07-09 09:43:00,ATM-2,CALL,551.5,553.65,548,552.7,2200,58240,8.928961,83400,83550.94
2025-07-09 09:43:00,ATM-2,PUT,316.95,320.8,315,317.35,5020,106960,10.317136,83400,83550.94
2025-07-09 09:43:00,ATM-1,CALL,493.15,495.55,489.6,493.25,9660,367300,8.931029,83500,83550.94
2025-07-09 09:43:00,ATM-1,PUT,358,362.2,355.85,360.2,17860,408560,10.345572,83500,83550.94
2025-07-09 09:43:00,ATM,CALL,438.25,440,434.1,436.8,12300,294880,8.90982,83600,83550.94
2025-07-09 09:43:00,ATM,PUT,403.75,408,401.25,405.4,18040,332540,10.347183,83600,83550.94
2025-07-09 09:43:00,ATM+1,CALL,386.9,390,384.05,387.4,8800,243860,8.957453,83700,83550.94
2025-07-09 09:43:00,ATM+1,PUT,453,458,451.45,454.4,8880,154720,10.355459,83700,83550.94
2025-07-09 09:43:00,ATM+2,CALL,340.4,342.45,337.8,340,4180,143880,8.95761,83800,83550.94
2025-07-09 09:43:00,ATM+2,PUT,507,511.45,504,507.35,3620,112600,10.373833,83800,83550.94
2025-07-09 09:43:00,ATM+3,CALL,297.2,299.7,294.95,296.6,2660,103400,8.957121,83900,83550.94
2025-07-09 09:43:00,ATM+3,PUT,564.15,568.7,561.05,565.7,1440,29940,10.437122,83900,83550.94
2025-07-09 09:43:00,ATM+4,CALL,258.55,260,255.65,257.8,9460,279020,8.972086,84000,83550.94
2025-07-09 09:43:00,ATM+4,PUT,627.2,629,620.5,626.45,1580,84400,10.478239,84000,83550.94
2025-07-09 09:43:00,ATM+5,CALL,223.15,224.7,221.55,223.05,2340,60360,8.993229,84100,83550.94
2025-07-09 09:43:00,ATM+5,PUT,691.45,692.7,688.7,692.7,60,7980,10.574022,84100,83550.94
2025-07-09 09:43:00,ATM+6,CALL,192.25,193.3,190.4,191.35,2360,87980,8.999524,84200,83550.94
2025-07-09 09:43:00,ATM+6,PUT,755,755,755,755,20,5940,10.495378,84200,83550.94
2025-07-09 09:43:00,ATM+7,CALL,163.85,165.3,163,163.1,1080,59200,9.004777,84300,83550.94
2025-07-09 09:43:00,ATM+7,PUT,833.85,833.85,833.85,833.85,40,5120,10.762242,84300,83550.94
2025-07-09 09:43:00,ATM+8,CALL,139.85,140.85,139,140.3,17820,66140,9.073595,84400,83550.94
2025-07-09 09:43:00,ATM+8,PUT,909.1,909.1,909.1,909.1,20,2680,10.87363,84400,83550.94
2025-07-09 09:43:00,ATM+9,CALL,118.8,119.85,117.85,119.1,6260,185860,9.105756,84500,83550.94
2025-07-09 09:43:00,ATM+9,PUT,978.15,984.35,978.15,984.35,60,32100,10.916681,84500,83550.94
2025-07-09 09:43:00,ATM+10,CALL,99.8,100.8,99.2,100.6,3940,115340,9.138277,84600,83550.94
2025-07-09 09:43:00,ATM+10,PUT,1066.7,1068.85,1066.7,1068.85,40,420,11.164185,84600,83550.94
2025-07-09 09:44:00,ATM-10,CALL,1220,1220,1220,1220,20,11860,7.962768,82500,83545.53
2025-07-09 09:44:00,ATM-10,PUT,90.9,92.05,90,91.7,7120,180080,10.663044,82500,83545.53
2025-07-09 09:44:00,ATM-9,CALL,1070,1070,1070,1070,0,1860,8.26165,82600,83545.53
2025-07-09 09:44:00,ATM-9,PUT,105.05,106.9,104.2,105.85,5380,67160,10.580337,82600,83545.53
2025-07-09 09:44:00,ATM-8,CALL,994.9,994.9,994.9,994.9,0,2680,8.658526,82700,83545.53
2025-07-09 09:44:00,ATM-8,PUT,121.85,123.1,120.95,122.95,1660,51980,10.533618,82700,83545.53
2025-07-09 09:44:00,ATM-7,CALL,894.1,894.1,894.1,894.1,0,4100,8.542068,82800,83545.53
2025-07-09 09:44:00,ATM-7,PUT,140.7,142.5,139.5,141.45,2140,59840,10.461394,82800,83545.53
2025-07-09 09:44:00,ATM-6,CALL,884,892.9,884,892.9,80,4100,8.646502,82900,83545.53
2025-07-09 09:44:00,ATM-6,PUT,163.05,165,161.4,163.6,3500,45200,10.428921,82900,83545.53
2025-07-09 09:44:00,ATM-5,CALL,821.1,821.35,819.65,819.65,140,53260,8.789921,83000,83545.53
2025-07-09 09:44:00,ATM-5,PUT,186.85,189.95,185.9,188.65,6040,183700,10.4035,83000,83545.53
2025-07-09 09:44:00,ATM-4,CALL,746.95,746.95,740.25,740.25,80,7280,8.651039,83100,83545.53
2025-07-09 09:44:00,ATM-4,PUT,214.2,218.35,213.4,216.45,2100,57120,10.37556,83100,83545.53
2025-07-09 09:44:00,ATM-3,CALL,679.8,681.9,671.9,671.9,380,13700,8.727676,83200,83545.53
2025-07-09 09:44:00,ATM-3,PUT,245.55,249.5,244.4,247.95,4660,70980,10.365382,83200,83545.53
2025-07-09 09:44:00,ATM-2,CALL,613.95,615.35,606.3,611.55,300,42020,8.903805,83300,83545.53
2025-07-09 09:44:00,ATM-2,PUT,280.7,284.4,279.1,282.9,3080,242760,10.361457,83300,83545.53
2025-07-09 09:44:00,ATM-1,CALL,550.8,553.85,545.05,546,2460,58240,8.84926,83400,83545.53
2025-07-09 09:44:00,ATM-1,PUT,317.35,323,317,321.4,6020,106960,10.362932,83400,83545.53
2025-07-09 09:44:00,ATM,CALL,493,495.4,486.6,488.85,15180,367300,8.902186,83500,83545.53
2025-07-09 09:44:00,ATM,PUT,359.4,365.75,358.65,363.6,26880,408560,10.37097,83500,83545.53
2025-07-09 09:44:00,ATM+1,CALL,437.75,439.65,431.2,433.6,13820,294880,8.904038,83600,83545.53
2025-07-09 09:44:00,ATM+1,PUT,404.55,411.85,403.65,409.05,22920,332540,10.373686,83600,83545.53
2025-07-09 09:44:00,ATM+2,CALL,387.1,388.6,382,382.8,6780,243860,8.914494,83700,83545.53
2025-07-09 09:44:00,ATM+2,PUT,455.4,462.55,453.45,460.3,9020,154720,10.429115,83700,83545.53
2025-07-09 09:44:00,ATM+3,CALL,340.2,341.9,335.7,337.65,4700,143880,8.961245,83800,83545.53
2025-07-09 09:44:00,ATM+3,PUT,508.25,515.5,506.4,513.5,6060,112600,10.44917,83800,83545.53
2025-07-09 09:44:00,ATM+4,CALL,297.15,299.2,293.65,293.65,2860,103400,8.941627,83900,83545.53
2025-07-09 09:44:00,ATM+4,PUT,564,571.55,564,567.95,900,29940,10.418083,83900,83545.53
2025-07-09 09:44:00,ATM+5,CALL,258.7,259.95,254.8,256.4,7660,279020,8.988393,84000,83545.53
2025-07-09 09:44:00,ATM+5,PUT,627.4,632.85,624,628.6,1080,84400,10.452119,84000,83545.53
2025-07-09 09:44:00,ATM+6,CALL,223.1,225.2,220.55,220.55,1600,60360,8.977563,84100,83545.53
2025-07-09 09:44:00,ATM+6,PUT,688.4,688.4,688.4,688.4,40,7980,10.38556,84100,83545.53
2025-07-09 09:44:00,ATM+7,CALL,192.4,193.65,190,190.7,3140,87980,9.026346,84200,83545.53
2025-07-09 09:44:00,ATM+7,PUT,756.8,765,756.8,765,60,5940,10.656661,84200,83545.53
2025-07-09 09:44:00,ATM+8,CALL,164.6,165.6,162.6,164.4,1400,59200,9.081843,84300,83545.53
2025-07-09 09:44:00,ATM+8,PUT,829,838,829,838,80,5120,10.772845,84300,83545.53
2025-07-09 09:44:00,ATM+9,CALL,140.45,141.2,138.4,138.65,6880,66140,9.063917,84400,83545.53
2025-07-09 09:44:00,ATM+9,PUT,984.35,984.35,984.35,984.35,0,32100,10.916681,84400,83545.53
2025-07-09 09:44:00,ATM+10,CALL,118.95,120.5,117.25,117.75,7240,185860,9.099813,84500,83545.53
2025-07-09 09:44:00,ATM+10,PUT,991.4,991.4,991.4,991.4,20,32100,11.00306,84500,83545.53
2025-07-09 09:45:00,ATM-10,CALL,1220,1220,1220,1220,0,11860,7.962768,82600,83553.83
2025-07-09 09:45:00,ATM-10,PUT,105.9,107.4,102.55,103,5280,75320,10.528138,82600,83553.83
2025-07-09 09:45:00,ATM-9,CALL,1035,1035,1035,1035,20,1860,7.312967,82700,83553.83
2025-07-09 09:45:00,ATM-9,PUT,122.9,123.95,118.95,119.15,3160,52880,10.459346,82700,83553.83
2025-07-09 09:45:00,ATM-8,CALL,960,960,950,950,340,2920,7.44354,82800,83553.83
2025-07-09 09:45:00,ATM-8,PUT,141.6,143.35,137.1,137.65,3040,66560,10.398226,82800,83553.83
2025-07-09 09:45:00,ATM-7,CALL,894.1,894.1,894.1,894.1,0,4100,8.542068,82900,83553.83
2025-07-09 09:45:00,ATM-7,PUT,164.05,165.9,158.65,159.25,7820,45080,10.359868,82900,83553.83
2025-07-09 09:45:00,ATM-6,CALL,810,821,795.2,817.2,2080,54060,8.523939,83000,83553.83
2025-07-09 09:45:00,ATM-6,PUT,189,191.25,182.6,183.65,12660,184900,10.326689,83000,83553.83
2025-07-09 09:45:00,ATM-5,CALL,740,745.9,726,745.9,600,8200,8.638721,83100,83553.83
2025-07-09 09:45:00,ATM-5,PUT,216.75,218.65,210,210.85,13140,59300,10.29314,83100,83553.83
2025-07-09 09:45:00,ATM-4,CALL,670,680,657,678.2,1500,13800,8.741473,83200,83553.83
2025-07-09 09:45:00,ATM-4,PUT,248.9,251.4,240.7,241.85,4240,71000,10.280385,83200,83553.83
2025-07-09 09:45:00,ATM-3,CALL,606.15,613.6,592.3,612,3220,42160,8.778926,83300,83553.83
2025-07-09 09:45:00,ATM-3,PUT,284,287.65,275.5,276.45,11800,241080,10.277519,83300,83553.83
2025-07-09 09:45:00,ATM-2,CALL,545.85,551.9,532,551.5,10300,61200,8.858287,83400,83553.83
2025-07-09 09:45:00,ATM-2,PUT,322.1,326.45,312.9,312.95,19740,109520,10.240354,83400,83553.83
2025-07-09 09:45:00,ATM-1,CALL,487.5,492.75,472.75,491,68840,384800,8.840279,83500,83553.83
2025-07-09 09:45:00,ATM-1,PUT,363.5,368.8,354.5,356.15,47820,403880,10.280838,83500,83553.83
2025-07-09 09:45:00,ATM,CALL,431.85,437.4,420.55,434.95,40980,300180,8.832425,83600,83553.83
2025-07-09 09:45:00,ATM,PUT,410.05,415,398.5,401.4,59740,342280,10.2867,83600,83553.83
2025-07-09 09:45:00,ATM+1,CALL,381.7,387,370.8,384.75,30220,254580,8.864821,83700,83553.83
2025-07-09 09:45:00,ATM+1,PUT,460.75,467.1,448,448.95,24160,163340,10.264276,83700,83553.83
2025-07-09 09:45:00,ATM+2,CALL,336.4,340.55,326.4,337.8,16340,150000,8.877564,83800,83553.83
2025-07-09 09:45:00,ATM+2,PUT,514.55,521,503.25,505,10920,109720,10.356016,83800,83553.83
2025-07-09 09:45:00,ATM+3,CALL,293,297,284.35,296.7,12320,104360,8.932367,83900,83553.83
2025-07-09 09:45:00,ATM+3,PUT,572.2,577.65,559.15,559.5,2800,29800,10.331729,83900,83553.83
2025-07-09 09:45:00,ATM+4,CALL,255.7,258.4,247,256.75,34440,283200,8.921718,84000,83553.83
2025-07-09 09:45:00,ATM+4,PUT,632.45,641.8,619,619,4780,84080,10.343454,84000,83553.83
2025-07-09 09:45:00,ATM+5,CALL,220.3,223.25,213.8,222,11800,60320,8.943679,84100,83553.83
2025-07-09 09:45:00,ATM+5,PUT,698.45,708.15,688.65,688.65,460,8140,10.520744,84100,83553.83
2025-07-09 09:45:00,ATM+6,CALL,190.2,192,183.2,191.15,9140,88820,8.972464,84200,83553.83
2025-07-09 09:45:00,ATM+6,PUT,770,776.25,758.55,758.55,340,6140,10.633678,84200,83553.83
2025-07-09 09:45:00,ATM+7,CALL,161.55,164.25,157.05,163.05,10020,58880,8.982947,84300,83553.83
2025-07-09 09:45:00,ATM+7,PUT,843.95,849.95,830.85,830.85,60,5100,10.736881,84300,83553.83
2025-07-09 09:45:00,ATM+8,CALL,137.9,140.05,133.45,140.05,8300,67320,9.047012,84400,83553.83
2025-07-09 09:45:00,ATM+8,PUT,838,838,838,838,0,5120,10.772845,84400,83553.83
2025-07-09 09:45:00,ATM+9,CALL,117,119.05,113.35,118.45,15360,188860,9.067098,84500,83553.83
2025-07-09 09:45:00,ATM+9,PUT,992.9,997.85,992.9,997.85,60,32120,11.360573,84500,83553.83
2025-07-09 09:45:00,ATM+10,CALL,98.8,100.3,95.55,99.75,7740,145360,9.092016,84600,83553.83
2025-07-09 09:45:00,ATM+10,PUT,991.4,991.4,991.4,991.4,0,32100,11.00306,84600,83553.83
2025-07-09 09:46:00,ATM-10,CALL,1220,1220,1220,1220,0,11860,7.962768,82600,83566.08
2025-07-09 09:46:00,ATM-10,PUT,103.15,103.15,99.4,100.9,5160,75320,10.526126,82600,83566.08
2025-07-09 09:46:00,ATM-9,CALL,1061.2,1061.2,1061.2,1061.2,40,1860,8.043019,82700,83566.08
2025-07-09 09:46:00,ATM-9,PUT,118.75,118.85,115.2,116.65,1860,52880,10.452747,82700,83566.08
2025-07-09 09:46:00,ATM-8,CALL,986,986,986,986,60,2920,8.461445,82800,83566.08
2025-07-09 09:46:00,ATM-8,PUT,137.7,137.7,133.1,135.45,4100,66560,10.410768,82800,83566.08
2025-07-09 09:46:00,ATM-7,CALL,894.1,894.1,894.1,894.1,0,4100,8.542068,82900,83566.08
2025-07-09 09:46:00,ATM-7,PUT,158,158,153.9,156.55,3020,45080,10.366122,82900,83566.08
2025-07-09 09:46:00,ATM-6,CALL,821.45,829.35,819.4,819.4,1080,54060,8.297331,83000,83566.08
2025-07-09 09:46:00,ATM-6,PUT,183.55,183.8,177.9,181.2,20960,184900,10.349134,83000,83566.08
2025-07-09 09:46:00,ATM-5,CALL,746.3,752,746.3,751.75,120,8200,8.547825,83100,83566.08
2025-07-09 09:46:00,ATM-5,PUT,210.7,211.25,205,208.05,7160,59300,10.314723,83100,83566.08
2025-07-09 09:46:00,ATM-4,CALL,681,688.5,679,682.15,720,13800,8.618302,83200,83566.08
2025-07-09 09:46:00,ATM-4,PUT,241.75,241.75,235,238.9,5200,71000,10.306978,83200,83566.08
2025-07-09 09:46:00,ATM-3,CALL,610.5,621,610,613.6,900,42160,8.614478,83300,83566.08
2025-07-09 09:46:00,ATM-3,PUT,276.25,276.25,268.95,273.65,8680,241080,10.316688,83300,83566.08
2025-07-09 09:46:00,ATM-2,CALL,549.15,558.25,548.95,550.6,5200,61200,8.651783,83400,83566.08
2025-07-09 09:46:00,ATM-2,PUT,314.2,314.2,306.15,311.2,11560,109520,10.313259,83400,83566.08
2025-07-09 09:46:00,ATM-1,CALL,489.4,498.8,489.4,492.5,30240,384800,8.707572,83500,83566.08
2025-07-09 09:46:00,ATM-1,PUT,355.35,355.35,346.65,352.55,36180,403880,10.318996,83500,83566.08
2025-07-09 09:46:00,ATM,CALL,434.9,442.95,434.3,437.65,37080,300180,8.741319,83600,83566.08
2025-07-09 09:46:00,ATM,PUT,400.6,400.6,390.75,397.8,25800,342280,10.334293,83600,83566.08
2025-07-09 09:46:00,ATM+1,CALL,385,392,383.9,388.45,27100,254580,8.808867,83700,83566.08
2025-07-09 09:46:00,ATM+1,PUT,450.2,451.45,440.6,447.95,13720,163340,10.381218,83700,83566.08
2025-07-09 09:46:00,ATM+2,CALL,338.25,345.45,337.95,340.55,11180,150000,8.811064,83800,83566.08
2025-07-09 09:46:00,ATM+2,PUT,504.7,504.7,493.5,500.6,7780,109720,10.404933,83800,83566.08
2025-07-09 09:46:00,ATM+3,CALL,295.6,301.9,295.6,297,4660,104360,8.819112,83900,83566.08
2025-07-09 09:46:00,ATM+3,PUT,559.5,559.5,550,557.25,960,29800,10.441077,83900,83566.08
2025-07-09 09:46:00,ATM+4,CALL,257,262.65,256.65,258.25,14180,283200,8.845953,84000,83566.08
2025-07-09 09:46:00,ATM+4,PUT,623.45,623.45,610.05,619.4,2940,84080,10.52735,84000,83566.08
2025-07-09 09:46:00,ATM+5,CALL,221.6,227.3,221.6,223,3880,60320,8.864306,84100,83566.08
2025-07-09 09:46:00,ATM+5,PUT,680,680.35,678.2,680.35,60,8140,10.507558,84100,83566.08
2025-07-09 09:46:00,ATM+6,CALL,190.4,195.1,190.4,192.55,6300,88820,8.911271,84200,83566.08
2025-07-09 09:46:00,ATM+6,PUT,742.9,742.9,742.9,742.9,60,6140,10.445357,84200,83566.08
2025-07-09 09:46:00,ATM+7,CALL,163.4,167.05,163.4,165.1,3560,58880,8.947641,84300,83566.08
2025-07-09 09:46:00,ATM+7,PUT,820,820,820,820,20,5100,10.675385,84300,83566.08
2025-07-09 09:46:00,ATM+8,CALL,139.3,142.95,139.3,140.95,3260,67320,8.986953,84400,83566.08
2025-07-09 09:46:00,ATM+8,PUT,900.15,900.15,898.4,898.4,40,2680,10.879177,84400,83566.08
2025-07-09 09:46:00,ATM+9,CALL,118,121.5,117.65,119.5,13160,188860,9.01857,84500,83566.08
2025-07-09 09:46:00,ATM+9,PUT,975,978.6,970,970,520,32120,10.830091,84500,83566.08
2025-07-09 09:46:00,ATM+10,CALL,99.4,102.6,99.4,100.85,3860,145360,9.052351,84600,83566.08
2025-07-09 09:46:00,ATM+10,PUT,991.4,991.4,991.4,991.4,0,32100,11.00306,84600,83566.08
2025-07-09 09:47:00,ATM-10,CALL,1220,1220,1220,1220,0,11860,7.962768,82600,83551.86
2025-07-09 09:47:00,ATM-10,PUT,101,102.1,100,101.45,3120,75320,10.460289,82600,83551.86
2025-07-09 09:47:00,ATM-9,CALL,1061.2,1061.2,1061.2,1061.2,20,1860,8.570859,82700,83551.86
2025-07-09 09:47:00,ATM-9,PUT,116.45,118.4,115.5,118.2,1340,52880,10.415499,82700,83551.86
2025-07-09 09:47:00,ATM-8,CALL,972.65,972.65,972.65,972.65,20,2920,8.40903,82800,83551.86
2025-07-09 09:47:00,ATM-8,PUT,135.8,136.85,133.3,135.6,1380,66560,10.321139,82800,83551.86
2025-07-09 09:47:00,ATM-7,CALL,894.1,894.1,894.1,894.1,0,4100,8.542068,82900,83551.86
2025-07-09 09:47:00,ATM-7,PUT,156.25,158.25,154.45,157.35,980,45080,10.29066,82900,83551.86
2025-07-09 09:47:00,ATM-6,CALL,820,828.55,818.95,820.15,500,54060,8.661474,83000,83551.86
2025-07-09 09:47:00,ATM-6,PUT,181.4,183.1,178.55,181.85,5460,184900,10.262723,83000,83551.86
2025-07-09 09:47:00,ATM-5,CALL,750,750,743.8,743.8,1080,8200,8.62218,83100,83551.86
2025-07-09 09:47:00,ATM-5,PUT,208.05,210.3,205.5,210.25,700,59300,10.262694,83100,83551.86
2025-07-09 09:47:00,ATM-4,CALL,682.15,683.55,677.7,677.7,80,13800,8.766184,83200,83551.86
2025-07-09 09:47:00,ATM-4,PUT,239.5,241.4,235.7,240,6480,71000,10.21796,83200,83551.86
2025-07-09 09:47:00,ATM-3,CALL,615,619,611.15,611.65,800,42160,8.804324,83300,83551.86
2025-07-09 09:47:00,ATM-3,PUT,273.35,275.5,269.55,274.05,2960,241080,10.202275,83300,83551.86
2025-07-09 09:47:00,ATM-2,CALL,553.15,557.75,547.7,551.25,3280,61200,8.883242,83400,83551.86
2025-07-09 09:47:00,ATM-2,PUT,311.25,313.4,307,311.9,6580,109520,10.197761,83400,83551.86
2025-07-09 09:47:00,ATM-1,CALL,492.85,497,489.2,491,16680,384800,8.868599,83500,83551.86
2025-07-09 09:47:00,ATM-1,PUT,352.65,355.55,348.65,353.45,15680,403880,10.199003,83500,83551.86
2025-07-09 09:47:00,ATM,CALL,436.85,441.5,434,435.8,15200,300180,8.878038,83600,83551.86
2025-07-09 09:47:00,ATM,PUT,398,400.95,392.8,397.8,20200,342280,10.183506,83600,83551.86
2025-07-09 09:47:00,ATM+1,CALL,386.35,392.2,384.25,384.75,14840,254580,8.8888,83700,83551.86
2025-07-09 09:47:00,ATM+1,PUT,446.35,450.95,443.5,447.3,9800,163340,10.204635,83700,83551.86
2025-07-09 09:47:00,ATM+2,CALL,340,344,338.05,339.5,7680,150000,8.938989,83800,83551.86
2025-07-09 09:47:00,ATM+2,PUT,501,504,495.5,501.55,7380,109720,10.253076,83800,83551.86
2025-07-09 09:47:00,ATM+3,CALL,297.55,300.75,295,296.9,4600,104360,8.957725,83900,83551.86
2025-07-09 09:47:00,ATM+3,PUT,557.4,562.8,553,557.4,2420,29800,10.257398,83900,83551.86
2025-07-09 09:47:00,ATM+4,CALL,257.8,262.35,255.9,256.35,10620,283200,8.931388,84000,83551.86
2025-07-09 09:47:00,ATM+4,PUT,617.7,623,612.25,623,1000,84080,10.410915,84000,83551.86
2025-07-09 09:47:00,ATM+5,CALL,222.65,226.3,221.3,222.35,2600,60320,8.970476,84100,83551.86
2025-07-09 09:47:00,ATM+5,PUT,680.35,680.35,680.35,680.35,0,8140,10.507558,84100,83551.86
2025-07-09 09:47:00,ATM+6,CALL,193.2,194.8,190.6,190.6,1060,88820,8.975113,84200,83551.86
2025-07-09 09:47:00,ATM+6,PUT,748.35,753,748.35,753,220,6140,10.461701,84200,83551.86
2025-07-09 09:47:00,ATM+7,CALL,164.1,167,162.35,163.55,1740,58880,9.01276,84300,83551.86
2025-07-09 09:47:00,ATM+7,PUT,820.3,820.3,820,820,100,5100,10.417538,84300,83551.86
2025-07-09 09:47:00,ATM+8,CALL,140.7,142.5,138.65,138.7,3260,67320,9.022514,84400,83551.86
2025-07-09 09:47:00,ATM+8,PUT,904,904,904,904,20,2680,10.753848,84400,83551.86
2025-07-09 09:47:00,ATM+9,CALL,119.35,121.25,118,118.6,8200,188860,9.086249,84500,83551.86
2025-07-09 09:47:00,ATM+9,PUT,977.85,977.85,975.85,975.85,420,32120,10.693201,84500,83551.86
2025-07-09 09:47:00,ATM+10,CALL,100.05,102.3,99.45,100.1,5220,145360,9.117734,84600,83551.86
2025-07-09 09:47:00,ATM+10,PUT,1061.2,1061.2,1061.2,1061.2,20,440,10.95614,84600,83551.86
2025-07-09 09:48:00,ATM-10,CALL,1220,1220,1220,1220,0,11860,7.962768,82600,83553.82
2025-07-09 09:48:00,ATM-10,PUT,101.5,101.7,100,100.4,3180,75380,10.434078,82600,83553.82
2025-07-09 09:48:00,ATM-9,CALL,1061.2,1061.2,1061.2,1061.2,0,1860,8.570859,82700,83553.82
2025-07-09 09:48:00,ATM-9,PUT,117.6,117.7,115.85,116.3,2080,52840,10.363795,82700,83553.82
2025-07-09 09:48:00,ATM-8,CALL,972.65,972.65,972.65,972.65,0,2920,8.40903,82800,83553.82
2025-07-09 09:48:00,ATM-8,PUT,135.25,135.65,133.5,134.4,820,67660,10.296609,82800,83553.82
2025-07-09 09:48:00,ATM-7,CALL,894.1,894.1,894.1,894.1,0,4100,8.542068,82900,83553.82
2025-07-09 09:48:00,ATM-7,PUT,156.9,156.9,154.65,156.6,1960,50420,10.282628,82900,83553.82
2025-07-09 09:48:00,ATM-6,CALL,820.15,820.45,820.15,820.45,40,54980,8.625613,83000,83553.82
2025-07-09 09:48:00,ATM-6,PUT,181.75,182.2,178.8,180.05,8040,192200,10.2273,83000,83553.82
2025-07-09 09:48:00,ATM-5,CALL,747.35,750.5,747.35,750.5,80,8200,8.770449,83100,83553.82
2025-07-09 09:48:00,ATM-5,PUT,208.4,209.55,205.95,207,2320,64700,10.192124,83100,83553.82
2025-07-09 09:48:00,ATM-4,CALL,676.2,681.5,676.2,681.5,280,15300,8.830862,83200,83553.82
2025-07-09 09:48:00,ATM-4,PUT,240,240.65,236.3,238.9,3680,71000,10.206667,83200,83553.82
2025-07-09 09:48:00,ATM-3,CALL,613.95,619,611.55,617.85,220,42160,8.927744,83300,83553.82
2025-07-09 09:48:00,ATM-3,PUT,274.05,274.6,270.1,272.55,1740,241540,10.183164,83300,83553.82
2025-07-09 09:48:00,ATM-2,CALL,551.25,557,549.75,554.85,1000,63940,8.941314,83400,83553.82
2025-07-09 09:48:00,ATM-2,PUT,312.45,312.7,307.5,310.6,3220,109520,10.185547,83400,83553.82
2025-07-09 09:48:00,ATM-1,CALL,492.95,497.9,490,496.3,18300,384800,8.966827,83500,83553.82
2025-07-09 09:48:00,ATM-1,PUT,352.2,354.5,348.45,351,11520,406460,10.161795,83500,83553.82
2025-07-09 09:48:00,ATM,CALL,437.8,442.7,435,440.6,11480,319780,8.964998,83600,83553.82
2025-07-09 09:48:00,ATM,PUT,397.5,399.4,393.25,396.15,10300,342280,10.16679,83600,83553.82
2025-07-09 09:48:00,ATM+1,CALL,386.9,392.55,385.85,389.65,12800,272600,8.979411,83700,83553.82
2025-07-09 09:48:00,ATM+1,PUT,448.45,449.7,442.8,445.95,8360,161980,10.196477,83700,83553.82
2025-07-09 09:48:00,ATM+2,CALL,340.15,345.5,339.7,344.4,2920,155000,9.031869,83800,83553.82
2025-07-09 09:48:00,ATM+2,PUT,501.65,502.9,496.25,498.75,2240,110360,10.213079,83800,83553.82
2025-07-09 09:48:00,ATM+3,CALL,296.95,301.1,296.15,299.5,1880,107380,8.999992,83900,83553.82
2025-07-09 09:48:00,ATM+3,PUT,556.9,559.1,553,556.05,2400,28640,10.252307,83900,83553.82
2025-07-09 09:48:00,ATM+4,CALL,257.9,261.95,257.1,261.25,4800,288820,9.031832,84000,83553.82
2025-07-09 09:48:00,ATM+4,PUT,619.2,620,617,617,680,84840,10.296854,84000,83553.82
2025-07-09 09:48:00,ATM+5,CALL,223,226.6,222.15,225.55,1700,64260,9.034027,84100,83553.82
2025-07-09 09:48:00,ATM+5,PUT,684.2,684.2,683.2,683.2,80,8220,10.388866,84100,83553.82
2025-07-09 09:48:00,ATM+6,CALL,192.35,195.35,191.5,193.8,2820,89020,9.043443,84200,83553.82
2025-07-09 09:48:00,ATM+6,PUT,753,753,753,753,0,6140,10.461701,84200,83553.82
2025-07-09 09:48:00,ATM+7,CALL,164.25,166.9,163.75,166,1120,65860,9.066067,84300,83553.82
2025-07-09 09:48:00,ATM+7,PUT,826.05,826.05,826.05,826.05,20,5100,10.612313,84300,83553.82
2025-07-09 09:48:00,ATM+8,CALL,140.3,142.5,139.8,141.95,1560,76200,9.104609,84400,83553.82
2025-07-09 09:48:00,ATM+8,PUT,904,904,904,904,0,2680,10.753848,84400,83553.82
2025-07-09 09:48:00,ATM+9,CALL,118.9,121,118.5,120.15,6420,191140,9.12261,84500,83553.82
2025-07-09 09:48:00,ATM+9,PUT,980.7,980.7,980.7,980.7,20,32200,10.875089,84500,83553.82
2025-07-09 09:48:00,ATM+10,CALL,100.35,101.85,100.05,101.4,3020,148120,9.150377,84600,83553.82
2025-07-09 09:48:00,ATM+10,PUT,1061.2,1061.2,1061.2,1061.2,0,440,10.95614,84600,83553.82
2025-07-09 09:49:00,ATM-10,CALL,1220,1220,1220,1220,0,11860,7.962768,82600,83588.01
2025-07-09 09:49:00,ATM-10,PUT,100.05,100.75,99,99,1880,75380,10.589765,82600,83588.01
2025-07-09 09:49:00,ATM-9,CALL,1061.2,1061.2,1061.2,1061.2,0,1860,8.570859,82700,83588.01
2025-07-09 09:49:00,ATM-9,PUT,115.95,117,114.7,114.7,1820,52840,10.525855,82700,83588.01
2025-07-09 09:49:00,ATM-8,CALL,972.65,972.65,972.65,972.65,0,2920,8.40903,82800,83588.01
2025-07-09 09:49:00,ATM-8,PUT,134.15,134.65,132.65,132.65,1160,67660,10.467966,82800,83588.01
2025-07-09 09:49:00,ATM-7,CALL,899.3,904,899.3,904,100,4040,7.830596,82900,83588.01
2025-07-09 09:49:00,ATM-7,PUT,155.6,156.5,153.6,153.7,1720,50420,10.434887,82900,83588.01
2025-07-09 09:49:00,ATM-6,CALL,826.25,832.55,825.6,832.55,200,54980,8.166824,83000,83588.01
2025-07-09 09:49:00,ATM-6,PUT,179.8,180.75,177.55,177.55,6820,192200,10.408408,83000,83588.01
2025-07-09 09:49:00,ATM-5,CALL,752.1,761.9,752.1,761.9,540,8200,8.367787,83100,83588.01
2025-07-09 09:49:00,ATM-5,PUT,206.6,208.15,205,205,2300,64700,10.404236,83100,83588.01
2025-07-09 09:49:00,ATM-4,CALL,681.5,689.1,681.5,686.15,720,15300,8.305415,83200,83588.01
2025-07-09 09:49:00,ATM-4,PUT,237.1,238.9,235,235,2520,71000,10.388161,83200,83588.01
2025-07-09 09:49:00,ATM-3,CALL,618.5,625,617.3,625,900,42160,8.530032,83300,83588.01
2025-07-09 09:49:00,ATM-3,PUT,272.3,273,269,269,4980,241540,10.393972,83300,83588.01
2025-07-09 09:49:00,ATM-2,CALL,556.5,562.8,554.4,562.8,2600,63940,8.61196,83400,83588.01
2025-07-09 09:49:00,ATM-2,PUT,308.25,311.05,305.6,305.6,4080,109520,10.383076,83400,83588.01
2025-07-09 09:49:00,ATM-1,CALL,496.3,502.8,494.1,502.8,19820,384800,8.645378,83500,83588.01
2025-07-09 09:49:00,ATM-1,PUT,350.7,352.85,347,347,14620,406460,10.40613,83500,83588.01
2025-07-09 09:49:00,ATM,CALL,441.25,447.5,438.8,446.25,17880,319780,8.662036,83600,83588.01
2025-07-09 09:49:00,ATM,PUT,395.2,397.7,391.2,391.2,14320,342280,10.413615,83600,83588.01
2025-07-09 09:49:00,ATM+1,CALL,391.2,397.1,388.8,396.15,8080,272600,8.730613,83700,83588.01
2025-07-09 09:49:00,ATM+1,PUT,444.05,447.75,441,441,6640,161980,10.469672,83700,83588.01
2025-07-09 09:49:00,ATM+2,CALL,344.65,350.35,342.25,349.6,7320,155000,8.784521,83800,83588.01
2025-07-09 09:49:00,ATM+2,PUT,496.65,500.25,493,493.35,3240,110360,10.504173,83800,83588.01
2025-07-09 09:49:00,ATM+3,CALL,301.25,305.95,299.25,305.95,2780,107380,8.810715,83900,83588.01
2025-07-09 09:49:00,ATM+3,PUT,553.5,557.15,549.6,549.6,1140,28640,10.549385,83900,83588.01
2025-07-09 09:49:00,ATM+4,CALL,262,266,260,266,18040,288820,8.82948,84000,83588.01
2025-07-09 09:49:00,ATM+4,PUT,613.8,617.15,609.5,609.5,1100,84840,10.601574,84000,83588.01
2025-07-09 09:49:00,ATM+5,CALL,225.75,230.2,225,230.2,2160,64260,8.854425,84100,83588.01
2025-07-09 09:49:00,ATM+5,PUT,680.2,681.85,672,672,260,8220,10.63839,84100,83588.01
2025-07-09 09:49:00,ATM+6,CALL,194.4,198.7,193.3,198.7,2160,89020,8.894312,84200,83588.01
2025-07-09 09:49:00,ATM+6,PUT,748.95,748.95,748.95,748.95,20,6140,10.954709,84200,83588.01
2025-07-09 09:49:00,ATM+7,CALL,166.55,170.4,165.6,170.05,2520,65860,8.917585,84300,83588.01
2025-07-09 09:49:00,ATM+7,PUT,826.05,826.05,826.05,826.05,0,5100,10.612313,84300,83588.01
2025-07-09 09:49:00,ATM+8,CALL,141.9,145,141.2,144.9,3480,76200,8.946319,84400,83588.01
2025-07-09 09:49:00,ATM+8,PUT,899,899,899,899,20,2700,11.311264,84400,83588.01
2025-07-09 09:49:00,ATM+9,CALL,120.75,123.3,119.6,123.3,9220,191140,8.990439,84500,83588.01
2025-07-09 09:49:00,ATM+9,PUT,970,970,970,970,100,32200,11.284491,84500,83588.01
2025-07-09 09:49:00,ATM+10,CALL,101.2,104,100.75,103.8,6160,148120,9.013401,84600,83588.01
2025-07-09 09:49:00,ATM+10,PUT,1061.2,1061.2,1061.2,1061.2,0,440,10.95614,84600,83588.01
2025-07-09 09:50:00,ATM-10,CALL,1220,1220,1220,1220,0,11860,7.962768,82600,83598.03
2025-07-09 09:50:00,ATM-10,PUT,99,99.75,95.25,97.4,20380,75380,10.590454,82600,83598.03
2025-07-09 09:50:00,ATM-9,CALL,1061.2,1061.2,1061.2,1061.2,0,1860,8.570859,82700,83598.03
2025-07-09 09:50:00,ATM-9,PUT,114.9,115.45,112.35,113.15,4140,52840,10.535527,82700,83598.03
2025-07-09 09:50:00,ATM-8,CALL,972.65,972.65,972.65,972.65,0,2920,8.40903,82800,83598.03
2025-07-09 09:50:00,ATM-8,PUT,133.3,133.45,129.85,132.35,5000,67660,10.524845,82800,83598.03
2025-07-09 09:50:00,ATM-7,CALL,904,904,904,904,0,4040,7.830596,82900,83598.03
2025-07-09 09:50:00,ATM-7,PUT,153.7,154.6,150.25,152,18060,50420,10.453351,82900,83598.03
2025-07-09 09:50:00,ATM-6,CALL,830.55,836,828.1,835,3540,54980,7.985747,83000,83598.03
2025-07-09 09:50:00,ATM-6,PUT,178.25,179.3,174.4,175.15,15540,192200,10.413586,83000,83598.03
2025-07-09 09:50:00,ATM-5,CALL,762,763,758.75,763,180,8200,8.175826,83100,83598.03
2025-07-09 09:50:00,ATM-5,PUT,205.05,205.9,200.65,202.6,8060,64700,10.417061,83100,83598.03
2025-07-09 09:50:00,ATM-4,CALL,693.75,694,689.5,693,520,15300,8.294869,83200,83598.03
2025-07-09 09:50:00,ATM-4,PUT,236.05,236.05,231.15,232.7,5380,71000,10.410878,83200,83598.03
2025-07-09 09:50:00,ATM-3,CALL,624.35,628,622.9,622.9,900,42160,8.300172,83300,83598.03
2025-07-09 09:50:00,ATM-3,PUT,269.1,270.7,264.75,266.4,11880,241540,10.416385,83300,83598.03
2025-07-09 09:50:00,ATM-2,CALL,561.85,564.25,558.9,563.45,3340,63940,8.470676,83400,83598.03
2025-07-09 09:50:00,ATM-2,PUT,306.1,308.9,301.75,303.45,9580,109520,10.423592,83400,83598.03
2025-07-09 09:50:00,ATM-1,CALL,501.85,504.95,499.55,502.25,28420,384800,8.490075,83500,83598.03
2025-07-09 09:50:00,ATM-1,PUT,347.85,349.95,342.95,344.6,33220,406460,10.4479,83500,83598.03
2025-07-09 09:50:00,ATM,CALL,447.15,450.05,443.3,447.55,22220,319780,8.56279,83600,83598.03
2025-07-09 09:50:00,ATM,PUT,391.1,394.3,387.2,388.15,35700,342280,10.447733,83600,83598.03
2025-07-09 09:50:00,ATM+1,CALL,395.2,398.15,391,397.6,16180,272600,8.645546,83700,83598.03
2025-07-09 09:50:00,ATM+1,PUT,441.55,443.25,436.2,437.35,14540,161980,10.497794,83700,83598.03
2025-07-09 09:50:00,ATM+2,CALL,348.65,351.3,346.4,351.3,7500,155000,8.714717,83800,83598.03
2025-07-09 09:50:00,ATM+2,PUT,495,496.95,488.55,491.7,10200,110360,10.586195,83800,83598.03
2025-07-09 09:50:00,ATM+3,CALL,305.85,308,303.1,306.45,4520,107380,8.721757,83900,83598.03
2025-07-09 09:50:00,ATM+3,PUT,551.7,551.75,544.25,546.3,1300,28640,10.601776,83900,83598.03
2025-07-09 09:50:00,ATM+4,CALL,265.35,267.95,263.85,267.05,19700,288820,8.761131,84000,83598.03
2025-07-09 09:50:00,ATM+4,PUT,608.95,614.6,605,605.85,5200,84840,10.654376,84000,83598.03
2025-07-09 09:50:00,ATM+5,CALL,230,231.6,227.65,231.2,3760,64260,8.792091,84100,83598.03
2025-07-09 09:50:00,ATM+5,PUT,672.25,675.65,669.5,669.5,200,8220,10.727761,84100,83598.03
2025-07-09 09:50:00,ATM+6,CALL,197.6,199.05,196.4,198.6,7760,89020,8.810531,84200,83598.03
2025-07-09 09:50:00,ATM+6,PUT,738.05,738.05,738.05,738.05,40,6140,10.846433,84200,83598.03
2025-07-09 09:50:00,ATM+7,CALL,169.35,170.85,168.25,170,3020,65860,8.840087,84300,83598.03
2025-07-09 09:50:00,ATM+7,PUT,819.45,819.45,813.35,813.35,60,5100,11.065825,84300,83598.03
2025-07-09 09:50:00,ATM+8,CALL,145.2,145.75,143.45,145.65,15680,76200,8.896215,84400,83598.03
2025-07-09 09:50:00,ATM+8,PUT,890,890,881.7,887.8,80,2700,11.20158,84400,83598.03
2025-07-09 09:50:00,ATM+9,CALL,123.35,124,121.8,123.65,11320,191140,8.9336,84500,83598.03
2025-07-09 09:50:00,ATM+9,PUT,965.65,969.6,963.55,963.85,140,32200,11.316441,84500,83598.03
2025-07-09 09:50:00,ATM+10,CALL,103.5,104.65,102.35,104.65,4520,148120,8.977815,84600,83598.03
2025-07-09 09:50:00,ATM+10,PUT,1061.2,1061.2,1061.2,1061.2,0,440,10.95614,84600,83598.03
2025-07-09 09:51:00,ATM-10,CALL,1220,1220,1220,1220,0,11860,7.962768,82600,83580.21
2025-07-09 09:51:00,ATM-10,PUT,97.4,100.1,97.35,99.1,5560,76560,10.547377,82600,83580.21
2025-07-09 09:51:00,ATM-9,CALL,1061.2,1061.2,1061.2,1061.2,0,1860,8.570859,82700,83580.21
2025-07-09 09:51:00,ATM-9,PUT,113.05,116.2,113.05,114.35,1820,53220,10.4655,82700,83580.21
2025-07-09 09:51:00,ATM-8,CALL,990,990,990,990,100,3260,8.159935,82800,83580.21
2025-07-09 09:51:00,ATM-8,PUT,131.6,134.35,131.05,133.25,1620,68860,10.43664,82800,83580.21
2025-07-09 09:51:00,ATM-7,CALL,908.4,908.4,908.4,908.4,20,3980,8.224569,82900,83580.21
2025-07-09 09:51:00,ATM-7,PUT,151.65,155.15,151.65,153.65,2340,50980,10.380168,82900,83580.21
2025-07-09 09:51:00,ATM-6,CALL,834.7,835,828.25,830,600,54940,8.284921,83000,83580.21
2025-07-09 09:51:00,ATM-6,PUT,175.95,179.6,175.95,178.75,7700,192760,10.386258,83000,83580.21
2025-07-09 09:51:00,ATM-5,CALL,760,762.8,755.95,758.05,220,9000,8.428778,83100,83580.21
2025-07-09 09:51:00,ATM-5,PUT,203.25,206.8,202.9,205.6,2800,65740,10.361045,83100,83580.21
2025-07-09 09:51:00,ATM-4,CALL,690,693.15,686.05,690,960,15540,8.563368,83200,83580.21
2025-07-09 09:51:00,ATM-4,PUT,233.95,237.65,233,235.9,8420,72560,10.348466,83200,83580.21
2025-07-09 09:51:00,ATM-3,CALL,626.1,626.65,620,622.1,960,42500,8.592545,83300,83580.21
2025-07-09 09:51:00,ATM-3,PUT,266.6,272.35,266.6,269.65,2160,242240,10.343385,83300,83580.21
2025-07-09 09:51:00,ATM-2,CALL,564.75,565,557,560.85,4540,63560,8.687189,83400,83580.21
2025-07-09 09:51:00,ATM-2,PUT,303.95,309.6,303.95,306.95,5140,119080,10.344551,83400,83580.21
2025-07-09 09:51:00,ATM-1,CALL,504,504.9,498.85,501.1,17680,404880,8.716646,83500,83580.21
2025-07-09 09:51:00,ATM-1,PUT,344.25,350.55,344.25,348.05,18900,411940,10.355152,83500,83580.21
2025-07-09 09:51:00,ATM,CALL,448.45,450,443.05,445.05,23320,318860,8.735965,83600,83580.21
2025-07-09 09:51:00,ATM,PUT,388.45,395.15,388.45,392.35,16360,349280,10.359405,83600,83580.21
2025-07-09 09:51:00,ATM+1,CALL,397.8,399.2,392.55,394.3,17560,272740,8.781445,83700,83580.21
2025-07-09 09:51:00,ATM+1,PUT,437.85,445,437.85,441.55,4500,162860,10.395756,83700,83580.21
2025-07-09 09:51:00,ATM+2,CALL,350.9,351.25,345.55,347.8,7480,155940,8.829144,83800,83580.21
2025-07-09 09:51:00,ATM+2,PUT,490.05,497.7,490.05,494.7,3720,109280,10.442294,83800,83580.21
2025-07-09 09:51:00,ATM+3,CALL,305.95,307.8,302,302.9,6880,107820,8.819311,83900,83580.21
2025-07-09 09:51:00,ATM+3,PUT,548,554.8,548,550.05,760,29880,10.459856,83900,83580.21
2025-07-09 09:51:00,ATM+4,CALL,267.15,267.9,262.4,263.3,9840,288220,8.839139,84000,83580.21
2025-07-09 09:51:00,ATM+4,PUT,609,614.75,606.85,611.1,2540,84800,10.531514,84000,83580.21
2025-07-09 09:51:00,ATM+5,CALL,230.45,231.9,226.25,228,10280,64980,8.869274,84100,83580.21
2025-07-09 09:51:00,ATM+5,PUT,673.85,673.85,672.45,672.45,40,8220,10.532728,84100,83580.21
2025-07-09 09:51:00,ATM+6,CALL,198.35,199,195.15,195.65,5580,90240,8.880487,84200,83580.21
2025-07-09 09:51:00,ATM+6,PUT,737.3,747.95,737.3,743.95,160,6180,10.705617,84200,83580.21
2025-07-09 09:51:00,ATM+7,CALL,169.95,170.2,167.5,167.5,1580,66100,8.909121,84300,83580.21
2025-07-09 09:51:00,ATM+7,PUT,814.1,814.1,812.45,812.45,40,5100,10.733044,84300,83580.21
2025-07-09 09:51:00,ATM+8,CALL,144.95,145.45,142.4,143.35,2060,76860,8.958825,84400,83580.21
2025-07-09 09:51:00,ATM+8,PUT,887.8,887.8,887.8,887.8,0,2700,11.20158,84400,83580.21
2025-07-09 09:51:00,ATM+9,CALL,123.45,123.5,121.6,122.05,7660,190220,9.005865,84500,83580.21
2025-07-09 09:51:00,ATM+9,PUT,964.85,966.35,964.85,966.35,60,32080,11.024033,84500,83580.21
2025-07-09 09:51:00,ATM+10,CALL,104.15,104.15,102.2,103.3,3380,148620,9.047948,84600,83580.21
2025-07-09 09:51:00,ATM+10,PUT,1061.2,1061.2,1061.2,1061.2,0,440,10.95614,84600,83580.21
2025-07-09 09:52:00,ATM-10,CALL,1220,1220,1220,1220,0,11860,7.962768,82600,83585.82
2025-07-09 09:52:00,ATM-10,PUT,98.4,98.9,96.15,96.45,6760,76560,10.482219,82600,83585.82
2025-07-09 09:52:00,ATM-9,CALL,1061.2,1061.2,1061.2,1061.2,0,1860,8.570859,82700,83585.82
2025-07-09 09:52:00,ATM-9,PUT,114.6,114.7,111.45,112.3,1520,53220,10.430171,82700,83585.82
2025-07-09 09:52:00,ATM-8,CALL,997,997,997,997,180,3260,8.248768,82800,83585.82
2025-07-09 09:52:00,ATM-8,PUT,132.4,133,129.05,129.8,1340,68860,10.362896,82800,83585.82
2025-07-09 09:52:00,ATM-7,CALL,908.4,908.4,908.4,908.4,0,3980,8.224569,82900,83585.82
2025-07-09 09:52:00,ATM-7,PUT,153.6,153.95,149.4,150.7,3420,50980,10.330565,82900,83585.82
2025-07-09 09:52:00,ATM-6,CALL,831.45,841.8,830,840.4,1780,54940,8.474751,83000,83585.82
2025-07-09 09:52:00,ATM-6,PUT,178,178.35,173.3,173.9,8080,192760,10.290113,83000,83585.82
2025-07-09 09:52:00,ATM-5,CALL,759.55,765.05,755.6,765.05,140,9000,8.510063,83100,83585.82
2025-07-09 09:52:00,ATM-5,PUT,204.8,205.4,199.9,200.85,5320,65740,10.27702,83100,83585.82
2025-07-09 09:52:00,ATM-4,CALL,690.9,697.05,690.9,697.05,300,15540,8.646097,83200,83585.82
2025-07-09 09:52:00,ATM-4,PUT,235,235.65,229.15,230.35,3940,72560,10.252108,83200,83585.82
2025-07-09 09:52:00,ATM-3,CALL,622,630.95,622,628.9,960,42500,8.669869,83300,83585.82
2025-07-09 09:52:00,ATM-3,PUT,269.45,270.55,263,264.1,4660,242240,10.255159,83300,83585.82
2025-07-09 09:52:00,ATM-2,CALL,561.5,568.7,559.05,567.1,3520,63560,8.753293,83400,83585.82
2025-07-09 09:52:00,ATM-2,PUT,306.35,307.35,299.5,300.2,8140,119080,10.234687,83400,83585.82
2025-07-09 09:52:00,ATM-1,CALL,500.25,508.9,499,507.9,16780,404880,8.79908,83500,83585.82
2025-07-09 09:52:00,ATM-1,PUT,347.4,349,340.75,341,27580,411940,10.245239,83500,83585.82
2025-07-09 09:52:00,ATM,CALL,445.2,452.45,443.7,450.65,16740,318860,8.794309,83600,83585.82
2025-07-09 09:52:00,ATM,PUT,392.55,393.75,383.35,384.3,22200,349280,10.232494,83600,83585.82
2025-07-09 09:52:00,ATM+1,CALL,394.85,401.45,393.05,398.6,11800,272740,8.814764,83700,83585.82
2025-07-09 09:52:00,ATM+1,PUT,441.6,443.25,432.9,433.6,7800,162860,10.276521,83700,83585.82
2025-07-09 09:52:00,ATM+2,CALL,348.35,353.6,346,351.9,8960,155940,8.863234,83800,83585.82
2025-07-09 09:52:00,ATM+2,PUT,493.6,494.45,484.35,485.6,5580,109280,10.300995,83800,83585.82
2025-07-09 09:52:00,ATM+3,CALL,303.75,309.15,302.35,307.05,3680,107820,8.86032,83900,83585.82
2025-07-09 09:52:00,ATM+3,PUT,549.35,551.65,540,542.25,2220,29880,10.351934,83900,83585.82
2025-07-09 09:52:00,ATM+4,CALL,264,268.7,262.25,267.5,10660,288220,8.887592,84000,83585.82
2025-07-09 09:52:00,ATM+4,PUT,610.7,612.2,600.05,602.5,2280,84800,10.407407,84000,83585.82
2025-07-09 09:52:00,ATM+5,CALL,228.55,232.45,226.85,231.5,2040,64980,8.907394,84100,83585.82
2025-07-09 09:52:00,ATM+5,PUT,665,665.5,665,665.5,80,8340,10.449926,84100,83585.82
2025-07-09 09:52:00,ATM+6,CALL,196.2,200.45,195.5,200.05,2380,90240,8.94871,84200,83585.82
2025-07-09 09:52:00,ATM+6,PUT,743.35,744.35,731.55,731.55,180,6180,10.489092,84200,83585.82
2025-07-09 09:52:00,ATM+7,CALL,167.85,171.85,167.3,170.6,1700,66100,8.951081,84300,83585.82
2025-07-09 09:52:00,ATM+7,PUT,813.55,813.55,802,802,140,5100,10.563024,84300,83585.82
2025-07-09 09:52:00,ATM+8,CALL,142.9,146,142.4,145.7,2500,76860,8.98697,84400,83585.82
2025-07-09 09:52:00,ATM+8,PUT,887.8,891,881.2,881.2,320,2740,10.797307,84400,83585.82
2025-07-09 09:52:00,ATM+9,CALL,122,124.6,121.3,123.75,7120,190220,9.021069,84500,83585.82
2025-07-09 09:52:00,ATM+9,PUT,966.35,970.8,960,960,160,32080,10.962148,84500,83585.82
2025-07-09 09:52:00,ATM+10,CALL,102.45,105,102,104.5,3440,148620,9.052757,84600,83585.82
2025-07-09 09:52:00,ATM+10,PUT,1061.2,1061.2,1061.2,1061.2,0,440,10.95614,84600,83585.82
2025-07-09 09:53:00,ATM-10,CALL,1220,1220,1220,1220,0,11860,7.962768,82600,83603
2025-07-09 09:53:00,ATM-10,PUT,96.35,97.35,93.5,94.5,4160,76560,10.511581,82600,83603
2025-07-09 09:53:00,ATM-9,CALL,1061.2,1061.2,1061.2,1061.2,0,1860,8.570859,82700,83603
2025-07-09 09:53:00,ATM-9,PUT,111.8,113.05,109,110.05,4460,53220,10.459436,82700,83603
2025-07-09 09:53:00,ATM-8,CALL,996.5,996.5,996.5,996.5,20,3260,7.611891,82800,83603
2025-07-09 09:53:00,ATM-8,PUT,129.9,131.4,126.05,127.05,3700,68860,10.38644,82800,83603
2025-07-09 09:53:00,ATM-7,CALL,919.25,919.25,919.25,919.25,20,3980,7.934782,82900,83603
2025-07-09 09:53:00,ATM-7,PUT,150.5,151.7,146.25,148,3780,50980,10.367335,82900,83603
2025-07-09 09:53:00,ATM-6,CALL,837.9,852.7,837.9,852.05,2160,54940,8.414474,83000,83603
2025-07-09 09:53:00,ATM-6,PUT,174.6,175.6,168.55,171,20080,192760,10.332242,83000,83603
2025-07-09 09:53:00,ATM-5,CALL,767.2,770.95,767.2,769.5,340,9000,8.258638,83100,83603
2025-07-09 09:53:00,ATM-5,PUT,200.8,202.6,195.1,196.9,5040,65740,10.302012,83100,83603
2025-07-09 09:53:00,ATM-4,CALL,697.05,710.05,691.95,702.8,880,15540,8.467292,83200,83603
2025-07-09 09:53:00,ATM-4,PUT,230.5,232.85,225,226.6,11480,72560,10.294762,83200,83603
2025-07-09 09:53:00,ATM-3,CALL,630,642,627.25,638.15,4020,42500,8.608045,83300,83603
2025-07-09 09:53:00,ATM-3,PUT,263.75,266.45,258,259.75,9540,242240,10.29509,83300,83603
2025-07-09 09:53:00,ATM-2,CALL,566.55,578,563.85,572.4,6980,63560,8.614079,83400,83603
2025-07-09 09:53:00,ATM-2,PUT,301.15,302.4,293.85,297.3,8920,119080,10.322116,83400,83603
2025-07-09 09:53:00,ATM-1,CALL,507.7,518.15,503.75,512.8,37000,404880,8.671477,83500,83603
2025-07-09 09:53:00,ATM-1,PUT,341.5,343.95,333.8,336.7,42260,411940,10.311624,83500,83603
2025-07-09 09:53:00,ATM,CALL,451.65,461.9,447.95,457.8,40560,318860,8.73799,83600,83603
2025-07-09 09:53:00,ATM,PUT,384,387.6,376.95,378.7,40640,349280,10.281656,83600,83603
2025-07-09 09:53:00,ATM+1,CALL,400.2,410,397.55,406.2,28760,272740,8.785701,83700,83603
2025-07-09 09:53:00,ATM+1,PUT,432.95,436.85,425,428.05,21880,162860,10.340457,83700,83603
2025-07-09 09:53:00,ATM+2,CALL,352,362.2,349.35,358.2,19760,155940,8.82055,83800,83603
2025-07-09 09:53:00,ATM+2,PUT,484.65,488.85,477,480.8,6720,109280,10.396084,83800,83603
2025-07-09 09:53:00,ATM+3,CALL,306.6,316.65,305.6,313.6,7740,107820,8.839251,83900,83603
2025-07-09 09:53:00,ATM+3,PUT,542.3,545.15,534.95,536.5,3320,29880,10.439604,83900,83603
2025-07-09 09:53:00,ATM+4,CALL,268.4,276,265.95,272.9,31340,288220,8.854992,84000,83603
2025-07-09 09:53:00,ATM+4,PUT,600.4,603.95,592.1,596.7,5620,84800,10.508927,84000,83603
2025-07-09 09:53:00,ATM+5,CALL,231.15,238.35,229.75,236.45,3860,64980,8.878925,84100,83603
2025-07-09 09:53:00,ATM+5,PUT,670.85,670.85,670.85,670.85,20,8340,10.834514,84100,83603
2025-07-09 09:53:00,ATM+6,CALL,198.8,206,197.8,202.85,4660,90240,8.880217,84200,83603
2025-07-09 09:53:00,ATM+6,PUT,731.35,736,725.05,726.65,760,6180,10.645765,84200,83603
2025-07-09 09:53:00,ATM+7,CALL,171,177.45,169.1,174.9,7080,66100,8.935487,84300,83603
2025-07-09 09:53:00,ATM+7,PUT,806.85,806.85,791.45,791.45,80,5100,10.593993,84300,83603
2025-07-09 09:53:00,ATM+8,CALL,145.2,150.9,144.5,149.25,2420,76860,8.964928,84400,83603
2025-07-09 09:53:00,ATM+8,PUT,881.2,881.2,865.15,865.15,160,2740,10.694677,84400,83603
2025-07-09 09:53:00,ATM+9,CALL,124.15,129.15,123.1,127.35,6980,190220,9.014787,84500,83603
2025-07-09 09:53:00,ATM+9,PUT,950.55,950.55,945,945,160,32080,10.896075,84500,83603
2025-07-09 09:53:00,ATM+10,CALL,104.65,108.7,103.9,107.7,4660,148620,9.048529,84600,83603
2025-07-09 09:53:00,ATM+10,PUT,1061.2,1061.2,1061.2,1061.2,0,440,10.95614,84600,83603
2025-07-09 09:54:00,ATM-10,CALL,1220,1220,1220,1220,0,11860,7.962768,82600,83607.4
2025-07-09 09:54:00,ATM-10,PUT,94.8,98.3,92.95,97.9,9880,69940,10.667592,82600,83607.4
2025-07-09 09:54:00,ATM-9,CALL,1079.65,1079.65,1079.65,1079.65,100,1880,7.117435,82700,83607.4
2025-07-09 09:54:00,ATM-9,PUT,109.7,113.9,109.2,113.9,2200,54360,10.622463,82700,83607.4
2025-07-09 09:54:00,ATM-8,CALL,1006.75,1006.75,1006.75,1006.75,20,3260,7.891497,82800,83607.4
2025-07-09 09:54:00,ATM-8,PUT,127.2,131.85,127.05,131.85,4280,69020,10.572218,82800,83607.4
2025-07-09 09:54:00,ATM-7,CALL,919.25,919.25,919.25,919.25,0,3980,7.934782,82900,83607.4
2025-07-09 09:54:00,ATM-7,PUT,147.15,152.45,146.8,152.45,3580,64000,10.533543,82900,83607.4
2025-07-09 09:54:00,ATM-6,CALL,846.3,850.7,835,835,1720,52780,7.73387,83000,83607.4
2025-07-09 09:54:00,ATM-6,PUT,170.65,176.1,170.15,175.8,8960,196320,10.502009,83000,83607.4
2025-07-09 09:54:00,ATM-5,CALL,772.5,772.5,764.05,764.05,120,9000,7.993506,83100,83607.4
2025-07-09 09:54:00,ATM-5,PUT,196.7,203,196.6,202.7,3200,69920,10.49336,83100,83607.4
2025-07-09 09:54:00,ATM-4,CALL,705.5,706.25,695,695,340,15940,8.163943,83200,83607.4
2025-07-09 09:54:00,ATM-4,PUT,226.55,233.2,225.9,232.1,2680,72560,10.473037,83200,83607.4
2025-07-09 09:54:00,ATM-3,CALL,639.8,641.75,627,627,1440,42500,8.241418,83300,83607.4
2025-07-09 09:54:00,ATM-3,PUT,260.55,267.1,258.8,266.2,6180,247520,10.493581,83300,83607.4
2025-07-09 09:54:00,ATM-2,CALL,575,578.2,563.05,563.05,3440,66520,8.313584,83400,83607.4
2025-07-09 09:54:00,ATM-2,PUT,296.7,304,295,303.95,5580,119080,10.522747,83400,83607.4
2025-07-09 09:54:00,ATM-1,CALL,515,518.5,503.85,504.45,38660,404880,8.409854,83500,83607.4
2025-07-09 09:54:00,ATM-1,PUT,335.8,344.75,335,344.25,30420,416500,10.532249,83500,83607.4
2025-07-09 09:54:00,ATM,CALL,458.95,461.95,448,448.35,35240,320860,8.461192,83600,83607.4
2025-07-09 09:54:00,ATM,PUT,379.7,388.55,377.9,388.15,26360,349280,10.546313,83600,83607.4
2025-07-09 09:54:00,ATM+1,CALL,405.9,409.9,397.35,398.6,28980,278820,8.558911,83700,83607.4
2025-07-09 09:54:00,ATM+1,PUT,427,438,426.7,437.55,16100,161860,10.607637,83700,83607.4
2025-07-09 09:54:00,ATM+2,CALL,359.05,360.55,351.1,351.2,13900,157340,8.611855,83800,83607.4
2025-07-09 09:54:00,ATM+2,PUT,479.55,490.6,478.75,490.1,6660,107100,10.662043,83800,83607.4
2025-07-09 09:54:00,ATM+3,CALL,313.4,316,306.4,306.4,9880,111540,8.627915,83900,83607.4
2025-07-09 09:54:00,ATM+3,PUT,534.6,545.15,532.4,543.7,2140,30420,10.662362,83900,83607.4
2025-07-09 09:54:00,ATM+4,CALL,273.35,275.8,266.3,266.3,24760,288980,8.657544,84000,83607.4
2025-07-09 09:54:00,ATM+4,PUT,596.2,607.2,593.4,607.2,3680,86020,10.815596,84000,83607.4
2025-07-09 09:54:00,ATM+5,CALL,237,238.25,230.25,230.25,3940,72700,8.689093,84100,83607.4
2025-07-09 09:54:00,ATM+5,PUT,658.55,665.7,657.65,665.7,180,8500,10.776302,84100,83607.4
2025-07-09 09:54:00,ATM+6,CALL,204.1,205.75,198.7,198.7,6300,95220,8.738744,84200,83607.4
2025-07-09 09:54:00,ATM+6,PUT,723.4,737.1,723.4,737.1,980,6280,10.973124,84200,83607.4
2025-07-09 09:54:00,ATM+7,CALL,176.1,176.25,169.9,169.9,2660,67260,8.767832,84300,83607.4
2025-07-09 09:54:00,ATM+7,PUT,796.5,809,796,809,220,5140,11.116774,84300,83607.4
2025-07-09 09:54:00,ATM+8,CALL,150.3,150.7,144.65,144.65,2720,88120,8.802224,84400,83607.4
2025-07-09 09:54:00,ATM+8,PUT,872.5,872.5,868,868,40,2800,10.85347,84400,83607.4
2025-07-09 09:54:00,ATM+9,CALL,127.6,128.5,123.45,123.45,16680,190140,8.86589,84500,83607.4
2025-07-09 09:54:00,ATM+9,PUT,945.5,945.5,944.4,944.4,80,32120,10.969137,84500,83607.4
2025-07-09 09:54:00,ATM+10,CALL,107.7,108.5,104,104,4860,149800,8.898039,84600,83607.4
2025-07-09 09:54:00,ATM+10,PUT,1061.2,1061.2,1061.2,1061.2,0,440,10.95614,84600,83607.4
2025-07-09 09:55:00,ATM-10,CALL,1220,1220,1220,1220,0,11860,7.962768,82600,83602.58
2025-07-09 09:55:00,ATM-10,PUT,97.45,97.45,95.05,95.7,3500,69940,10.555791,82600,83602.58
2025-07-09 09:55:00,ATM-9,CALL,1079.65,1079.65,1079.65,1079.65,0,1880,7.117435,82700,83602.58
2025-07-09 09:55:00,ATM-9,PUT,113.45,113.45,110.6,110.9,1580,54360,10.487689,82700,83602.58
2025-07-09 09:55:00,ATM-8,CALL,1006.75,1006.75,1006.75,1006.75,0,3260,7.891497,82800,83602.58
2025-07-09 09:55:00,ATM-8,PUT,130.45,130.45,128.3,128.45,1300,69020,10.430419,82800,83602.58
2025-07-09 09:55:00,ATM-7,CALL,919.25,919.25,919.25,919.25,0,3980,7.934782,82900,83602.58
2025-07-09 09:55:00,ATM-7,PUT,150.85,150.85,147.9,147.9,1420,64000,10.362334,82900,83602.58
2025-07-09 09:55:00,ATM-6,CALL,835.55,847.55,835.55,847.55,320,52780,8.281848,83000,83602.58
2025-07-09 09:55:00,ATM-6,PUT,175.4,175.4,171.2,171.3,5340,196320,10.338737,83000,83602.58
2025-07-09 09:55:00,ATM-5,CALL,766.25,766.25,766.25,766.25,20,9000,8.172814,83100,83602.58
2025-07-09 09:55:00,ATM-5,PUT,202.35,202.35,197.4,197.7,3020,69920,10.321446,83100,83602.58
2025-07-09 09:55:00,ATM-4,CALL,693,704,693,704,220,15940,8.510049,83200,83602.58
2025-07-09 09:55:00,ATM-4,PUT,232.15,232.15,226.75,227.3,3480,72560,10.310395,83200,83602.58
2025-07-09 09:55:00,ATM-3,CALL,629.6,638.25,629.6,638.25,740,42500,8.61953,83300,83602.58
2025-07-09 09:55:00,ATM-3,PUT,265,265.35,260.3,261.1,3000,247520,10.325964,83300,83602.58
2025-07-09 09:55:00,ATM-2,CALL,565.95,574.6,565.95,574.35,3700,66520,8.670144,83400,83602.58
2025-07-09 09:55:00,ATM-2,PUT,303.35,303.35,296.7,296.7,3740,119080,10.304698,83400,83602.58
2025-07-09 09:55:00,ATM-1,CALL,506,514.6,505.5,513.7,19080,404880,8.700311,83500,83602.58
2025-07-09 09:55:00,ATM-1,PUT,343.45,343.45,336.45,336.5,18080,416500,10.303694,83500,83602.58
2025-07-09 09:55:00,ATM,CALL,448.95,459,448.95,458.55,20620,320860,8.762292,83600,83602.58
2025-07-09 09:55:00,ATM,PUT,386.75,386.75,379.35,380.25,20480,349280,10.314028,83600,83602.58
2025-07-09 09:55:00,ATM+1,CALL,399.5,407.9,398.6,406.85,17500,278820,8.807022,83700,83602.58
2025-07-09 09:55:00,ATM+1,PUT,437.1,437.1,428.1,429.3,7320,161860,10.365324,83700,83602.58
2025-07-09 09:55:00,ATM+2,CALL,351.65,358.6,351.65,358.4,12600,157340,8.831106,83800,83602.58
2025-07-09 09:55:00,ATM+2,PUT,488.1,488.1,480.45,480.45,5300,107100,10.383844,83800,83602.58
2025-07-09 09:55:00,ATM+3,CALL,307,313.8,306.85,313.7,2960,111540,8.84716,83900,83602.58
2025-07-09 09:55:00,ATM+3,PUT,544.7,544.7,535.2,537,800,30420,10.44657,83900,83602.58
2025-07-09 09:55:00,ATM+4,CALL,266.45,272.85,266.45,272.75,11020,288980,8.856692,84000,83602.58
2025-07-09 09:55:00,ATM+4,PUT,603.35,603.35,596.55,596.55,5720,86020,10.500369,84000,83602.58
2025-07-09 09:55:00,ATM+5,CALL,230.75,236.2,230.75,236.2,2200,72700,8.877777,84100,83602.58
2025-07-09 09:55:00,ATM+5,PUT,670.75,670.75,659,659,80,8500,10.545036,84100,83602.58
2025-07-09 09:55:00,ATM+6,CALL,199.5,204.25,198.8,203.6,3240,95220,8.904051,84200,83602.58
2025-07-09 09:55:00,ATM+6,PUT,732.1,732.1,730.05,730.05,40,6280,10.723588,84200,83602.58
2025-07-09 09:55:00,ATM+7,CALL,170.7,175.4,170.45,174.7,1360,67260,8.934607,84300,83602.58
2025-07-09 09:55:00,ATM+7,PUT,801.9,804.65,801.9,804.65,120,5140,10.924359,84300,83602.58
2025-07-09 09:55:00,ATM+8,CALL,145.15,149.6,145.15,149.6,3320,88120,8.979182,84400,83602.58
2025-07-09 09:55:00,ATM+8,PUT,868,868,868,868,0,2800,10.85347,84400,83602.58
2025-07-09 09:55:00,ATM+9,CALL,124,127.35,123.85,127.35,5720,190140,9.018893,84500,83602.58
2025-07-09 09:55:00,ATM+9,PUT,944.4,944.4,944.4,944.4,0,32120,10.969137,84500,83602.58
2025-07-09 09:55:00,ATM+10,CALL,104.4,107.3,104.4,107.3,3040,149800,9.039268,84600,83602.58
2025-07-09 09:55:00,ATM+10,PUT,1061.2,1061.2,1061.2,1061.2,0,440,10.95614,84600,83602.58
2025-07-09 09:56:00,ATM-10,CALL,1166.15,1174.8,1166.15,1174.8,80,1180,0,82600,83642.85
2025-07-09 09:56:00,ATM-10,PUT,95.45,95.75,90,91.2,9160,69940,10.621859,82600,83642.85
2025-07-09 09:56:00,ATM-9,CALL,1079.65,1079.65,1079.65,1079.65,0,1880,7.117435,82700,83642.85
2025-07-09 09:56:00,ATM-9,PUT,111.25,111.25,105.35,105.75,8580,54360,10.554462,82700,83642.85
2025-07-09 09:56:00,ATM-8,CALL,1010.6,1025,1010.6,1025,120,3260,7.299878,82800,83642.85
2025-07-09 09:56:00,ATM-8,PUT,128.8,128.8,121.7,122.6,8620,69020,10.498902,82800,83642.85
2025-07-09 09:56:00,ATM-7,CALL,951.6,951.6,951.6,951.6,20,3960,7.888952,82900,83642.85
2025-07-09 09:56:00,ATM-7,PUT,149.05,149.2,140.05,142,5040,64000,10.454782,82900,83642.85
2025-07-09 09:56:00,ATM-6,CALL,849.8,873.1,849.8,872.75,2420,52780,8.03919,83000,83642.85
2025-07-09 09:56:00,ATM-6,PUT,171.9,171.9,163.35,164.6,26920,196320,10.433508,83000,83642.85
2025-07-09 09:56:00,ATM-5,CALL,776.8,798.75,776.8,798.75,820,9000,8.214722,83100,83642.85
2025-07-09 09:56:00,ATM-5,PUT,198.5,198.95,188.25,189.75,13880,69920,10.408224,83100,83642.85
2025-07-09 09:56:00,ATM-4,CALL,703.8,725.65,703.8,724.25,1340,15940,8.251613,83200,83642.85
2025-07-09 09:56:00,ATM-4,PUT,228.15,228.65,216.35,218.55,12240,72560,10.404013,83200,83642.85
2025-07-09 09:56:00,ATM-3,CALL,638,659.95,636.95,658,4480,42500,8.406652,83300,83642.85
2025-07-09 09:56:00,ATM-3,PUT,261.2,261.85,248.4,249.6,13600,247520,10.378962,83300,83642.85
2025-07-09 09:56:00,ATM-2,CALL,574.6,594.65,574.6,592.75,11360,66520,8.473913,83400,83642.85
2025-07-09 09:56:00,ATM-2,PUT,298.5,298.5,282.6,285,17640,119080,10.383209,83400,83642.85
2025-07-09 09:56:00,ATM-1,CALL,512.8,533,512.8,531.3,62940,404880,8.531359,83500,83642.85
2025-07-09 09:56:00,ATM-1,PUT,337.4,338,322.1,324.15,70980,416500,10.397221,83500,83642.85
2025-07-09 09:56:00,ATM,CALL,456.75,475.3,456.75,475.1,65760,320860,8.612304,83600,83642.85
2025-07-09 09:56:00,ATM,PUT,381.25,381.25,363.55,365,58560,349280,10.370931,83600,83642.85
2025-07-09 09:56:00,ATM+1,CALL,406.4,423.6,404.3,421.8,55000,278820,8.660937,83700,83642.85
2025-07-09 09:56:00,ATM+1,PUT,429.15,431.25,411.05,413.2,28360,161860,10.434704,83700,83642.85
2025-07-09 09:56:00,ATM+2,CALL,358.05,374.25,357.4,372.85,36080,157340,8.712358,83800,83642.85
2025-07-09 09:56:00,ATM+2,PUT,481.3,482.85,463,464.65,17280,107100,10.4923,83800,83642.85
2025-07-09 09:56:00,ATM+3,CALL,312.35,328,311.75,327.55,15420,111540,8.751873,83900,83642.85
2025-07-09 09:56:00,ATM+3,PUT,538.75,538.75,516.4,518.25,5300,30420,10.519693,83900,83642.85
2025-07-09 09:56:00,ATM+4,CALL,272.25,285.85,271.75,285.45,41860,288980,8.770843,84000,83642.85
2025-07-09 09:56:00,ATM+4,PUT,597.95,597.95,575.05,577,11040,86020,10.587559,84000,83642.85
2025-07-09 09:56:00,ATM+5,CALL,235.35,248,235.15,248,7860,72700,8.805725,84100,83642.85
2025-07-09 09:56:00,ATM+5,PUT,658.2,658.2,639.25,639.25,340,8500,10.660768,84100,83642.85
2025-07-09 09:56:00,ATM+6,CALL,203.55,214.6,202.8,213.9,11040,95220,8.829357,84200,83642.85
2025-07-09 09:56:00,ATM+6,PUT,728.85,728.85,705,705.55,260,6280,10.756236,84200,83642.85
2025-07-09 09:56:00,ATM+7,CALL,173.5,184.45,173.5,184.45,5660,67260,8.879304,84300,83642.85
2025-07-09 09:56:00,ATM+7,PUT,794.65,794.65,761.4,777.5,1380,5140,10.919872,84300,83642.85
2025-07-09 09:56:00,ATM+8,CALL,148,157.85,148,157,9700,88120,8.892204,84400,83642.85
2025-07-09 09:56:00,ATM+8,PUT,858,858,852.5,852.5,340,2800,11.095921,84400,83642.85
2025-07-09 09:56:00,ATM+9,CALL,126.45,134.4,126.45,134.4,14480,190140,8.952395,84500,83642.85
2025-07-09 09:56:00,ATM+9,PUT,942.8,942.8,924,924,360,32120,11.1143,84500,83642.85
2025-07-09 09:56:00,ATM+10,CALL,107.15,114.3,106.7,113.6,10060,149800,8.98071,84600,83642.85
2025-07-09 09:56:00,ATM+10,PUT,1026.05,1026.05,1018.9,1018.9,80,540,11.716664,84600,83642.85
2025-07-09 09:57:00,ATM-10,CALL,1108.85,1135.25,1108.85,1135.25,240,1880,7.662671,82700,83657.95
2025-07-09 09:57:00,ATM-10,PUT,105.8,105.95,102.4,105.1,5200,55320,10.62412,82700,83657.95
2025-07-09 09:57:00,ATM-9,CALL,1037.95,1043.1,1037.95,1042,60,3080,7.475296,82800,83657.95
2025-07-09 09:57:00,ATM-9,PUT,121.95,122.5,118.25,122.5,7780,70880,10.593058,82800,83657.95
2025-07-09 09:57:00,ATM-8,CALL,927.85,982.9,927.85,958.65,2020,3980,7.653672,82900,83657.95
2025-07-09 09:57:00,ATM-8,PUT,141.95,141.95,135.9,141.2,6700,64520,10.531911,82900,83657.95
2025-07-09 09:57:00,ATM-7,CALL,869.55,890.1,869.55,887.05,3800,51480,8.107599,83000,83657.95
2025-07-09 09:57:00,ATM-7,PUT,164.75,164.75,158.35,163,18600,195300,10.4939,83000,83657.95
2025-07-09 09:57:00,ATM-6,CALL,796.3,816.9,796.3,809,1120,8700,8.166677,83100,83657.95
2025-07-09 09:57:00,ATM-6,PUT,189.2,189.25,183.15,188.8,6400,71100,10.495006,83100,83657.95
2025-07-09 09:57:00,ATM-5,CALL,731.6,744.2,726.45,736.6,2260,16060,8.28325,83200,83657.95
2025-07-09 09:57:00,ATM-5,PUT,217.9,218.5,210.95,216.2,9800,78520,10.461432,83200,83657.95
2025-07-09 09:57:00,ATM-4,CALL,657,675,657,670,4220,42160,8.442967,83300,83657.95
2025-07-09 09:57:00,ATM-4,PUT,249.7,249.7,241.9,248.85,13400,247860,10.486343,83300,83657.95
2025-07-09 09:57:00,ATM-3,CALL,594.95,609.3,593.2,605.7,14760,63800,8.547423,83400,83657.95
2025-07-09 09:57:00,ATM-3,PUT,284.4,285.05,276.35,281.75,18360,123080,10.437792,83400,83657.95
2025-07-09 09:57:00,ATM-2,CALL,531.5,547.2,530.4,542.3,72100,400160,8.569669,83500,83657.95
2025-07-09 09:57:00,ATM-2,PUT,324.6,324.6,313.3,320.15,63880,423040,10.444576,83500,83657.95
2025-07-09 09:57:00,ATM-1,CALL,473.95,488.2,473.85,483.6,73520,323800,8.605693,83600,83657.95
2025-07-09 09:57:00,ATM-1,PUT,365.65,365.8,354.05,361.5,49280,361500,10.441027,83600,83657.95
2025-07-09 09:57:00,ATM,CALL,422.6,434.8,420,431,93060,277260,8.685241,83700,83657.95
2025-07-09 09:57:00,ATM,PUT,414,414,401,408.4,42020,163040,10.486189,83700,83657.95
2025-07-09 09:57:00,ATM+1,CALL,373.2,384.7,371.3,381.4,43460,155860,8.736136,83800,83657.95
2025-07-09 09:57:00,ATM+1,PUT,464.7,464.7,450.75,459,30460,111040,10.536127,83800,83657.95
2025-07-09 09:57:00,ATM+2,CALL,326.85,338,326.25,334.8,27000,108900,8.760234,83900,83657.95
2025-07-09 09:57:00,ATM+2,PUT,519,519,504.5,513,5320,28220,10.584846,83900,83657.95
2025-07-09 09:57:00,ATM+3,CALL,285.2,295,284.4,292.5,59980,289120,8.789062,84000,83657.95
2025-07-09 09:57:00,ATM+3,PUT,577.7,577.8,561.8,571.65,9100,85000,10.662915,84000,83657.95
2025-07-09 09:57:00,ATM+4,CALL,247.45,256.45,246.6,254.25,13160,72940,8.819516,84100,83657.95
2025-07-09 09:57:00,ATM+4,PUT,639.25,639.25,625.05,632.8,320,8500,10.723122,84100,83657.95
2025-07-09 09:57:00,ATM+5,CALL,213.8,221.8,213,220,19700,95560,8.854227,84200,83657.95
2025-07-09 09:57:00,ATM+5,PUT,704.15,704.15,690,697.35,540,7160,10.789159,84200,83657.95
2025-07-09 09:57:00,ATM+6,CALL,183.2,190.35,183.2,189.5,11520,67300,8.892017,84300,83657.95
2025-07-09 09:57:00,ATM+6,PUT,768.8,768.8,759.5,768.45,120,5400,10.943447,84300,83657.95
2025-07-09 09:57:00,ATM+7,CALL,157.5,163.25,156.3,162.35,10280,89540,8.928202,84400,83657.95
2025-07-09 09:57:00,ATM+7,PUT,837.35,840.35,827.7,840.35,280,2860,11.050837,84400,83657.95
2025-07-09 09:57:00,ATM+8,CALL,134.45,139.05,132.95,138.8,29340,196780,8.976586,84500,83657.95
2025-07-09 09:57:00,ATM+8,PUT,919,919.05,905,918.5,720,32080,11.257183,84500,83657.95
2025-07-09 09:57:00,ATM+9,CALL,113.1,118.35,113.1,118.35,66460,149260,9.031773,84600,83657.95
2025-07-09 09:57:00,ATM+9,PUT,996,996,996,996,40,540,11.387385,84600,83657.95
2025-07-09 09:57:00,ATM+10,CALL,96,100.45,96,99.8,16400,89540,9.063,84700,83657.95
2025-07-09 09:57:00,ATM+10,PUT,1018.9,1018.9,1018.9,1018.9,0,540,11.716664,84700,83657.95
2025-07-09 09:58:00,ATM-10,CALL,1135.25,1135.25,1135.25,1135.25,0,1880,7.662671,82700,83674.38
2025-07-09 09:58:00,ATM-10,PUT,105.25,105.55,102.9,103.4,6220,55320,10.662914,82700,83674.38
2025-07-09 09:58:00,ATM-9,CALL,1050,1050,1050,1050,320,3080,7.126713,82800,83674.38
2025-07-09 09:58:00,ATM-9,PUT,121.5,121.6,118.55,120,3140,70880,10.614056,82800,83674.38
2025-07-09 09:58:00,ATM-8,CALL,958.65,958.65,958.65,958.65,0,3980,7.653672,82900,83674.38
2025-07-09 09:58:00,ATM-8,PUT,141,141.7,137,137.9,4440,64520,10.538209,82900,83674.38
2025-07-09 09:58:00,ATM-7,CALL,883.2,901.7,882.65,893.2,1960,51480,7.845091,83000,83674.38
2025-07-09 09:58:00,ATM-7,PUT,163.7,164.05,158.75,160.6,7160,195300,10.539004,83000,83674.38
2025-07-09 09:58:00,ATM-6,CALL,819,826.45,812.35,825,700,8700,8.264085,83100,83674.38
2025-07-09 09:58:00,ATM-6,PUT,188.25,188.25,182.7,184.9,6120,71100,10.508418,83100,83674.38
2025-07-09 09:58:00,ATM-5,CALL,746.6,754.1,743.95,749.95,1400,16060,8.313149,83200,83674.38
2025-07-09 09:58:00,ATM-5,PUT,216.3,216.3,209.9,213.25,6660,78520,10.512136,83200,83674.38
2025-07-09 09:58:00,ATM-4,CALL,671,684.25,671,678.15,3700,42160,8.348249,83300,83674.38
2025-07-09 09:58:00,ATM-4,PUT,248.3,248.7,240.9,243.9,7340,247860,10.497053,83300,83674.38
2025-07-09 09:58:00,ATM-3,CALL,602.5,619,602.5,612.75,8720,63800,8.44693,83400,83674.38
2025-07-09 09:58:00,ATM-3,PUT,282.55,282.55,275,277.55,6240,123080,10.479288,83400,83674.38
2025-07-09 09:58:00,ATM-2,CALL,540.7,557,540,551,45180,400160,8.529646,83500,83674.38
2025-07-09 09:58:00,ATM-2,PUT,321.15,321.15,312.1,314.6,34320,423040,10.465747,83500,83674.38
2025-07-09 09:58:00,ATM-1,CALL,484.5,497.5,483,493.75,58880,323800,8.617113,83600,83674.38
2025-07-09 09:58:00,ATM-1,PUT,363,363.2,352.95,355.8,31040,361500,10.471313,83600,83674.38
2025-07-09 09:58:00,ATM,CALL,429.75,443.9,429.75,439.1,63100,277260,8.665053,83700,83674.38
2025-07-09 09:58:00,ATM,PUT,409.2,409.95,399,402,29540,163040,10.513082,83700,83674.38
2025-07-09 09:58:00,ATM+1,CALL,380.6,393.4,380.2,389.65,34060,155860,8.735318,83800,83674.38
2025-07-09 09:58:00,ATM+1,PUT,459.4,460.2,448.65,452,10660,111040,10.562175,83800,83674.38
2025-07-09 09:58:00,ATM+2,CALL,334.55,345.65,333.6,342.55,24140,108900,8.763591,83900,83674.38
2025-07-09 09:58:00,ATM+2,PUT,514,514.15,501.4,506.8,6820,28220,10.642289,83900,83674.38
2025-07-09 09:58:00,ATM+3,CALL,291.85,302.85,291.75,299.55,57560,289120,8.791764,84000,83674.38
2025-07-09 09:58:00,ATM+3,PUT,572.75,572.75,558.95,562.9,8080,85000,10.674556,84000,83674.38
2025-07-09 09:58:00,ATM+4,CALL,253.25,264.65,253.25,260.85,11220,72940,8.827089,84100,83674.38
2025-07-09 09:58:00,ATM+4,PUT,624.95,627.3,621.15,627,280,8500,10.817126,84100,83674.38
2025-07-09 09:58:00,ATM+5,CALL,220,229.6,219.1,226.55,20500,95560,8.876282,84200,83674.38
2025-07-09 09:58:00,ATM+5,PUT,690.15,695.1,690,690,680,7160,10.860503,84200,83674.38
2025-07-09 09:58:00,ATM+6,CALL,189.55,198.45,188.65,194.65,12040,67300,8.894253,84300,83674.38
2025-07-09 09:58:00,ATM+6,PUT,757.3,757.3,757.3,757.3,20,5400,10.934534,84300,83674.38
2025-07-09 09:58:00,ATM+7,CALL,162,170.05,161.65,166.8,30560,89540,8.926757,84400,83674.38
2025-07-09 09:58:00,ATM+7,PUT,831.75,840.35,828.05,828.05,140,2860,11.024003,84400,83674.38
2025-07-09 09:58:00,ATM+8,CALL,138.85,145.4,137.85,143.05,32300,196780,8.98428,84500,83674.38
2025-07-09 09:58:00,ATM+8,PUT,913.5,913.5,902.8,902.8,1140,32080,11.149688,84500,83674.38
2025-07-09 09:58:00,ATM+9,CALL,117.3,124.3,117.3,122.35,64640,149260,9.047048,84600,83674.38
2025-07-09 09:58:00,ATM+9,PUT,996,996,996,996,0,540,11.387385,84600,83674.38
2025-07-09 09:58:00,ATM+10,CALL,99.9,105.95,99.65,103.55,30660,89540,9.086141,84700,83674.38
2025-07-09 09:58:00,ATM+10,PUT,1018.9,1018.9,1018.9,1018.9,0,540,11.716664,84700,83674.38
2025-07-09 09:59:00,ATM-10,CALL,1135.25,1135.25,1135.25,1135.25,0,1880,7.662671,82700,83686.64
2025-07-09 09:59:00,ATM-10,PUT,103.35,104.2,99.4,102.05,7640,55320,10.68818,82700,83686.64
2025-07-09 09:59:00,ATM-9,CALL,1050.1,1074,1050.1,1061,80,3080,7.121058,82800,83686.64
2025-07-09 09:59:00,ATM-9,PUT,120,120.25,116.15,118.6,5400,70880,10.644712,82800,83686.64
2025-07-09 09:59:00,ATM-8,CALL,982,985.3,982,985.3,100,3980,7.733921,82900,83686.64
2025-07-09 09:59:00,ATM-8,PUT,138.55,139.15,134.15,137.35,5340,64520,10.602789,82900,83686.64
2025-07-09 09:59:00,ATM-7,CALL,895.9,912.8,895.9,900.05,2520,51480,7.720759,83000,83686.64
2025-07-09 09:59:00,ATM-7,PUT,160.5,161.1,155.05,159.1,16940,195300,10.580588,83000,83686.64
2025-07-09 09:59:00,ATM-6,CALL,833.75,835,827.2,827.2,220,8700,8.023159,83100,83686.64
2025-07-09 09:59:00,ATM-6,PUT,185.15,185.9,179.25,182.6,12220,71100,10.53448,83100,83686.64
2025-07-09 09:59:00,ATM-5,CALL,747.35,765.75,745,757.5,1480,16060,8.263645,83200,83686.64
2025-07-09 09:59:00,ATM-5,PUT,212.45,213.3,205.65,210.9,11520,78520,10.545164,83200,83686.64
2025-07-09 09:59:00,ATM-4,CALL,678.85,693.9,677.45,685,4160,42160,8.29547,83300,83686.64
2025-07-09 09:59:00,ATM-4,PUT,243.9,245,236.6,241.9,9840,247860,10.547157,83300,83686.64
2025-07-09 09:59:00,ATM-3,CALL,612.55,628.7,610.6,620.15,10080,63800,8.424037,83400,83686.64
2025-07-09 09:59:00,ATM-3,PUT,278.1,278.95,269.85,275.25,11440,123080,10.52978,83400,83686.64
2025-07-09 09:59:00,ATM-2,CALL,550.6,566,548,555.9,37220,400160,8.458949,83500,83686.64
2025-07-09 09:59:00,ATM-2,PUT,315.35,316.65,306.5,312.7,30140,423040,10.534006,83500,83686.64
2025-07-09 09:59:00,ATM-1,CALL,492.35,506.95,490.7,497.95,57840,323800,8.544348,83600,83686.64
2025-07-09 09:59:00,ATM-1,PUT,356.05,358.1,346.7,353.1,39920,361500,10.529096,83600,83686.64
2025-07-09 09:59:00,ATM,CALL,438.9,452.1,436.8,444.05,66800,277260,8.623064,83700,83686.64
2025-07-09 09:59:00,ATM,PUT,402.5,403.85,391.8,398.5,29600,163040,10.561359,83700,83686.64
2025-07-09 09:59:00,ATM+1,CALL,388.65,400.6,387,392,34840,155860,8.645876,83800,83686.64
2025-07-09 09:59:00,ATM+1,PUT,453.4,454.7,440.8,449.65,13860,111040,10.646241,83800,83686.64
2025-07-09 09:59:00,ATM+2,CALL,341.8,352.45,340.15,345.9,20280,108900,8.708675,83900,83686.64
2025-07-09 09:59:00,ATM+2,PUT,506.05,508.5,493.8,502.1,8620,28220,10.682106,83900,83686.64
2025-07-09 09:59:00,ATM+3,CALL,298.1,308.5,296.55,302.9,42720,289120,8.747814,84000,83686.64
2025-07-09 09:59:00,ATM+3,PUT,565.3,566.45,550,559.15,15720,85000,10.746264,84000,83686.64
2025-07-09 09:59:00,ATM+4,CALL,260.1,269.35,258.55,263.1,20600,72940,8.767519,84100,83686.64
2025-07-09 09:59:00,ATM+4,PUT,624.8,624.8,610.2,616.05,420,8500,10.729999,84100,83686.64
2025-07-09 09:59:00,ATM+5,CALL,225.8,233.5,223.85,228.25,14240,95560,8.812645,84200,83686.64
2025-07-09 09:59:00,ATM+5,PUT,689.05,689.05,673.95,680.5,800,7160,10.81564,84200,83686.64
2025-07-09 09:59:00,ATM+6,CALL,194.4,201.9,192.8,196.7,15380,67300,8.848363,84300,83686.64
2025-07-09 09:59:00,ATM+6,PUT,751.8,751.8,747.8,747.8,220,5400,10.897565,84300,83686.64
2025-07-09 09:59:00,ATM+7,CALL,166.3,173.45,165.25,169.25,11680,89540,8.90066,84400,83686.64
2025-07-09 09:59:00,ATM+7,PUT,824.35,824.35,816.65,817.25,220,2860,10.961528,84400,83686.64
2025-07-09 09:59:00,ATM+8,CALL,142.3,148.6,141.6,144.8,31500,196780,8.947553,84500,83686.64
2025-07-09 09:59:00,ATM+8,PUT,898.7,900,888.65,900,320,32080,11.305283,84500,83686.64
2025-07-09 09:59:00,ATM+9,CALL,121.65,126.5,120.7,123.05,18380,149260,8.986263,84600,83686.64
2025-07-09 09:59:00,ATM+9,PUT,996,996,996,996,0,540,11.387385,84600,83686.64
2025-07-09 09:59:00,ATM+10,CALL,103.4,107.6,101.85,104.2,25740,89540,9.029842,84700,83686.64
2025-07-09 09:59:00,ATM+10,PUT,1059,1059,1054.85,1054.85,140,180,11.543704,84700,83686.64
2025-07-09 10:00:00,ATM-10,CALL,1135,1135,1125.85,1125.85,120,1960,5.833795,82700,83674.88
2025-07-09 10:00:00,ATM-10,PUT,103,104.95,101.4,104.95,5100,53680,10.723732,82700,83674.88
2025-07-09 10:00:00,ATM-9,CALL,1072.2,1072.2,1042.9,1042.9,300,3140,6.693588,82800,83674.88
2025-07-09 10:00:00,ATM-9,PUT,119.1,121.3,117.2,121.25,5520,72920,10.660661,82800,83674.88
2025-07-09 10:00:00,ATM-8,CALL,983,983,965.5,965.5,160,3940,7.319132,82900,83674.88
2025-07-09 10:00:00,ATM-8,PUT,137.9,140.15,135.45,140,4680,65160,10.609025,82900,83674.88
2025-07-09 10:00:00,ATM-7,CALL,902.8,914.55,887.4,887.4,2860,48880,7.617466,83000,83674.88
2025-07-09 10:00:00,ATM-7,PUT,159.45,162.1,157.05,162.05,14360,189460,10.586465,83000,83674.88
2025-07-09 10:00:00,ATM-6,CALL,836,836.25,811,813.15,620,8700,7.872369,83100,83674.88
2025-07-09 10:00:00,ATM-6,PUT,184.4,186.9,180.2,186.45,12080,70320,10.556438,83100,83674.88
2025-07-09 10:00:00,ATM-5,CALL,762.9,764.1,737.5,738.15,2480,14740,7.957642,83200,83674.88
2025-07-09 10:00:00,ATM-5,PUT,211.15,214.55,207.6,213.6,10520,78520,10.526264,83200,83674.88
2025-07-09 10:00:00,ATM-4,CALL,682.2,694,663.35,672.65,3580,42160,8.190935,83300,83674.88
2025-07-09 10:00:00,ATM-4,PUT,241.7,246,237.8,246,9600,248720,10.555543,83300,83674.88
2025-07-09 10:00:00,ATM-3,CALL,618,630,605.1,607.7,9520,56140,8.310941,83400,83674.88
2025-07-09 10:00:00,ATM-3,PUT,276,280.85,271.2,280,8580,123080,10.544715,83400,83674.88
2025-07-09 10:00:00,ATM-2,CALL,553.1,565.95,545.1,546.85,65960,400160,8.422218,83500,83674.88
2025-07-09 10:00:00,ATM-2,PUT,314.05,318.3,308.15,317.25,33380,429800,10.534512,83500,83674.88
2025-07-09 10:00:00,ATM-1,CALL,496,507.4,485.6,486.6,59900,298160,8.442802,83600,83674.88
2025-07-09 10:00:00,ATM-1,PUT,354.4,359,348.05,358.85,44800,361500,10.548397,83600,83674.88
2025-07-09 10:00:00,ATM,CALL,441.25,452.35,432.35,433.8,65440,242580,8.537463,83700,83674.88
2025-07-09 10:00:00,ATM,PUT,400.85,405.6,393.25,405.1,30700,176420,10.59069,83700,83674.88
2025-07-09 10:00:00,ATM+1,CALL,390.9,400.95,382.55,384.6,37460,153820,8.614979,83800,83674.88
2025-07-09 10:00:00,ATM+1,PUT,449.8,457.45,443.4,457.45,7980,120680,10.693629,83800,83674.88
2025-07-09 10:00:00,ATM+2,CALL,344,352.05,335.05,336.55,26280,110840,8.621489,83900,83674.88
2025-07-09 10:00:00,ATM+2,PUT,503.8,509.85,495.5,509.85,5360,32620,10.719203,83900,83674.88
2025-07-09 10:00:00,ATM+3,CALL,301,309.05,293.6,294.1,45360,274320,8.66095,84000,83674.88
2025-07-09 10:00:00,ATM+3,PUT,562.15,568.35,552.5,565.95,6540,93200,10.752522,84000,83674.88
2025-07-09 10:00:00,ATM+4,CALL,262.3,269.5,254.9,255.75,12920,70700,8.70184,84100,83674.88
2025-07-09 10:00:00,ATM+4,PUT,620.9,629.15,615.6,629.15,380,9000,10.875469,84100,83674.88
2025-07-09 10:00:00,ATM+5,CALL,227.1,233.9,220.15,220.15,13900,89180,8.714853,84200,83674.88
2025-07-09 10:00:00,ATM+5,PUT,681.95,696,676.4,696,820,7280,11.013145,84200,83674.88
2025-07-09 10:00:00,ATM+6,CALL,195.55,201.75,189.9,190.2,15100,63340,8.776327,84300,83674.88
2025-07-09 10:00:00,ATM+6,PUT,748.55,767.8,745,767.8,600,4660,11.203064,84300,83674.88
2025-07-09 10:00:00,ATM+7,CALL,168,172.3,162,162.45,9460,84120,8.805349,84400,83674.88
2025-07-09 10:00:00,ATM+7,PUT,817.25,840,817.25,840,440,3440,11.338929,84400,83674.88
2025-07-09 10:00:00,ATM+8,CALL,143.95,148.3,138.3,138.9,25420,189000,8.861215,84500,83674.88
2025-07-09 10:00:00,ATM+8,PUT,893.55,914.1,890.2,912.3,680,32120,11.412144,84500,83674.88
2025-07-09 10:00:00,ATM+9,CALL,122.2,126.65,117.65,117.65,22520,83120,8.898021,84600,83674.88
2025-07-09 10:00:00,ATM+9,PUT,992.75,992.75,991.4,991.4,100,580,11.604405,84600,83674.88
2025-07-09 10:00:00,ATM+10,CALL,103.75,107.45,98.85,98.9,68760,96580,8.926528,84700,83674.88
2025-07-09 10:00:00,ATM+10,PUT,1077,1077,1077,1077,180,220,11.927152,84700,83674.88
2025-07-09 10:01:00,ATM-10,CALL,1125.85,1125.85,1125.85,1125.85,0,1960,5.833795,82700,83656.38
2025-07-09 10:01:00,ATM-10,PUT,104.35,105.2,103.1,103.9,8740,53680,10.572791,82700,83656.38
2025-07-09 10:01:00,ATM-9,CALL,1041.5,1041.5,1041.5,1041.5,160,3140,7.523618,82800,83656.38
2025-07-09 10:01:00,ATM-9,PUT,120.1,121.55,119.2,119.7,2160,72920,10.490475,82800,83656.38
2025-07-09 10:01:00,ATM-8,CALL,966.95,966.95,966.95,966.95,80,3940,8.044776,82900,83656.38
2025-07-09 10:01:00,ATM-8,PUT,139.4,140.5,138,138.75,2000,65160,10.446216,82900,83656.38
2025-07-09 10:01:00,ATM-7,CALL,890.85,891.4,881.05,890.6,2220,48880,8.27759,83000,83656.38
2025-07-09 10:01:00,ATM-7,PUT,161.5,162.7,159.4,160.75,10060,189460,10.418353,83000,83656.38
2025-07-09 10:01:00,ATM-6,CALL,817,817,804.65,814.2,460,8700,8.370251,83100,83656.38
2025-07-09 10:01:00,ATM-6,PUT,186.15,186.9,183.8,185.05,5620,70320,10.380829,83100,83656.38
2025-07-09 10:01:00,ATM-5,CALL,743.15,746.25,735.1,740.65,1240,14740,8.435712,83200,83656.38
2025-07-09 10:01:00,ATM-5,PUT,213.8,215,211.25,213.2,7960,78520,10.371553,83200,83656.38
2025-07-09 10:01:00,ATM-4,CALL,675.3,675.65,664.9,673.6,1640,42160,8.571296,83300,83656.38
2025-07-09 10:01:00,ATM-4,PUT,244.3,246.65,242.45,244.05,6720,248720,10.353474,83300,83656.38
2025-07-09 10:01:00,ATM-3,CALL,611,611,599.6,606.3,6120,56140,8.591904,83400,83656.38
2025-07-09 10:01:00,ATM-3,PUT,279.55,280.75,276.65,278.6,7480,123080,10.348668,83400,83656.38
2025-07-09 10:01:00,ATM-2,CALL,547.75,549.95,537.65,545.65,30140,400160,8.677315,83500,83656.38
2025-07-09 10:01:00,ATM-2,PUT,317.2,319.3,314.35,316.3,28040,429800,10.340003,83500,83656.38
2025-07-09 10:01:00,ATM-1,CALL,488.75,491.75,478,485.8,35300,298160,8.681756,83600,83656.38
2025-07-09 10:01:00,ATM-1,PUT,358.85,360.75,355.5,357.7,29060,361500,10.33843,83600,83656.38
2025-07-09 10:01:00,ATM,CALL,434.85,437.1,425.35,432.15,42700,242580,8.734223,83700,83656.38
2025-07-09 10:01:00,ATM,PUT,404.45,407,401.5,404.15,26820,176420,10.373197,83700,83656.38
2025-07-09 10:01:00,ATM+1,CALL,384.65,386.4,375.4,383.3,28520,153820,8.800481,83800,83656.38
2025-07-09 10:01:00,ATM+1,PUT,455.4,457.05,450.9,452.9,12980,120680,10.379914,83800,83656.38
2025-07-09 10:01:00,ATM+2,CALL,338.15,339.05,329,335.7,15380,110840,8.800279,83900,83656.38
2025-07-09 10:01:00,ATM+2,PUT,508.2,510.5,505,507.05,3320,32620,10.43029,83900,83656.38
2025-07-09 10:01:00,ATM+3,CALL,295.4,296.15,287.15,293.05,26220,274320,8.819959,84000,83656.38
2025-07-09 10:01:00,ATM+3,PUT,564,568.8,561.45,564.75,11180,93200,10.483337,84000,83656.38
2025-07-09 10:01:00,ATM+4,CALL,256.8,257.4,248.55,253.85,6400,70700,8.826802,84100,83656.38
2025-07-09 10:01:00,ATM+4,PUT,628.55,628.75,624.6,625.55,240,9000,10.530755,84100,83656.38
2025-07-09 10:01:00,ATM+5,CALL,221.6,222.7,213.9,219.2,8840,89180,8.850204,84200,83656.38
2025-07-09 10:01:00,ATM+5,PUT,690.75,690.75,688.2,689.9,240,7280,10.585871,84200,83656.38
2025-07-09 10:01:00,ATM+6,CALL,191.45,191.45,184.25,188.95,6760,63340,8.892705,84300,83656.38
2025-07-09 10:01:00,ATM+6,PUT,760.6,760.6,759.4,759.4,80,4660,10.692771,84300,83656.38
2025-07-09 10:01:00,ATM+7,CALL,163.5,163.55,156.55,161.7,7320,84120,8.924536,84400,83656.38
2025-07-09 10:01:00,ATM+7,PUT,831.95,836,831.95,835.8,280,3440,10.906525,84400,83656.38
2025-07-09 10:01:00,ATM+8,CALL,139.15,139.9,133.55,137.35,13360,189000,8.947509,84500,83656.38
2025-07-09 10:01:00,ATM+8,PUT,907.85,912.2,905,905,460,32120,10.864221,84500,83656.38
2025-07-09 10:01:00,ATM+9,CALL,118.45,119.1,113.15,116.75,23340,83120,8.994132,84600,83656.38
2025-07-09 10:01:00,ATM+9,PUT,986.1,986.1,986.1,986.1,20,580,11.077204,84600,83656.38
2025-07-09 10:01:00,ATM+10,CALL,99.95,100.2,95,98.25,37500,96580,9.022146,84700,83656.38
2025-07-09 10:01:00,ATM+10,PUT,1071.05,1071.05,1071.05,1071.05,20,220,11.348726,84700,83656.38
2025-07-09 10:02:00,ATM-10,CALL,1125.85,1125.85,1125.85,1125.85,0,1960,5.833795,82700,83659.44
2025-07-09 10:02:00,ATM-10,PUT,103.35,104,102.75,103.5,4520,53680,10.577391,82700,83659.44
2025-07-09 10:02:00,ATM-9,CALL,1056.7,1056.7,1056.7,1056.7,20,3140,8.101882,82800,83659.44
2025-07-09 10:02:00,ATM-9,PUT,119.95,120.35,118.8,119.55,2860,72920,10.505428,82800,83659.44
2025-07-09 10:02:00,ATM-8,CALL,966.95,966.95,966.95,966.95,0,3940,8.044776,82900,83659.44
2025-07-09 10:02:00,ATM-8,PUT,138,139.05,137.2,138.2,2520,65160,10.449829,82900,83659.44
2025-07-09 10:02:00,ATM-7,CALL,891.05,898.15,890.2,892.8,1120,48880,8.268508,83000,83659.44
2025-07-09 10:02:00,ATM-7,PUT,160.1,161.1,158.85,160.4,4340,189460,10.430023,83000,83659.44
2025-07-09 10:02:00,ATM-6,CALL,820,821.5,815,815,200,8700,8.321823,83100,83659.44
2025-07-09 10:02:00,ATM-6,PUT,185.35,185.45,183.25,184.35,5200,70320,10.384441,83100,83659.44
2025-07-09 10:02:00,ATM-5,CALL,749.1,752.7,742,742,700,14740,8.409994,83200,83659.44
2025-07-09 10:02:00,ATM-5,PUT,212.7,213.25,210.6,211.45,4360,78520,10.349551,83200,83659.44
2025-07-09 10:02:00,ATM-4,CALL,676.5,683,673.6,675.45,1940,42160,8.563843,83300,83659.44
2025-07-09 10:02:00,ATM-4,PUT,244.05,244.45,241.4,242.15,3680,248720,10.331024,83300,83659.44
2025-07-09 10:02:00,ATM-3,CALL,607.05,617.65,607.05,610.75,4420,56140,8.653302,83400,83659.44
2025-07-09 10:02:00,ATM-3,PUT,277.5,278.75,275.25,277.05,4900,123080,10.338036,83400,83659.44
2025-07-09 10:02:00,ATM-2,CALL,545.1,554.65,545.1,546.85,55140,400160,8.66069,83500,83659.44
2025-07-09 10:02:00,ATM-2,PUT,315.45,316.65,312.55,315.1,24000,429800,10.34045,83500,83659.44
2025-07-09 10:02:00,ATM-1,CALL,487.15,495.3,486.55,488.75,22980,298160,8.709635,83600,83659.44
2025-07-09 10:02:00,ATM-1,PUT,356.95,357.75,353.75,356.2,15180,361500,10.334323,83600,83659.44
2025-07-09 10:02:00,ATM,CALL,431.85,440.8,431.85,435.25,29120,242580,8.768023,83700,83659.44
2025-07-09 10:02:00,ATM,PUT,402.95,403.8,399.15,402.6,17440,176420,10.370458,83700,83659.44
2025-07-09 10:02:00,ATM+1,CALL,384.05,390.2,383,384.1,25220,153820,8.784225,83800,83659.44
2025-07-09 10:02:00,ATM+1,PUT,452.85,454.1,449.6,453.65,7300,120680,10.432401,83800,83659.44
2025-07-09 10:02:00,ATM+2,CALL,335.7,342.7,335.7,337.4,14160,110840,8.807584,83900,83659.44
2025-07-09 10:02:00,ATM+2,PUT,506.3,507,501.55,506.9,3740,32620,10.464672,83900,83659.44
2025-07-09 10:02:00,ATM+3,CALL,292.75,298.95,292.75,294.55,18920,274320,8.825587,84000,83659.44
2025-07-09 10:02:00,ATM+3,PUT,563.05,564.25,557.75,562.45,1620,93200,10.47051,84000,83659.44
2025-07-09 10:02:00,ATM+4,CALL,255.9,260.5,254.5,255.95,8260,70700,8.849875,84100,83659.44
2025-07-09 10:02:00,ATM+4,PUT,623.5,625.9,620.4,625.9,260,9000,10.582819,84100,83659.44
2025-07-09 10:02:00,ATM+5,CALL,220.35,225.25,220.25,221.6,12260,89180,8.884456,84200,83659.44
2025-07-09 10:02:00,ATM+5,PUT,689.1,689.65,685.4,689.65,240,7280,10.627056,84200,83659.44
2025-07-09 10:02:00,ATM+6,CALL,189.5,193.75,189.45,189.8,5260,63340,8.891029,84300,83659.44
2025-07-09 10:02:00,ATM+6,PUT,753.6,754.75,753.6,754.75,60,4660,10.62741,84300,83659.44
2025-07-09 10:02:00,ATM+7,CALL,162,165.6,161.7,162.75,3720,84120,8.931102,84400,83659.44
2025-07-09 10:02:00,ATM+7,PUT,826.55,826.55,822.4,822.4,200,3440,10.613547,84400,83659.44
2025-07-09 10:02:00,ATM+8,CALL,137.5,141.4,137.5,138.8,9640,189000,8.969096,84500,83659.44
2025-07-09 10:02:00,ATM+8,PUT,900,907.95,899.65,901,560,32120,10.815667,84500,83659.44
2025-07-09 10:02:00,ATM+9,CALL,117.4,120,117.05,118.35,10200,83120,9.024838,84600,83659.44
2025-07-09 10:02:00,ATM+9,PUT,986.1,986.1,986.1,986.1,0,580,11.077204,84600,83659.44
2025-07-09 10:02:00,ATM+10,CALL,98.95,101.15,98.55,99.1,8000,96580,9.032583,84700,83659.44
2025-07-09 10:02:00,ATM+10,PUT,1071.05,1071.05,1071.05,1071.05,0,220,11.348726,84700,83659.44
2025-07-09 10:03:00,ATM-10,CALL,1125.85,1125.85,1125.85,1125.85,0,1960,5.833795,82700,83657.92
2025-07-09 10:03:00,ATM-10,PUT,103.05,104.25,102.15,102.9,920,57520,10.54665,82700,83657.92
2025-07-09 10:03:00,ATM-9,CALL,1052.6,1052.6,1049.3,1049.3,60,3100,7.829965,82800,83657.92
2025-07-09 10:03:00,ATM-9,PUT,119.05,120.55,118.1,118.8,1700,73300,10.470766,82800,83657.92
2025-07-09 10:03:00,ATM-8,CALL,975.8,975.8,975.8,975.8,40,3900,8.336468,82900,83657.92
2025-07-09 10:03:00,ATM-8,PUT,137.65,139.25,136.45,137.4,1280,65920,10.414851,82900,83657.92
2025-07-09 10:03:00,ATM-7,CALL,897,899,894.55,899,1700,48600,8.520983,83000,83657.92
2025-07-09 10:03:00,ATM-7,PUT,159.95,161.2,158,159.55,8840,189900,10.394648,83000,83657.92
2025-07-09 10:03:00,ATM-6,CALL,822.65,826.9,818,822.65,400,7760,8.594484,83100,83657.92
2025-07-09 10:03:00,ATM-6,PUT,183.65,185.3,181.9,182.5,2120,72020,10.321948,83100,83657.92
2025-07-09 10:03:00,ATM-5,CALL,747.75,753.3,736.85,747.2,1400,15400,8.590682,83200,83657.92
2025-07-09 10:03:00,ATM-5,PUT,211.75,212.95,209.25,210.3,3680,84000,10.30759,83200,83657.92
2025-07-09 10:03:00,ATM-4,CALL,680,683,675.55,681.9,1000,39100,8.763786,83300,83657.92
2025-07-09 10:03:00,ATM-4,PUT,242.85,244.25,239.55,241.15,3640,249520,10.293484,83300,83657.92
2025-07-09 10:03:00,ATM-3,CALL,611.3,618.35,609,614.95,4960,57280,8.785032,83400,83657.92
2025-07-09 10:03:00,ATM-3,PUT,277.2,278.45,273.75,275.3,4400,126440,10.282247,83400,83657.92
2025-07-09 10:03:00,ATM-2,CALL,549.25,555.5,546.45,552.1,20300,342100,8.811227,83500,83657.92
2025-07-09 10:03:00,ATM-2,PUT,314.2,316.15,311.3,313.3,9880,436100,10.283813,83500,83657.92
2025-07-09 10:03:00,ATM-1,CALL,488.8,495.6,487.95,494.15,27060,293420,8.858013,83600,83657.92
2025-07-09 10:03:00,ATM-1,PUT,356.2,357.4,352.1,354.05,16720,393440,10.269438,83600,83657.92
2025-07-09 10:03:00,ATM,CALL,435.1,441.7,433.5,440.25,21080,254420,8.903203,83700,83657.92
2025-07-09 10:03:00,ATM,PUT,401.4,404.1,397.1,399.75,14760,195420,10.289014,83700,83657.92
2025-07-09 10:03:00,ATM+1,CALL,384.65,391,383.2,389,15180,158840,8.91484,83800,83657.92
2025-07-09 10:03:00,ATM+1,PUT,450.8,453.8,447,449.1,5820,127700,10.3111,83800,83657.92
2025-07-09 10:03:00,ATM+2,CALL,338.15,343.4,336.6,341.9,5840,109200,8.928124,83900,83657.92
2025-07-09 10:03:00,ATM+2,PUT,505.25,506.9,499.75,503.75,1820,35580,10.373974,83900,83657.92
2025-07-09 10:03:00,ATM+3,CALL,295.1,299.9,293.85,298.4,18220,278540,8.93129,84000,83657.92
2025-07-09 10:03:00,ATM+3,PUT,562.3,564.8,556,560.7,1440,98380,10.410159,84000,83657.92
2025-07-09 10:03:00,ATM+4,CALL,256.3,260.8,255.45,259.4,3900,71760,8.947234,84100,83657.92
2025-07-09 10:03:00,ATM+4,PUT,620.8,623.1,620,620,1080,9000,10.421877,84100,83657.92
2025-07-09 10:03:00,ATM+5,CALL,222.1,225.95,220.8,225.15,13220,90000,8.986335,84200,83657.92
2025-07-09 10:03:00,ATM+5,PUT,686,686.15,683.5,684.55,400,7740,10.480238,84200,83657.92
2025-07-09 10:03:00,ATM+6,CALL,191.3,194.15,189.7,194.15,2540,66420,9.016975,84300,83657.92
2025-07-09 10:03:00,ATM+6,PUT,754.75,754.75,754.75,754.75,0,4660,10.62741,84300,83657.92
2025-07-09 10:03:00,ATM+7,CALL,162.9,166.4,161.7,164.9,2740,84980,9.002263,84400,83657.92
2025-07-09 10:03:00,ATM+7,PUT,822.4,822.4,822.4,822.4,0,3440,10.613547,84400,83657.92
2025-07-09 10:03:00,ATM+8,CALL,139,142.4,138.3,141.75,6980,188020,9.066879,84500,83657.92
2025-07-09 10:03:00,ATM+8,PUT,901.2,901.2,900,900,40,32420,10.759054,84500,83657.92
2025-07-09 10:03:00,ATM+9,CALL,118,121,117.9,120.15,6020,79740,9.092306,84600,83657.92
2025-07-09 10:03:00,ATM+9,PUT,986.1,986.1,986.1,986.1,0,580,11.077204,84600,83657.92
2025-07-09 10:03:00,ATM+10,CALL,99.6,102,98.95,101.4,7280,156660,9.121491,84700,83657.92
2025-07-09 10:03:00,ATM+10,PUT,1071.05,1071.05,1071.05,1071.05,0,220,11.348726,84700,83657.92
2025-07-09 10:04:00,ATM-10,CALL,1125.85,1125.85,1125.85,1125.85,0,1960,5.833795,82600,83640.76
2025-07-09 10:04:00,ATM-10,PUT,89.2,91.55,89,91.55,1920,60500,10.627201,82600,83640.76
2025-07-09 10:04:00,ATM-9,CALL,1049.3,1049.3,1049.3,1049.3,0,3100,7.829965,82700,83640.76
2025-07-09 10:04:00,ATM-9,PUT,103.3,105.95,103.3,105.95,3420,57520,10.552733,82700,83640.76
2025-07-09 10:04:00,ATM-8,CALL,1049.3,1049.3,1049.3,1049.3,20,3100,8.475247,82800,83640.76
2025-07-09 10:04:00,ATM-8,PUT,118.8,121.8,118.8,121.6,3900,73300,10.455793,82800,83640.76
2025-07-09 10:04:00,ATM-7,CALL,899,899,899,899,0,48600,8.520983,82900,83640.76
2025-07-09 10:04:00,ATM-7,PUT,138.65,140.8,138.5,140.8,1240,65920,10.406981,82900,83640.76
2025-07-09 10:04:00,ATM-6,CALL,897,897,879.55,879.75,1640,48600,8.341419,83000,83640.76
2025-07-09 10:04:00,ATM-6,PUT,159.65,163.75,159.65,163.75,5360,189900,10.397522,83000,83640.76
2025-07-09 10:04:00,ATM-5,CALL,815.4,815.4,803,803,160,7760,8.401479,83100,83640.76
2025-07-09 10:04:00,ATM-5,PUT,183.8,188,183.8,188,3400,72020,10.347851,83100,83640.76
2025-07-09 10:04:00,ATM-4,CALL,747,747,730,730,500,15400,8.464382,83200,83640.76
2025-07-09 10:04:00,ATM-4,PUT,211.35,216.15,211.35,216.15,3660,84000,10.327958,83200,83640.76
2025-07-09 10:04:00,ATM-3,CALL,681.6,681.6,658.15,658.15,640,39100,8.455533,83300,83640.76
2025-07-09 10:04:00,ATM-3,PUT,242.25,248,242.25,248,2720,249520,10.324667,83300,83640.76
2025-07-09 10:04:00,ATM-2,CALL,615.55,615.55,594.85,594.95,5100,57280,8.569569,83400,83640.76
2025-07-09 10:04:00,ATM-2,PUT,275.4,282.1,275.4,282.1,3180,126440,10.29747,83400,83640.76
2025-07-09 10:04:00,ATM-1,CALL,552.95,552.95,533.2,533.2,17320,342100,8.614053,83500,83640.76
2025-07-09 10:04:00,ATM-1,PUT,314.05,321.15,313.7,321.15,16680,436100,10.309735,83500,83640.76
2025-07-09 10:04:00,ATM,CALL,493.2,493.2,473.55,473.55,25440,293420,8.609945,83600,83640.76
2025-07-09 10:04:00,ATM,PUT,355.15,363.6,353.85,363.6,13660,393440,10.320628,83600,83640.76
2025-07-09 10:04:00,ATM+1,CALL,438.65,440,420.7,420.7,27980,254420,8.666918,83700,83640.76
2025-07-09 10:04:00,ATM+1,PUT,400.35,409.4,400.35,409.4,15060,195420,10.327994,83700,83640.76
2025-07-09 10:04:00,ATM+2,CALL,388.7,388.7,371.85,371.85,20400,158840,8.718514,83800,83640.76
2025-07-09 10:04:00,ATM+2,PUT,451.1,460.45,450.15,460.45,8280,127700,10.375018,83800,83640.76
2025-07-09 10:04:00,ATM+3,CALL,340.25,340.25,326.2,326.2,11380,109200,8.747854,83900,83640.76
2025-07-09 10:04:00,ATM+3,PUT,504.4,515,504.4,515,1480,35580,10.422008,83900,83640.76
2025-07-09 10:04:00,ATM+4,CALL,296.9,297.7,283.6,283.6,15720,278540,8.752817,84000,83640.76
2025-07-09 10:04:00,ATM+4,PUT,561.35,572,561.35,572,3080,98380,10.446116,84000,83640.76
2025-07-09 10:04:00,ATM+5,CALL,258.75,258.75,246.55,246.55,5960,71760,8.794653,84100,83640.76
2025-07-09 10:04:00,ATM+5,PUT,621,635,621,635,100,9000,10.532674,84100,83640.76
2025-07-09 10:04:00,ATM+6,CALL,224.6,224.85,212,212,14400,90000,8.804296,84200,83640.76
2025-07-09 10:04:00,ATM+6,PUT,686.25,697.2,686.25,697.2,240,7740,10.522986,84200,83640.76
2025-07-09 10:04:00,ATM+7,CALL,193.5,193.5,182.05,182.05,4300,66420,8.837598,84300,83640.76
2025-07-09 10:04:00,ATM+7,PUT,760.15,760.15,760.15,760.15,20,4980,10.450322,84300,83640.76
2025-07-09 10:04:00,ATM+8,CALL,164.6,164.75,156.15,156.15,3980,84980,8.888924,84400,83640.76
2025-07-09 10:04:00,ATM+8,PUT,832.15,839.35,832.15,839.35,240,4000,10.717682,84400,83640.76
2025-07-09 10:04:00,ATM+9,CALL,141.15,141.15,132.5,132.5,9120,188020,8.9153,84500,83640.76
2025-07-09 10:04:00,ATM+9,PUT,915,915,915,915,440,32420,10.830475,84500,83640.76
2025-07-09 10:04:00,ATM+10,CALL,119.35,119.65,112.8,112.95,7680,79740,8.978521,84600,83640.76
2025-07-09 10:04:00,ATM+10,PUT,995.4,995.4,995.4,995.4,100,700,11.011475,84600,83640.76
2025-07-09 10:05:00,ATM-10,CALL,1125.85,1125.85,1125.85,1125.85,0,1960,5.833795,82700,83657.73
2025-07-09 10:05:00,ATM-10,PUT,105.05,105.45,103.65,104.4,1980,57520,10.601249,82700,83657.73
2025-07-09 10:05:00,ATM-9,CALL,1049.3,1049.3,1049.3,1049.3,0,3100,7.829965,82800,83657.73
2025-07-09 10:05:00,ATM-9,PUT,121.15,121.4,119.5,120.45,1680,73300,10.526414,82800,83657.73
2025-07-09 10:05:00,ATM-8,CALL,1049.3,1049.3,1049.3,1049.3,0,3100,8.475247,82900,83657.73
2025-07-09 10:05:00,ATM-8,PUT,141.45,141.45,138.5,139.3,1040,65920,10.474504,82900,83657.73
2025-07-09 10:05:00,ATM-7,CALL,881.2,881.2,881.2,881.2,120,48600,7.915771,83000,83657.73
2025-07-09 10:05:00,ATM-7,PUT,163.25,163.35,160,160.6,6320,189900,10.425303,83000,83657.73
2025-07-09 10:05:00,ATM-6,CALL,805.95,814.4,805.95,814.4,40,7760,8.347221,83100,83657.73
2025-07-09 10:05:00,ATM-6,PUT,188.15,188.3,184.35,185.4,2680,72020,10.402446,83100,83657.73
2025-07-09 10:05:00,ATM-5,CALL,729.8,744.7,729.7,742.55,180,15400,8.464405,83200,83657.73
2025-07-09 10:05:00,ATM-5,PUT,215.6,215.7,211.95,213.6,3780,84000,10.39454,83200,83657.73
2025-07-09 10:05:00,ATM-4,CALL,659.8,676.6,659.8,674.35,1060,39100,8.569015,83300,83657.73
2025-07-09 10:05:00,ATM-4,PUT,247.15,247.15,243.05,243.9,3080,249520,10.362637,83300,83657.73
2025-07-09 10:05:00,ATM-3,CALL,595.15,610.7,595.15,608,3740,57280,8.615014,83400,83657.73
2025-07-09 10:05:00,ATM-3,PUT,281.6,282.15,276.95,277.5,4160,126440,10.335347,83400,83657.73
2025-07-09 10:05:00,ATM-2,CALL,533.8,548.8,533.8,547.3,10420,342100,8.699646,83500,83657.73
2025-07-09 10:05:00,ATM-2,PUT,319.4,320.6,315,316.6,17060,436100,10.361475,83500,83657.73
2025-07-09 10:05:00,ATM-1,CALL,475.2,489.2,475.1,488,25100,293420,8.717662,83600,83657.73
2025-07-09 10:05:00,ATM-1,PUT,362.4,362.4,355.65,356.9,24400,393440,10.334884,83600,83657.73
2025-07-09 10:05:00,ATM,CALL,421.8,435.75,421.8,433.5,27700,254420,8.751177,83700,83657.73
2025-07-09 10:05:00,ATM,PUT,408.9,409.3,401.5,404,16500,195420,10.38575,83700,83657.73
2025-07-09 10:05:00,ATM+1,CALL,373,385.5,373,385.5,16480,158840,8.838089,83800,83657.73
2025-07-09 10:05:00,ATM+1,PUT,459.35,459.65,451.55,452.75,4640,127700,10.393457,83800,83657.73
2025-07-09 10:05:00,ATM+2,CALL,327.1,338,327.1,337.75,5660,109200,8.835824,83900,83657.73
2025-07-09 10:05:00,ATM+2,PUT,513.85,513.85,505.25,507.25,2640,35580,10.452967,83900,83657.73
2025-07-09 10:05:00,ATM+3,CALL,284.6,294.95,284.6,293.4,9900,278540,8.81746,84000,83657.73
2025-07-09 10:05:00,ATM+3,PUT,569.8,571,562.9,564.25,940,98380,10.490984,84000,83657.73
2025-07-09 10:05:00,ATM+4,CALL,246.85,256.25,246.85,255.4,3980,71760,8.854243,84100,83657.73
2025-07-09 10:05:00,ATM+4,PUT,630.4,630.4,624.3,624.3,180,9000,10.521762,84100,83657.73
2025-07-09 10:05:00,ATM+5,CALL,213.9,221.8,213.9,221.15,8120,90000,8.889765,84200,83657.73
2025-07-09 10:05:00,ATM+5,PUT,697.2,697.2,690.35,690.35,180,7740,10.618887,84200,83657.73
2025-07-09 10:05:00,ATM+6,CALL,182.8,190.85,182.8,190.6,3540,66420,8.927416,84300,83657.73
2025-07-09 10:05:00,ATM+6,PUT,765.1,765.1,765.1,765.1,20,4980,10.85899,84300,83657.73
2025-07-09 10:05:00,ATM+7,CALL,156.1,162.9,156.1,161.9,2220,84980,8.922386,84400,83657.73
2025-07-09 10:05:00,ATM+7,PUT,760.15,760.15,760.15,760.15,0,4980,10.450322,84400,83657.73
2025-07-09 10:05:00,ATM+8,CALL,133.45,139.7,133.45,138.4,9100,188020,8.971294,84500,83657.73
2025-07-09 10:05:00,ATM+8,PUT,909.2,909.2,905,905,60,32420,10.891692,84500,83657.73
2025-07-09 10:05:00,ATM+9,CALL,113.1,118.7,113.1,117.75,3540,79740,9.019177,84600,83657.73
2025-07-09 10:05:00,ATM+9,PUT,915,915,915,915,0,32420,10.830475,84600,83657.73
2025-07-09 10:05:00,ATM+10,CALL,95.35,99.9,95.35,99.2,5560,156660,9.048669,84700,83657.73
2025-07-09 10:05:00,ATM+10,PUT,1070.05,1070.05,1070.05,1070.05,20,260,11.350653,84700,83657.73
2025-07-09 10:06:00,ATM-10,CALL,1125.85,1125.85,1125.85,1125.85,0,1960,5.833795,82700,83652.15
2025-07-09 10:06:00,ATM-10,PUT,104,104.65,103.45,104.2,2580,57720,10.560274,82700,83652.15
2025-07-09 10:06:00,ATM-9,CALL,1049.3,1049.3,1049.3,1049.3,0,3100,7.829965,82800,83652.15
2025-07-09 10:06:00,ATM-9,PUT,120.35,120.85,119.45,120.25,1040,75080,10.484418,82800,83652.15
2025-07-09 10:06:00,ATM-8,CALL,975,975,975,975,200,3860,8.489841,82900,83652.15
2025-07-09 10:06:00,ATM-8,PUT,138.15,139.25,138,139.05,240,66360,10.429667,82900,83652.15
2025-07-09 10:06:00,ATM-7,CALL,897.6,900,893.05,893.05,400,48560,8.480466,83000,83652.15
2025-07-09 10:06:00,ATM-7,PUT,160.95,161.7,159.7,161,3240,193920,10.398242,83000,83652.15
2025-07-09 10:06:00,ATM-6,CALL,821.85,821.85,815.15,819.45,200,7760,8.635308,83100,83652.15
2025-07-09 10:06:00,ATM-6,PUT,185.1,186,183.85,184,3920,72220,10.322457,83100,83652.15
2025-07-09 10:06:00,ATM-5,CALL,751.1,751.5,744.25,744.25,80,14720,8.630268,83200,83652.15
2025-07-09 10:06:00,ATM-5,PUT,211.95,213.8,211.05,212.4,840,84000,10.31946,83200,83652.15
2025-07-09 10:06:00,ATM-4,CALL,679.55,682.75,675.4,677.6,660,39100,8.759354,83300,83652.15
2025-07-09 10:06:00,ATM-4,PUT,243.95,244.45,242,243.1,2420,250560,10.296501,83300,83652.15
2025-07-09 10:06:00,ATM-3,CALL,611,617.45,610,613.2,3100,60520,8.839208,83400,83652.15
2025-07-09 10:06:00,ATM-3,PUT,277.1,278.35,275.65,276.85,3020,126440,10.270782,83400,83652.15
2025-07-09 10:06:00,ATM-2,CALL,548.65,554.9,546.75,550.6,13820,342100,8.863953,83500,83652.15
2025-07-09 10:06:00,ATM-2,PUT,316.35,316.35,313.1,315.7,10020,439580,10.288248,83500,83652.15
2025-07-09 10:06:00,ATM-1,CALL,488.95,494.9,488.1,490.8,19660,300180,8.860495,83600,83652.15
2025-07-09 10:06:00,ATM-1,PUT,356,358.25,354.25,356.9,9460,393440,10.279625,83600,83652.15
2025-07-09 10:06:00,ATM,CALL,434.8,440.6,433.55,436.85,20740,262820,8.899038,83700,83652.15
2025-07-09 10:06:00,ATM,PUT,402,404,399.6,401.9,8840,202860,10.278247,83700,83652.15
2025-07-09 10:06:00,ATM+1,CALL,384.95,390,383.5,385.75,12440,168400,8.908692,83800,83652.15
2025-07-09 10:06:00,ATM+1,PUT,451,453.8,448.4,450.95,5480,129280,10.28878,83800,83652.15
2025-07-09 10:06:00,ATM+2,CALL,338.1,341.75,337.25,339.2,7840,111840,8.929159,83900,83652.15
2025-07-09 10:06:00,ATM+2,PUT,506.05,507,502.25,504.45,2200,37580,10.320394,83900,83652.15
2025-07-09 10:06:00,ATM+3,CALL,294.75,299,294.35,296,16580,279800,8.933862,84000,83652.15
2025-07-09 10:06:00,ATM+3,PUT,560.45,563.35,559.65,561.85,540,98700,10.361757,84000,83652.15
2025-07-09 10:06:00,ATM+4,CALL,256.1,260.8,256.1,257.05,5180,74100,8.945558,84100,83652.15
2025-07-09 10:06:00,ATM+4,PUT,623.8,623.8,619.75,621,320,9960,10.364259,84100,83652.15
2025-07-09 10:06:00,ATM+5,CALL,222,225,221.1,222.35,7460,93960,8.967916,84200,83652.15
2025-07-09 10:06:00,ATM+5,PUT,685.5,690.3,685.25,690.3,160,7820,10.532155,84200,83652.15
2025-07-09 10:06:00,ATM+6,CALL,191.05,193.5,190.45,191.7,3700,68020,9.001336,84300,83652.15
2025-07-09 10:06:00,ATM+6,PUT,755.6,758.6,755.6,758.6,160,5000,10.603854,84300,83652.15
2025-07-09 10:06:00,ATM+7,CALL,162.7,166.1,162.7,164,1400,85960,9.022772,84400,83652.15
2025-07-09 10:06:00,ATM+7,PUT,825.15,829,824.35,827.65,360,4000,10.619621,84400,83652.15
2025-07-09 10:06:00,ATM+8,CALL,138.75,141.9,138.75,139.8,4880,187280,9.052542,84500,83652.15
2025-07-09 10:06:00,ATM+8,PUT,905,906,901.65,906,540,32560,10.810029,84500,83652.15
2025-07-09 10:06:00,ATM+9,CALL,118.2,120.45,118.1,118.9,4220,78000,9.093473,84600,83652.15
2025-07-09 10:06:00,ATM+9,PUT,980,980,980,980,20,700,10.81463,84600,83652.15
2025-07-09 10:06:00,ATM+10,CALL,100,101.7,99.6,100.25,6180,158660,9.120683,84700,83652.15
2025-07-09 10:06:00,ATM+10,PUT,1070.05,1070.05,1070.05,1070.05,0,260,11.350653,84700,83652.15
2025-07-09 10:07:00,ATM-10,CALL,1204.45,1204.45,1204.45,1204.45,60,1740,7.180588,82600,83641.84
2025-07-09 10:07:00,ATM-10,PUT,90.45,91.5,90.15,90.55,2640,61900,10.595898,82600,83641.84
2025-07-09 10:07:00,ATM-9,CALL,1130,1130,1130,1130,20,1860,8.152671,82700,83641.84
2025-07-09 10:07:00,ATM-9,PUT,104.6,106,104,104.4,2220,57720,10.504775,82700,83641.84
2025-07-09 10:07:00,ATM-8,CALL,975,975,975,975,0,3860,8.489841,82800,83641.84
2025-07-09 10:07:00,ATM-8,PUT,120.5,122.4,120.45,120.6,1820,75080,10.430577,82800,83641.84
2025-07-09 10:07:00,ATM-7,CALL,963.1,963.1,963.1,963.1,20,3860,8.369392,82900,83641.84
2025-07-09 10:07:00,ATM-7,PUT,140,141.75,139.4,139.9,2880,66360,10.387504,82900,83641.84
2025-07-09 10:07:00,ATM-6,CALL,884.9,888.45,882,888.45,10840,48560,8.603197,83000,83641.84
2025-07-09 10:07:00,ATM-6,PUT,161,164.05,161,161.4,8300,193920,10.337616,83000,83641.84
2025-07-09 10:07:00,ATM-5,CALL,806.45,810.3,806.45,810.3,80,7760,8.599723,83100,83641.84
2025-07-09 10:07:00,ATM-5,PUT,185.35,188.75,185.35,185.65,1520,72220,10.292128,83100,83641.84
2025-07-09 10:07:00,ATM-4,CALL,746.05,747.35,734.1,735.85,720,14720,8.608507,83200,83641.84
2025-07-09 10:07:00,ATM-4,PUT,213,216.5,212.7,213.6,3900,84000,10.270592,83200,83641.84
2025-07-09 10:07:00,ATM-3,CALL,672.25,673,665.3,673,460,39100,8.827977,83300,83641.84
2025-07-09 10:07:00,ATM-3,PUT,244.2,248.7,244.15,244.5,3660,250560,10.246601,83300,83641.84
2025-07-09 10:07:00,ATM-2,CALL,610.1,610.95,599.35,605.95,2740,60520,8.828604,83400,83641.84
2025-07-09 10:07:00,ATM-2,PUT,278,283,277.65,279.7,2940,126440,10.249801,83400,83641.84
2025-07-09 10:07:00,ATM-1,CALL,549.1,550,537.1,543,9200,342100,8.835646,83500,83641.84
2025-07-09 10:07:00,ATM-1,PUT,316.2,321.6,315.5,316.45,15420,439580,10.209618,83500,83641.84
2025-07-09 10:07:00,ATM,CALL,488.75,490.35,478.25,486.5,16660,300180,8.900486,83600,83641.84
2025-07-09 10:07:00,ATM,PUT,357.05,363,357.05,358.55,20600,393440,10.215144,83600,83641.84
2025-07-09 10:07:00,ATM+1,CALL,434.4,436.6,425.15,430.3,26120,262820,8.876857,83700,83641.84
2025-07-09 10:07:00,ATM+1,PUT,403.35,409.7,402,403.9,16080,202860,10.214187,83700,83641.84
2025-07-09 10:07:00,ATM+2,CALL,384.95,385.4,375.2,380.8,10600,168400,8.913633,83800,83641.84
2025-07-09 10:07:00,ATM+2,PUT,453.4,459.5,452.4,454.4,5140,129280,10.249816,83800,83641.84
2025-07-09 10:07:00,ATM+3,CALL,338.25,338.7,329.55,333.8,5600,111840,8.914029,83900,83641.84
2025-07-09 10:07:00,ATM+3,PUT,506.15,513.75,506.15,507.75,2260,37580,10.269406,83900,83641.84
2025-07-09 10:07:00,ATM+4,CALL,295.2,295.6,287.1,291.9,16760,279800,8.939253,84000,83641.84
2025-07-09 10:07:00,ATM+4,PUT,563,571,562.7,564.25,5460,98700,10.280781,84000,83641.84
2025-07-09 10:07:00,ATM+5,CALL,256.5,256.8,249.7,253.3,4900,74100,8.949773,84100,83641.84
2025-07-09 10:07:00,ATM+5,PUT,631,633.45,630,630,240,9960,10.430356,84100,83641.84
2025-07-09 10:07:00,ATM+6,CALL,221.4,222.15,215.65,219.15,4860,93960,8.976316,84200,83641.84
2025-07-09 10:07:00,ATM+6,PUT,758.6,758.6,758.6,758.6,0,5000,10.603854,84200,83641.84
2025-07-09 10:07:00,ATM+7,CALL,190.2,191,185.15,188.3,3600,68020,8.99522,84300,83641.84
2025-07-09 10:07:00,ATM+7,PUT,827.65,827.65,827.65,827.65,0,4000,10.619621,84300,83641.84
2025-07-09 10:07:00,ATM+8,CALL,162.9,163.35,158.3,161.5,4220,85960,9.031532,84400,83641.84
2025-07-09 10:07:00,ATM+8,PUT,830,841.3,830,841.3,80,4000,10.789384,84400,83641.84
2025-07-09 10:07:00,ATM+9,CALL,139.35,139.65,135,137.75,11220,187280,9.065549,84500,83641.84
2025-07-09 10:07:00,ATM+9,PUT,915,915,908.6,908.6,520,32560,10.677112,84500,83641.84
2025-07-09 10:07:00,ATM+10,CALL,118.15,118.65,114.45,116.45,2980,78000,9.0852,84600,83641.84
2025-07-09 10:07:00,ATM+10,PUT,991.65,991.65,991.65,991.65,60,700,10.927814,84600,83641.84
2025-07-09 10:08:00,ATM-10,CALL,1204.45,1204.45,1204.45,1204.45,0,1740,7.180588,82700,83655.02
2025-07-09 10:08:00,ATM-10,PUT,104.5,104.9,102.55,102.55,1980,57720,10.518572,82700,83655.02
2025-07-09 10:08:00,ATM-9,CALL,1130,1130,1130,1130,0,1860,8.152671,82800,83655.02
2025-07-09 10:08:00,ATM-9,PUT,120.8,121.3,118.5,118.5,2420,75080,10.444476,82800,83655.02
2025-07-09 10:08:00,ATM-8,CALL,975,975,975,975,0,3860,8.489841,82900,83655.02
2025-07-09 10:08:00,ATM-8,PUT,139.65,140.2,136.85,136.85,2400,66360,10.380421,82900,83655.02
2025-07-09 10:08:00,ATM-7,CALL,887.75,900,887.75,900,10580,48560,8.63635,83000,83655.02
2025-07-09 10:08:00,ATM-7,PUT,161.35,162.4,158.15,158.15,6780,193920,10.335115,83000,83655.02
2025-07-09 10:08:00,ATM-6,CALL,888.45,888.45,888.45,888.45,0,48560,8.603197,83100,83655.02
2025-07-09 10:08:00,ATM-6,PUT,186.1,186.1,182.5,182.5,1120,72220,10.302767,83100,83655.02
2025-07-09 10:08:00,ATM-5,CALL,740,752.95,740,752.95,240,14720,8.816504,83200,83655.02
2025-07-09 10:08:00,ATM-5,PUT,213.15,214.55,210,210,3020,84000,10.279198,83200,83655.02
2025-07-09 10:08:00,ATM-4,CALL,673,685,672.65,685,560,39100,8.902687,83300,83655.02
2025-07-09 10:08:00,ATM-4,PUT,244.9,246.3,240.1,240.75,2360,250560,10.261524,83300,83655.02
2025-07-09 10:08:00,ATM-3,CALL,607.6,618,606.8,618,3040,60520,8.913324,83400,83655.02
2025-07-09 10:08:00,ATM-3,PUT,279.25,280.25,273.35,273.35,4580,126440,10.21115,83400,83655.02
2025-07-09 10:08:00,ATM-2,CALL,544.4,555.8,543,555.8,9080,342100,8.947652,83500,83655.02
2025-07-09 10:08:00,ATM-2,PUT,316.95,318.55,310.7,310.7,12320,439580,10.196902,83500,83655.02
2025-07-09 10:08:00,ATM-1,CALL,484.85,496,483.8,496,15320,300180,8.944659,83600,83655.02
2025-07-09 10:08:00,ATM-1,PUT,357.7,359.95,351.25,352.55,14980,393440,10.207605,83600,83655.02
2025-07-09 10:08:00,ATM,CALL,431.4,441.15,429.95,440.95,19720,262820,8.959158,83700,83655.02
2025-07-09 10:08:00,ATM,PUT,403.85,406.7,397.85,398.15,13740,202860,10.223258,83700,83655.02
2025-07-09 10:08:00,ATM+1,CALL,381,391.75,380,391.75,8760,168400,9.014747,83800,83655.02
2025-07-09 10:08:00,ATM+1,PUT,453.6,455.6,446.2,446.2,3360,129280,10.213399,83800,83655.02
2025-07-09 10:08:00,ATM+2,CALL,334.95,343.8,334.3,343.8,4300,111840,9.006108,83900,83655.02
2025-07-09 10:08:00,ATM+2,PUT,508.4,509.8,498.75,498.75,2140,37580,10.225172,83900,83655.02
2025-07-09 10:08:00,ATM+3,CALL,292.85,300,291.6,299.85,9400,279800,8.997088,84000,83655.02
2025-07-09 10:08:00,ATM+3,PUT,564.8,566,556.45,556.45,740,98700,10.274724,84000,83655.02
2025-07-09 10:08:00,ATM+4,CALL,254.2,261,253.35,261,3440,74100,9.015457,84100,83655.02
2025-07-09 10:08:00,ATM+4,PUT,624.4,627,617.8,617.8,140,9960,10.330063,84100,83655.02
2025-07-09 10:08:00,ATM+5,CALL,219.25,226,218.4,226,7180,93960,9.035491,84200,83655.02
2025-07-09 10:08:00,ATM+5,PUT,688,688,682,682,80,7820,10.375066,84200,83655.02
2025-07-09 10:08:00,ATM+6,CALL,188.7,194.3,188.4,194.3,2780,68020,9.047301,84300,83655.02
2025-07-09 10:08:00,ATM+6,PUT,758.6,758.6,758.6,758.6,0,5000,10.603854,84300,83655.02
2025-07-09 10:08:00,ATM+7,CALL,162,166.5,161,166.5,1960,85960,9.071166,84400,83655.02
2025-07-09 10:08:00,ATM+7,PUT,825,825,825,825,20,4000,10.603109,84400,83655.02
2025-07-09 10:08:00,ATM+8,CALL,137.9,142.25,136.8,142.25,9940,187280,9.105208,84500,83655.02
2025-07-09 10:08:00,ATM+8,PUT,911,911,900,900,460,32560,10.703425,84500,83655.02
2025-07-09 10:08:00,ATM+9,CALL,117.45,120.8,116.3,120.8,2860,78000,9.135292,84600,83655.02
2025-07-09 10:08:00,ATM+9,PUT,984.3,986.2,984.3,986.2,220,700,11.053328,84600,83655.02
2025-07-09 10:08:00,ATM+10,CALL,98.65,101.65,97.75,101.65,4380,158660,9.151527,84700,83655.02
2025-07-09 10:08:00,ATM+10,PUT,991.65,991.65,991.65,991.65,0,700,10.927814,84700,83655.02
2025-07-09 10:09:00,ATM-10,CALL,1204.45,1204.45,1204.45,1204.45,0,1740,7.180588,82700,83670.4
2025-07-09 10:09:00,ATM-10,PUT,102.25,103.3,101.8,103.05,1960,59440,10.63126,82700,83670.4
2025-07-09 10:09:00,ATM-9,CALL,1130,1130,1130,1130,0,1860,8.152671,82800,83670.4
2025-07-09 10:09:00,ATM-9,PUT,118.2,119.55,118,118.8,1320,74880,10.553229,82800,83670.4
2025-07-09 10:09:00,ATM-8,CALL,984.3,984.3,984.3,984.3,20,3820,8.264873,82900,83670.4
2025-07-09 10:09:00,ATM-8,PUT,136.55,138.1,136.15,138.1,700,66340,10.52328,82900,83670.4
2025-07-09 10:09:00,ATM-7,CALL,902,902,898.3,898.3,380,48260,8.154659,83000,83670.4
2025-07-09 10:09:00,ATM-7,PUT,158,160,157.6,159.7,3940,196240,10.489578,83000,83670.4
2025-07-09 10:09:00,ATM-6,CALL,829.4,829.4,820.8,827.55,200,7720,8.451416,83100,83670.4
2025-07-09 10:09:00,ATM-6,PUT,182,184,181.5,184,2220,72420,10.458948,83100,83670.4
2025-07-09 10:09:00,ATM-5,CALL,757.35,757.35,749.85,751.3,620,15060,8.447367,83200,83670.4
2025-07-09 10:09:00,ATM-5,PUT,209.4,211.35,208.45,210.9,2840,85160,10.423624,83200,83670.4
2025-07-09 10:09:00,ATM-4,CALL,685.8,686.4,679.3,682,760,39480,8.536761,83300,83670.4
2025-07-09 10:09:00,ATM-4,PUT,240.75,242.45,238.95,241.85,4260,250340,10.416998,83300,83670.4
2025-07-09 10:09:00,ATM-3,CALL,618,621,614.35,615.3,5360,61780,8.588085,83400,83670.4
2025-07-09 10:09:00,ATM-3,PUT,273,276.2,272.4,275.5,6660,128000,10.399033,83400,83670.4
2025-07-09 10:09:00,ATM-2,CALL,555,557.4,551.35,552.6,17960,369300,8.637816,83500,83670.4
2025-07-09 10:09:00,ATM-2,PUT,311.25,314.1,310,313,5500,439820,10.395392,83500,83670.4
2025-07-09 10:09:00,ATM-1,CALL,495.1,497.7,492,494.35,16440,304420,8.694528,83600,83670.4
2025-07-09 10:09:00,ATM-1,PUT,351.15,355,350.15,352.25,13920,398740,10.35365,83600,83670.4
2025-07-09 10:09:00,ATM,CALL,441.85,443.55,438.25,439.8,28140,265520,8.739435,83700,83670.4
2025-07-09 10:09:00,ATM,PUT,397.9,401,396.05,399.7,13960,201420,10.422599,83700,83670.4
2025-07-09 10:09:00,ATM+1,CALL,391.1,393,387.85,389.85,12920,170020,8.793749,83800,83670.4
2025-07-09 10:09:00,ATM+1,PUT,446,450.05,445.6,449.3,2060,126440,10.459764,83800,83670.4
2025-07-09 10:09:00,ATM+2,CALL,343.8,345.25,340.6,343.55,10360,112940,8.836668,83900,83670.4
2025-07-09 10:09:00,ATM+2,PUT,499.05,503.35,497.65,502,1440,38600,10.488126,83900,83670.4
2025-07-09 10:09:00,ATM+3,CALL,299.85,301.85,298,299.1,13420,279600,8.827994,84000,83670.4
2025-07-09 10:09:00,ATM+3,PUT,555,558.6,554.6,557,1080,98540,10.490067,84000,83670.4
2025-07-09 10:09:00,ATM+4,CALL,260.85,262.85,258.75,260.3,3380,75020,8.857765,84100,83670.4
2025-07-09 10:09:00,ATM+4,PUT,616.35,621.2,616.35,619.1,260,10040,10.579228,84100,83670.4
2025-07-09 10:09:00,ATM+5,CALL,226,227.45,223.9,225.1,7040,98080,8.881678,84200,83670.4
2025-07-09 10:09:00,ATM+5,PUT,682,682,682,682,0,7820,10.375066,84200,83670.4
2025-07-09 10:09:00,ATM+6,CALL,194.8,196,191.55,194.1,7800,68640,8.919019,84300,83670.4
2025-07-09 10:09:00,ATM+6,PUT,751,755.25,749.85,755.25,120,5180,10.822671,84300,83670.4
2025-07-09 10:09:00,ATM+7,CALL,165.85,167.3,165,166,3540,86220,8.941877,84400,83670.4
2025-07-09 10:09:00,ATM+7,PUT,818.1,818.1,818.1,818.1,20,3920,10.700763,84400,83670.4
2025-07-09 10:09:00,ATM+8,CALL,142.3,143.1,140.7,142.15,6840,186980,8.993332,84500,83670.4
2025-07-09 10:09:00,ATM+8,PUT,897.65,897.65,897.65,897.65,60,32620,10.939334,84500,83670.4
2025-07-09 10:09:00,ATM+9,CALL,121,121.8,119.15,120.25,3840,76780,9.015132,84600,83670.4
2025-07-09 10:09:00,ATM+9,PUT,979.75,979.75,979.75,979.75,140,720,11.192566,84600,83670.4
2025-07-09 10:09:00,ATM+10,CALL,102,102.5,100.65,101.4,6080,159960,9.045585,84700,83670.4
2025-07-09 10:09:00,ATM+10,PUT,991.65,991.65,991.65,991.65,0,700,10.927814,84700,83670.4
2025-07-09 10:10:00,ATM-10,CALL,1204.45,1204.45,1204.45,1204.45,0,1740,7.180588,82700,83698.22
2025-07-09 10:10:00,ATM-10,PUT,103.3,103.45,98.45,100.8,5840,59440,10.717344,82700,83698.22
2025-07-09 10:10:00,ATM-9,CALL,1073,1089,1073,1089,80,3080,8.029449,82800,83698.22
2025-07-09 10:10:00,ATM-9,PUT,118.7,119.4,113.65,116.45,4620,74880,10.649428,82800,83698.22
2025-07-09 10:10:00,ATM-8,CALL,975.75,1003,975.75,1003,60,3820,8.066141,82900,83698.22
2025-07-09 10:10:00,ATM-8,PUT,138,138,131.2,134.3,6940,66340,10.587114,82900,83698.22
2025-07-09 10:10:00,ATM-7,CALL,902,939,902,931.45,6700,48260,8.516221,83000,83698.22
2025-07-09 10:10:00,ATM-7,PUT,159.15,160,152,155.6,32360,196240,10.561464,83000,83698.22
2025-07-09 10:10:00,ATM-6,CALL,830,858.55,830,852.95,1300,7720,8.563731,83100,83698.22
2025-07-09 10:10:00,ATM-6,PUT,183.55,184,175.1,178.4,10360,72420,10.5055,83100,83698.22
2025-07-09 10:10:00,ATM-5,CALL,751.3,788.2,748.8,783.15,3160,15060,8.764583,83200,83698.22
2025-07-09 10:10:00,ATM-5,PUT,210.7,211.3,200.7,205.15,16060,85160,10.485278,83200,83698.22
2025-07-09 10:10:00,ATM-4,CALL,682.15,719.25,678.5,713.15,4360,39480,8.841587,83300,83698.22
2025-07-09 10:10:00,ATM-4,PUT,241.6,242,230.4,234.8,15180,250340,10.464437,83300,83698.22
2025-07-09 10:10:00,ATM-3,CALL,617.8,650.6,614.4,647.15,15640,61780,8.92136,83400,83698.22
2025-07-09 10:10:00,ATM-3,PUT,275.7,276.4,262.75,266.75,12460,128000,10.424548,83400,83698.22
2025-07-09 10:10:00,ATM-2,CALL,554.4,585.8,550,581.45,50200,369300,8.910583,83500,83698.22
2025-07-09 10:10:00,ATM-2,PUT,313.15,313.45,298,303.4,46680,439820,10.421903,83500,83698.22
2025-07-09 10:10:00,ATM-1,CALL,493.15,523.95,491.7,520.05,75420,304420,8.910978,83600,83698.22
2025-07-09 10:10:00,ATM-1,PUT,353.85,354.95,337.6,342.6,49980,398740,10.400458,83600,83698.22
2025-07-09 10:10:00,ATM,CALL,440.6,468,437.55,465.6,67140,265520,8.9804,83700,83698.22
2025-07-09 10:10:00,ATM,PUT,399,400.65,381.95,387.05,38300,201420,10.421858,83700,83698.22
2025-07-09 10:10:00,ATM+1,CALL,390,415.9,387,413.35,50020,170020,9.006012,83800,83698.22
2025-07-09 10:10:00,ATM+1,PUT,449.15,450.5,430,434.75,20200,126440,10.437703,83800,83698.22
2025-07-09 10:10:00,ATM+2,CALL,342.25,367.05,340.35,364.3,37840,112940,9.012181,83900,83698.22
2025-07-09 10:10:00,ATM+2,PUT,503.4,503.4,481.85,488.5,7080,38600,10.512354,83900,83698.22
2025-07-09 10:10:00,ATM+3,CALL,299,322.55,297,320.9,57540,279600,9.056208,84000,83698.22
2025-07-09 10:10:00,ATM+3,PUT,559.6,560.45,536.3,540,8620,98540,10.455695,84000,83698.22
2025-07-09 10:10:00,ATM+4,CALL,259.8,282,258.75,280.45,27460,75020,9.077889,84100,83698.22
2025-07-09 10:10:00,ATM+4,PUT,613.7,613.7,596,600.5,980,10040,10.528468,84100,83698.22
2025-07-09 10:10:00,ATM+5,CALL,225.15,244.9,223.05,242.9,34720,98080,9.077416,84200,83698.22
2025-07-09 10:10:00,ATM+5,PUT,680.85,680.85,658.25,663.9,520,7820,10.593146,84200,83698.22
2025-07-09 10:10:00,ATM+6,CALL,193.95,212.35,192.25,210.15,25140,68640,9.104139,84300,83698.22
2025-07-09 10:10:00,ATM+6,PUT,726,731.9,725.3,725.3,920,5180,10.531358,84300,83698.22
2025-07-09 10:10:00,ATM+7,CALL,165.9,182.55,164.6,181.25,16780,86220,9.140994,84400,83698.22
2025-07-09 10:10:00,ATM+7,PUT,800,803.15,799.75,803.15,440,3920,10.805775,84400,83698.22
2025-07-09 10:10:00,ATM+8,CALL,141.6,156.85,140.4,154.4,34540,186980,9.144607,84500,83698.22
2025-07-09 10:10:00,ATM+8,PUT,901.6,901.6,880,880,740,32620,10.995216,84500,83698.22
2025-07-09 10:10:00,ATM+9,CALL,120.35,134,119.55,132.05,21960,76780,9.189035,84600,83698.22
2025-07-09 10:10:00,ATM+9,PUT,970,970,970,970,220,720,11.485039,84600,83698.22
2025-07-09 10:10:00,ATM+10,CALL,101.25,113.9,100.75,112.5,42040,159960,9.235603,84700,83698.22
2025-07-09 10:10:00,ATM+10,PUT,991.65,991.65,991.65,991.65,0,700,10.927814,84700,83698.22
2025-07-09 10:11:00,ATM-10,CALL,1204.45,1204.45,1204.45,1204.45,0,1740,7.180588,82700,83701.5
2025-07-09 10:11:00,ATM-10,PUT,100.6,102.5,97.85,102.05,8540,59440,10.784245,82700,83701.5
2025-07-09 10:11:00,ATM-9,CALL,1093.9,1093.9,1093.9,1093.9,20,3080,8.124015,82800,83701.5
2025-07-09 10:11:00,ATM-9,PUT,115.35,118.25,112.85,117.55,6640,74880,10.708618,82800,83701.5
2025-07-09 10:11:00,ATM-8,CALL,1021,1026.55,1005,1005,340,3820,8.033349,82900,83701.5
2025-07-09 10:11:00,ATM-8,PUT,133.65,136.45,130.4,136.45,11540,66340,10.678392,82900,83701.5
2025-07-09 10:11:00,ATM-7,CALL,930.75,957.15,930.75,931.6,3380,48260,8.428203,83000,83701.5
2025-07-09 10:11:00,ATM-7,PUT,154.25,157.95,151,157.85,28220,196240,10.652394,83000,83701.5
2025-07-09 10:11:00,ATM-6,CALL,861.6,875,861.4,861.4,2100,7720,8.749033,83100,83701.5
2025-07-09 10:11:00,ATM-6,PUT,178.3,181.8,173.4,181.8,13600,72420,10.626357,83100,83701.5
2025-07-09 10:11:00,ATM-5,CALL,786.1,807,777.95,778.45,3060,15060,8.557231,83200,83701.5
2025-07-09 10:11:00,ATM-5,PUT,204.5,208.4,198.95,208.4,16200,85160,10.598467,83200,83701.5
2025-07-09 10:11:00,ATM-4,CALL,716.95,735.55,702.15,704.9,5900,39480,8.554958,83300,83701.5
2025-07-09 10:11:00,ATM-4,PUT,235.05,238.55,227.65,238.55,18900,250340,10.588039,83300,83701.5
2025-07-09 10:11:00,ATM-3,CALL,645.25,666.3,639.55,639.55,15260,61780,8.670717,83400,83701.5
2025-07-09 10:11:00,ATM-3,PUT,265.25,271.95,260,271.95,15500,128000,10.582061,83400,83701.5
2025-07-09 10:11:00,ATM-2,CALL,581.95,601.55,576.45,576.45,58140,369300,8.737419,83500,83701.5
2025-07-09 10:11:00,ATM-2,PUT,301.45,307.75,294.95,307.05,40180,439820,10.540022,83500,83701.5
2025-07-09 10:11:00,ATM-1,CALL,519.7,540.9,514.05,514.05,89160,304420,8.722636,83600,83701.5
2025-07-09 10:11:00,ATM-1,PUT,341.6,348,333.75,348,53780,398740,10.559607,83600,83701.5
2025-07-09 10:11:00,ATM,CALL,465.85,484.15,460.6,461.15,112380,265520,8.835177,83700,83701.5
2025-07-09 10:11:00,ATM,PUT,387.35,393.25,376.2,393.25,39140,201420,10.599706,83700,83701.5
2025-07-09 10:11:00,ATM+1,CALL,411.95,430.8,408.5,408.7,73860,170020,8.860758,83800,83701.5
2025-07-09 10:11:00,ATM+1,PUT,435.25,442.05,422.8,441.7,27280,126440,10.63402,83800,83701.5
2025-07-09 10:11:00,ATM+2,CALL,363.05,382.8,361.45,361.45,38740,112940,8.911302,83900,83701.5
2025-07-09 10:11:00,ATM+2,PUT,485.85,494.55,475,494.55,7440,38600,10.690581,83900,83701.5
2025-07-09 10:11:00,ATM+3,CALL,320.3,335.65,317,317,81120,279600,8.932937,84000,83701.5
2025-07-09 10:11:00,ATM+3,PUT,541.15,550,530,550,8980,98540,10.729179,84000,83701.5
2025-07-09 10:11:00,ATM+4,CALL,278.8,294.15,277.8,277.8,30620,75020,8.984704,84100,83701.5
2025-07-09 10:11:00,ATM+4,PUT,597.5,603,587.7,603,2220,10040,10.63257,84100,83701.5
2025-07-09 10:11:00,ATM+5,CALL,241.8,257.5,240.6,240.6,41360,98080,8.992922,84200,83701.5
2025-07-09 10:11:00,ATM+5,PUT,665.15,671.65,650,671.65,1000,7820,10.827801,84200,83701.5
2025-07-09 10:11:00,ATM+6,CALL,211.3,223.25,209.2,209.55,35760,68640,9.062408,84300,83701.5
2025-07-09 10:11:00,ATM+6,PUT,723.65,732.55,718.1,732.55,260,5180,10.76337,84300,83701.5
2025-07-09 10:11:00,ATM+7,CALL,179.6,192.2,179.6,179.85,26620,86220,9.078781,84400,83701.5
2025-07-09 10:11:00,ATM+7,PUT,789.2,811.65,789.2,811.65,160,3920,11.078957,84400,83701.5
2025-07-09 10:11:00,ATM+8,CALL,154.1,166.35,153.95,154.45,65860,186980,9.12267,84500,83701.5
2025-07-09 10:11:00,ATM+8,PUT,875,885,858.95,885,660,32620,11.188565,84500,83701.5
2025-07-09 10:11:00,ATM+9,CALL,132,142,132,132.15,42160,76780,9.170019,84600,83701.5
2025-07-09 10:11:00,ATM+9,PUT,950,950,949.75,949.75,240,720,10.993128,84600,83701.5
2025-07-09 10:11:00,ATM+10,CALL,112.8,121.55,112.4,112.75,136140,159960,9.222889,84700,83701.5
2025-07-09 10:11:00,ATM+10,PUT,991.65,991.65,991.65,991.65,0,700,10.927814,84700,83701.5
2025-07-09 10:12:00,ATM-10,CALL,1175,1175,1175,1175,60,1840,7.653961,82700,83702.06
2025-07-09 10:12:00,ATM-10,PUT,102.85,103,100.6,102.05,6540,61000,10.78814,82700,83702.06
2025-07-09 10:12:00,ATM-9,CALL,1086.6,1099.55,1086.6,1099.55,80,3080,8.359822,82800,83702.06
2025-07-09 10:12:00,ATM-9,PUT,118.95,119.25,116.2,117.65,1920,75240,10.716102,82800,83702.06
2025-07-09 10:12:00,ATM-8,CALL,1005,1005,1005,1005,200,3820,8.014384,82900,83702.06
2025-07-09 10:12:00,ATM-8,PUT,136.7,137.05,134.15,135.9,1600,65200,10.664927,82900,83702.06
2025-07-09 10:12:00,ATM-7,CALL,926.15,944,926.15,935,2100,47320,8.532102,83000,83702.06
2025-07-09 10:12:00,ATM-7,PUT,158.65,158.75,154.65,157,12460,198080,10.631209,83000,83702.06
2025-07-09 10:12:00,ATM-6,CALL,846.6,857.5,846.6,857.5,100,7720,8.613596,83100,83702.06
2025-07-09 10:12:00,ATM-6,PUT,182.25,182.35,178.8,180.15,2360,70080,10.584134,83100,83702.06
2025-07-09 10:12:00,ATM-5,CALL,774.2,789.9,774.2,784.4,1180,15240,8.718921,83200,83702.06
2025-07-09 10:12:00,ATM-5,PUT,208.9,209.2,204.15,207.9,4760,85160,10.589792,83200,83702.06
2025-07-09 10:12:00,ATM-4,CALL,705.6,724.6,703.4,717.85,2080,39480,8.895869,83300,83702.06
2025-07-09 10:12:00,ATM-4,PUT,239.2,239.9,233.9,237.85,8340,254360,10.575047,83300,83702.06
2025-07-09 10:12:00,ATM-3,CALL,639.1,656.8,637.1,647.9,4920,55940,8.875611,83400,83702.06
2025-07-09 10:12:00,ATM-3,PUT,272.85,272.85,266.55,269.05,8400,128000,10.515469,83400,83702.06
2025-07-09 10:12:00,ATM-2,CALL,574.35,593.85,573.9,585.75,32200,369300,8.957162,83500,83702.06
2025-07-09 10:12:00,ATM-2,PUT,309.25,309.25,301.85,304.95,21620,443340,10.49508,83500,83702.06
2025-07-09 10:12:00,ATM-1,CALL,515,533,512,525,63760,295780,8.97508,83600,83702.06
2025-07-09 10:12:00,ATM-1,PUT,348.6,348.6,341.2,344.65,21860,398740,10.486757,83600,83702.06
2025-07-09 10:12:00,ATM,CALL,458.45,476.2,458.45,469.6,36460,252220,9.024725,83700,83702.06
2025-07-09 10:12:00,ATM,PUT,394.7,394.7,385.75,389,19560,211880,10.507582,83700,83702.06
2025-07-09 10:12:00,ATM+1,CALL,407.8,423.65,406.6,417.35,30220,158880,9.053431,83800,83702.06
2025-07-09 10:12:00,ATM+1,PUT,442.9,442.9,432.5,437.35,12140,127200,10.540744,83800,83702.06
2025-07-09 10:12:00,ATM+2,CALL,360.05,374.5,358.9,368.65,20860,109240,9.071173,83900,83702.06
2025-07-09 10:12:00,ATM+2,PUT,496,496.75,484.1,488.95,5460,43360,10.569058,83900,83702.06
2025-07-09 10:12:00,ATM+3,CALL,316.5,329.3,315.55,324.1,35340,274860,9.09263,84000,83702.06
2025-07-09 10:12:00,ATM+3,PUT,550.2,550.5,538.35,543.75,6040,98280,10.592182,84000,83702.06
2025-07-09 10:12:00,ATM+4,CALL,276.5,289.2,276.05,284.7,10520,67380,9.143393,84100,83702.06
2025-07-09 10:12:00,ATM+4,PUT,611.35,611.35,599.05,599.3,320,11360,10.553798,84100,83702.06
2025-07-09 10:12:00,ATM+5,CALL,240.65,251.8,239.45,247.55,22080,91800,9.158171,84200,83702.06
2025-07-09 10:12:00,ATM+5,PUT,674.85,674.85,660.5,668.6,440,8060,10.763383,84200,83702.06
2025-07-09 10:12:00,ATM+6,CALL,208.05,218.55,207.25,214.3,16720,68880,9.17892,84300,83702.06
2025-07-09 10:12:00,ATM+6,PUT,733.25,735.9,728.2,729.05,140,4700,10.686365,84300,83702.06
2025-07-09 10:12:00,ATM+7,CALL,179.35,187.8,178,184.7,10280,82500,9.204281,84400,83702.06
2025-07-09 10:12:00,ATM+7,PUT,806.3,809.3,799.3,799.3,260,3980,10.774625,84400,83702.06
2025-07-09 10:12:00,ATM+8,CALL,153.5,161.4,153.45,158.4,13900,185840,9.230677,84500,83702.06
2025-07-09 10:12:00,ATM+8,PUT,888,888,875,875,100,33280,10.935024,84500,83702.06
2025-07-09 10:12:00,ATM+9,CALL,132.1,137.95,130.6,134.9,9320,72780,9.249711,84600,83702.06
2025-07-09 10:12:00,ATM+9,PUT,949.75,949.75,949.75,949.75,0,720,10.993128,84600,83702.06
2025-07-09 10:12:00,ATM+10,CALL,112.6,117.35,111.45,115.2,32580,96800,9.299374,84700,83702.06
2025-07-09 10:12:00,ATM+10,PUT,991.65,991.65,991.65,991.65,0,700,10.927814,84700,83702.06
2025-07-09 10:13:00,ATM-10,CALL,1175,1175,1175,1175,0,1840,7.653961,82700,83720.11
2025-07-09 10:13:00,ATM-10,PUT,101.7,101.7,98.7,100,3400,61000,10.820838,82700,83720.11
2025-07-09 10:13:00,ATM-9,CALL,1099.55,1099.55,1099.55,1099.55,0,3080,8.359822,82800,83720.11
2025-07-09 10:13:00,ATM-9,PUT,117.3,117.3,114,114.95,1520,75240,10.736505,82800,83720.11
2025-07-09 10:13:00,ATM-8,CALL,1005,1005,1005,1005,0,3820,8.014384,82900,83720.11
2025-07-09 10:13:00,ATM-8,PUT,135.55,135.55,131.95,132.05,2700,65200,10.65975,82900,83720.11
2025-07-09 10:13:00,ATM-7,CALL,937.5,948,937.5,948,1980,47320,8.467405,83000,83720.11
2025-07-09 10:13:00,ATM-7,PUT,156.5,156.5,152.05,153.5,9420,198080,10.650589,83000,83720.11
2025-07-09 10:13:00,ATM-6,CALL,864.8,870,864.8,869.15,300,7720,8.530171,83100,83720.11
2025-07-09 10:13:00,ATM-6,PUT,180,180,175.3,175.95,2920,70080,10.59588,83100,83720.11
2025-07-09 10:13:00,ATM-5,CALL,788.4,793.8,787.45,792.6,1980,15240,8.55914,83200,83720.11
2025-07-09 10:13:00,ATM-5,PUT,207.3,207.3,201.3,203.05,2740,85160,10.597401,83200,83720.11
2025-07-09 10:13:00,ATM-4,CALL,718.2,729.05,718.2,724.8,2680,39480,8.732605,83300,83720.11
2025-07-09 10:13:00,ATM-4,PUT,236.7,236.7,230.75,233.1,5020,254360,10.598894,83300,83720.11
2025-07-09 10:13:00,ATM-3,CALL,651.2,660.55,650.55,654.95,4780,55940,8.740397,83400,83720.11
2025-07-09 10:13:00,ATM-3,PUT,268.8,268.8,262.55,264.85,5280,128000,10.565917,83400,83720.11
2025-07-09 10:13:00,ATM-2,CALL,585,596.9,585,590.15,19940,369300,8.780069,83500,83720.11
2025-07-09 10:13:00,ATM-2,PUT,305.15,305.25,298.05,299.55,22320,443340,10.529112,83500,83720.11
2025-07-09 10:13:00,ATM-1,CALL,524.4,535.1,524.4,530,61220,295780,8.835034,83600,83720.11
2025-07-09 10:13:00,ATM-1,PUT,345.5,345.5,336.65,339.5,17400,398740,10.540128,83600,83720.11
2025-07-09 10:13:00,ATM,CALL,470,479.2,470,475.15,41300,252220,8.917551,83700,83720.11
2025-07-09 10:13:00,ATM,PUT,390.35,390.35,381.3,384.15,15640,211880,10.581391,83700,83720.11
2025-07-09 10:13:00,ATM+1,CALL,417.65,428.25,417.65,421.8,29820,158880,8.938968,83800,83720.11
2025-07-09 10:13:00,ATM+1,PUT,437.4,437.45,429.05,430.6,8140,127200,10.584571,83800,83720.11
2025-07-09 10:13:00,ATM+2,CALL,370.5,378.2,369.8,372.05,14700,109240,8.949471,83900,83720.11
2025-07-09 10:13:00,ATM+2,PUT,490.55,490.55,480.35,483.75,4140,43360,10.662658,83900,83720.11
2025-07-09 10:13:00,ATM+3,CALL,324.5,333.15,324.5,328,34320,274860,8.998093,84000,83720.11
2025-07-09 10:13:00,ATM+3,PUT,542.85,542.85,534.85,538.1,3200,98280,10.69018,84000,83720.11
2025-07-09 10:13:00,ATM+4,CALL,285.55,292.1,285,287.65,10100,67380,9.041182,84100,83720.11
2025-07-09 10:13:00,ATM+4,PUT,604.6,604.6,595,597.15,2280,11360,10.749321,84100,83720.11
2025-07-09 10:13:00,ATM+5,CALL,247.1,255,247.1,250,11360,91800,9.05747,84200,83720.11
2025-07-09 10:13:00,ATM+5,PUT,665.85,666.55,656.25,661.85,4080,8060,10.866411,84200,83720.11
2025-07-09 10:13:00,ATM+6,CALL,213.4,220.1,213.4,217.15,6260,68880,9.100913,84300,83720.11
2025-07-09 10:13:00,ATM+6,PUT,730,730,722.2,722.2,240,4700,10.804377,84300,83720.11
2025-07-09 10:13:00,ATM+7,CALL,184.15,190.7,184.15,186.5,6120,82500,9.111227,84400,83720.11
2025-07-09 10:13:00,ATM+7,PUT,801.4,801.4,791.4,791.4,240,3980,10.883519,84400,83720.11
2025-07-09 10:13:00,ATM+8,CALL,157.95,163.65,157.95,160.6,16280,185840,9.159787,84500,83720.11
2025-07-09 10:13:00,ATM+8,PUT,870,870,864.2,864.2,400,33280,10.984573,84500,83720.11
2025-07-09 10:13:00,ATM+9,CALL,135.2,140.55,135,137.45,9400,72780,9.200869,84600,83720.11
2025-07-09 10:13:00,ATM+9,PUT,949.75,949.75,949.75,949.75,100,1080,11.364629,84600,83720.11
2025-07-09 10:13:00,ATM+10,CALL,115.5,119.05,115.4,117.05,13880,96800,9.240369,84700,83720.11
2025-07-09 10:13:00,ATM+10,PUT,1029.45,1029.45,1029.45,1029.45,20,280,11.536368,84700,83720.11
2025-07-09 10:14:00,ATM-10,CALL,1200.35,1200.35,1200.35,1200.35,100,1840,7.263412,82700,83736.07
2025-07-09 10:14:00,ATM-10,PUT,99.4,99.95,98.9,99.65,1540,61000,10.903949,82700,83736.07
2025-07-09 10:14:00,ATM-9,CALL,1099.55,1099.55,1099.55,1099.55,0,3080,8.359822,82800,83736.07
2025-07-09 10:14:00,ATM-9,PUT,115,115.55,114.05,114.25,1260,75240,10.812359,82800,83736.07
2025-07-09 10:14:00,ATM-8,CALL,1005,1005,1005,1005,0,3820,8.014384,82900,83736.07
2025-07-09 10:14:00,ATM-8,PUT,133.2,133.2,131.75,132.25,2640,65200,10.771213,82900,83736.07
2025-07-09 10:14:00,ATM-7,CALL,948.15,953.15,941.15,953.15,1000,47320,8.170194,83000,83736.07
2025-07-09 10:14:00,ATM-7,PUT,153.35,153.95,152,152.6,4640,198080,10.733218,83000,83736.07
2025-07-09 10:14:00,ATM-6,CALL,872.85,875.55,869.7,869.7,200,7720,8.125201,83100,83736.07
2025-07-09 10:14:00,ATM-6,PUT,176.4,177,174.6,175.5,3040,70080,10.698527,83100,83736.07
2025-07-09 10:14:00,ATM-5,CALL,792.6,801.2,792.25,801.2,460,15240,8.451061,83200,83736.07
2025-07-09 10:14:00,ATM-5,PUT,202.85,203.25,200.95,201.1,2980,85160,10.666039,83200,83736.07
2025-07-09 10:14:00,ATM-4,CALL,720.55,730,720.55,728.4,1440,39480,8.5107,83300,83736.07
2025-07-09 10:14:00,ATM-4,PUT,232.8,233.05,229.6,230.95,5300,254360,10.671577,83300,83736.07
2025-07-09 10:14:00,ATM-3,CALL,655,662.25,651.3,658.95,3660,55940,8.557278,83400,83736.07
2025-07-09 10:14:00,ATM-3,PUT,264.3,265.35,261.5,263.4,4600,128000,10.665586,83400,83736.07
2025-07-09 10:14:00,ATM-2,CALL,592,599.8,589,595.85,22620,369300,8.663507,83500,83736.07
2025-07-09 10:14:00,ATM-2,PUT,300.15,300.9,296.9,298.35,13440,443340,10.644036,83500,83736.07
2025-07-09 10:14:00,ATM-1,CALL,528.75,537.95,526.85,534.15,24740,295780,8.700887,83600,83736.07
2025-07-09 10:14:00,ATM-1,PUT,339.55,340.2,335.2,336.6,12140,398740,10.624611,83600,83736.07
2025-07-09 10:14:00,ATM,CALL,475.2,481.8,472.15,478.8,38220,252220,8.790375,83700,83736.07
2025-07-09 10:14:00,ATM,PUT,383.4,385,379.15,381.95,14700,211880,10.693318,83700,83736.07
2025-07-09 10:14:00,ATM+1,CALL,423.35,429.5,421.1,426.95,26340,158880,8.863053,83800,83736.07
2025-07-09 10:14:00,ATM+1,PUT,431.3,432.95,427.35,428.35,7740,127200,10.706791,83800,83736.07
2025-07-09 10:14:00,ATM+2,CALL,372.8,379.7,371.95,376.95,15880,109240,8.882992,83900,83736.07
2025-07-09 10:14:00,ATM+2,PUT,482.95,484.6,478,479.85,2500,43360,10.75926,83900,83736.07
2025-07-09 10:14:00,ATM+3,CALL,328.55,334.8,327,332.4,26980,274860,8.934435,84000,83736.07
2025-07-09 10:14:00,ATM+3,PUT,538.1,539.7,532.45,533.5,3400,98280,10.783562,84000,83736.07
2025-07-09 10:14:00,ATM+4,CALL,288.2,292.55,285.95,290.2,5980,67380,8.94771,84100,83736.07
2025-07-09 10:14:00,ATM+4,PUT,597.8,597.8,593.7,593.7,1320,11360,10.882918,84100,83736.07
2025-07-09 10:14:00,ATM+5,CALL,250.65,254.4,248.45,253,10000,91800,8.987074,84200,83736.07
2025-07-09 10:14:00,ATM+5,PUT,659.65,660.6,655,655,200,8060,10.933756,84200,83736.07
2025-07-09 10:14:00,ATM+6,CALL,217.05,220.95,215.05,218.4,6380,68880,8.998661,84300,83736.07
2025-07-09 10:14:00,ATM+6,PUT,721.75,721.75,719.8,719.8,40,4700,10.994376,84300,83736.07
2025-07-09 10:14:00,ATM+7,CALL,187,190.3,185.55,188.25,3660,82500,9.031992,84400,83736.07
2025-07-09 10:14:00,ATM+7,PUT,791,791,791,791,20,3980,11.141432,84400,83736.07
2025-07-09 10:14:00,ATM+8,CALL,160.6,163.4,159.35,161.65,15880,185840,9.071066,84500,83736.07
2025-07-09 10:14:00,ATM+8,PUT,871.15,871.15,862.35,862.35,160,33280,11.225829,84500,83736.07
2025-07-09 10:14:00,ATM+9,CALL,137,139.75,136.05,138.5,6860,72780,9.120676,84600,83736.07
2025-07-09 10:14:00,ATM+9,PUT,945,945,940,940,100,1080,11.410891,84600,83736.07
2025-07-09 10:14:00,ATM+10,CALL,116.65,119.35,115.7,117.8,9760,96800,9.158928,84700,83736.07
2025-07-09 10:14:00,ATM+10,PUT,1029.45,1029.45,1029.45,1029.45,0,280,11.536368,84700,83736.07
2025-07-09 10:15:00,ATM-10,CALL,1145.85,1145.85,1145.85,1145.85,100,3020,8.485502,82800,83751.65
2025-07-09 10:15:00,ATM-10,PUT,114.55,114.75,109.05,112.8,11080,75320,10.858732,82800,83751.65
2025-07-09 10:15:00,ATM-9,CALL,1070.45,1070.55,1043.85,1043.85,440,3620,7.829686,82900,83751.65
2025-07-09 10:15:00,ATM-9,PUT,132.15,132.15,126.4,130.35,12500,64260,10.810857,82900,83751.65
2025-07-09 10:15:00,ATM-8,CALL,947,985.7,947,964.7,3940,47360,8.111172,83000,83751.65
2025-07-09 10:15:00,ATM-8,PUT,153.15,153.15,146.15,150.2,24380,201600,10.766388,83000,83751.65
2025-07-09 10:15:00,ATM-7,CALL,873.25,907.9,873.25,891.45,2380,8580,8.433804,83100,83751.65
2025-07-09 10:15:00,ATM-7,PUT,175.45,175.45,167.55,173.5,13240,70240,10.752984,83100,83751.65
2025-07-09 10:15:00,ATM-6,CALL,799.1,830.05,799.1,811,4140,14680,8.382876,83200,83751.65
2025-07-09 10:15:00,ATM-6,PUT,200,200,192.7,198.05,16760,88420,10.70053,83200,83751.65
2025-07-09 10:15:00,ATM-5,CALL,729,756.7,729,740.05,5320,39800,8.515783,83300,83751.65
2025-07-09 10:15:00,ATM-5,PUT,230.35,230.35,220.7,226.9,18140,258720,10.69034,83300,83751.65
2025-07-09 10:15:00,ATM-4,CALL,663.2,685.75,662.5,671,12940,55140,8.588002,83400,83751.65
2025-07-09 10:15:00,ATM-4,PUT,262.85,262.85,251.3,258.45,16400,127880,10.673005,83400,83751.65
2025-07-09 10:15:00,ATM-3,CALL,596.55,619.2,596.55,608.7,45820,343480,8.728322,83500,83751.65
2025-07-09 10:15:00,ATM-3,PUT,298.15,298.15,285.3,293.8,54440,440560,10.672964,83500,83751.65
2025-07-09 10:15:00,ATM-2,CALL,532.75,556.4,532.75,545.05,82320,295720,8.731267,83600,83751.65
2025-07-09 10:15:00,ATM-2,PUT,337.65,337.65,323.4,331.85,51280,399940,10.660143,83600,83751.65
2025-07-09 10:15:00,ATM-1,CALL,478.7,500.6,478.7,491.35,110600,262660,8.873678,83700,83751.65
2025-07-09 10:15:00,ATM-1,PUT,381.05,381.5,365,375.05,79300,219100,10.69048,83700,83751.65
2025-07-09 10:15:00,ATM,CALL,424.4,447.1,424.4,437.55,81480,170560,8.914907,83800,83751.65
2025-07-09 10:15:00,ATM,PUT,429.65,429.65,410.8,421.15,31360,129320,10.709227,83800,83751.65
2025-07-09 10:15:00,ATM+1,CALL,376.45,396,376.45,386,41580,113840,8.913686,83900,83751.65
2025-07-09 10:15:00,ATM+1,PUT,478.1,479.55,460.75,473.35,15220,48840,10.789866,83900,83751.65
2025-07-09 10:15:00,ATM+2,CALL,330.4,349.2,330.4,342.1,74780,281360,8.994838,84000,83751.65
2025-07-09 10:15:00,ATM+2,PUT,533.45,533.45,512.8,526.25,9040,98920,10.809082,84000,83751.65
2025-07-09 10:15:00,ATM+3,CALL,290.1,307.35,290.1,300.5,35460,66520,9.037664,84100,83751.65
2025-07-09 10:15:00,ATM+3,PUT,590,590,571,585.85,2800,13520,10.906599,84100,83751.65
2025-07-09 10:15:00,ATM+4,CALL,251.95,268.6,251.95,260.9,35660,94420,9.036162,84200,83751.65
2025-07-09 10:15:00,ATM+4,PUT,645.65,648.75,632.35,647.55,2140,10500,10.97911,84200,83751.65
2025-07-09 10:15:00,ATM+5,CALL,218.05,233.5,218.05,227.1,39040,70720,9.083925,84300,83751.65
2025-07-09 10:15:00,ATM+5,PUT,717.15,717.15,698.5,710.65,840,4720,11.011337,84300,83751.65
2025-07-09 10:15:00,ATM+6,CALL,189.25,201.9,189.25,196.75,26080,85420,9.130258,84400,83751.65
2025-07-09 10:15:00,ATM+6,PUT,777.05,790.4,764.55,781.65,1460,4320,11.164972,84400,83751.65
2025-07-09 10:15:00,ATM+7,CALL,162.6,174.4,162.6,169.4,46480,186520,9.168359,84500,83751.65
2025-07-09 10:15:00,ATM+7,PUT,861.9,861.9,830.05,847.4,3980,33200,11.116944,84500,83751.65
2025-07-09 10:15:00,ATM+8,CALL,138.9,149.5,138.75,145.1,24140,74040,9.20462,84600,83751.65
2025-07-09 10:15:00,ATM+8,PUT,940,940,912.85,913.45,340,1380,10.995614,84600,83751.65
2025-07-09 10:15:00,ATM+9,CALL,117.45,127.7,117.45,123.3,46460,92880,9.228607,84700,83751.65
2025-07-09 10:15:00,ATM+9,PUT,988.85,994.55,988.85,994.55,120,300,11.211328,84700,83751.65
2025-07-09 10:15:00,ATM+10,CALL,98.75,108.95,98.75,104.7,80620,102240,9.268884,84800,83751.65
2025-07-09 10:15:00,ATM+10,PUT,1079.4,1079.4,1079.4,1079.4,40,300,11.483058,84800,83751.65
2025-07-09 10:16:00,ATM-10,CALL,1181.45,1181.45,1181.45,1181.45,100,1880,7.740564,82700,83707.6
2025-07-09 10:16:00,ATM-10,PUT,97.65,100.7,97,100.1,5760,65780,10.750792,82700,83707.6
2025-07-09 10:16:00,ATM-9,CALL,1120,1120,1096.1,1102.05,140,3020,8.257325,82800,83707.6
2025-07-09 10:16:00,ATM-9,PUT,112.65,116,112.05,115.9,4240,75320,10.692471,82800,83707.6
2025-07-09 10:16:00,ATM-8,CALL,1037.15,1037.15,1019.75,1019.75,340,3620,8.42305,82900,83707.6
2025-07-09 10:16:00,ATM-8,PUT,130,133.55,129.35,133.55,4420,64260,10.627693,82900,83707.6
2025-07-09 10:16:00,ATM-7,CALL,966.15,969.75,935,936.4,2760,47360,8.424949,83000,83707.6
2025-07-09 10:16:00,ATM-7,PUT,150.05,155,149.25,154,16220,201600,10.580944,83000,83707.6
2025-07-09 10:16:00,ATM-6,CALL,886.45,886.55,860.3,860.3,1160,8580,8.567216,83100,83707.6
2025-07-09 10:16:00,ATM-6,PUT,172.2,177.75,171.6,177.15,5200,70240,10.540977,83100,83707.6
2025-07-09 10:16:00,ATM-5,CALL,810.35,812.3,783.45,789.55,2160,14680,8.750553,83200,83707.6
2025-07-09 10:16:00,ATM-5,PUT,198.15,204.2,197.15,203,9000,88420,10.501916,83200,83707.6
2025-07-09 10:16:00,ATM-4,CALL,743.1,744.4,712.95,718.5,3840,39800,8.809325,83300,83707.6
2025-07-09 10:16:00,ATM-4,PUT,227.3,234.4,226,232.25,12460,258720,10.477365,83300,83707.6
2025-07-09 10:16:00,ATM-3,CALL,674.7,676.85,645.85,651.2,10260,55140,8.866715,83400,83707.6
2025-07-09 10:16:00,ATM-3,PUT,258.15,266.5,257,265,7860,127880,10.464215,83400,83707.6
2025-07-09 10:16:00,ATM-2,CALL,606.95,611.95,581.7,585.8,34200,343480,8.87428,83500,83707.6
2025-07-09 10:16:00,ATM-2,PUT,293.05,302.4,291.65,301.3,27900,440560,10.459386,83500,83707.6
2025-07-09 10:16:00,ATM-1,CALL,545.75,549.75,521,524.6,36200,295720,8.889309,83600,83707.6
2025-07-09 10:16:00,ATM-1,PUT,331.4,342,329.95,340.4,33960,399940,10.442148,83600,83707.6
2025-07-09 10:16:00,ATM,CALL,490.45,494.25,466.3,471.2,68740,262660,8.992434,83700,83707.6
2025-07-09 10:16:00,ATM,PUT,374.7,386.4,373.05,384,37320,219100,10.450708,83700,83707.6
2025-07-09 10:16:00,ATM+1,CALL,438.4,440.65,414,418.4,60300,170560,9.013946,83800,83707.6
2025-07-09 10:16:00,ATM+1,PUT,421.2,435,420,431.45,29260,129320,10.468042,83800,83707.6
2025-07-09 10:16:00,ATM+2,CALL,387.9,390,365,369.6,27820,113840,9.034477,83900,83707.6
2025-07-09 10:16:00,ATM+2,PUT,472.4,486.25,470.8,483.95,9200,48840,10.521409,83900,83707.6
2025-07-09 10:16:00,ATM+3,CALL,341.1,344.45,321.15,323.75,44280,281360,9.03048,84000,83707.6
2025-07-09 10:16:00,ATM+3,PUT,526.55,541.65,525,538.6,14880,98920,10.545055,84000,83707.6
2025-07-09 10:16:00,ATM+4,CALL,299.9,302.25,280.6,283.55,20160,66520,9.066094,84100,83707.6
2025-07-09 10:16:00,ATM+4,PUT,595.1,602,595.1,602,1240,13520,10.694365,84100,83707.6
2025-07-09 10:16:00,ATM+5,CALL,261.65,263.15,243.95,245,28520,94420,9.049463,84200,83707.6
2025-07-09 10:16:00,ATM+5,PUT,647.05,663.65,647.05,661.05,1060,10500,10.665644,84200,83707.6
2025-07-09 10:16:00,ATM+6,CALL,227.15,228.2,211.5,212.55,16100,70720,9.091116,84300,83707.6
2025-07-09 10:16:00,ATM+6,PUT,726,726.25,726,726.25,380,4720,10.707113,84300,83707.6
2025-07-09 10:16:00,ATM+7,CALL,196.25,197.25,181.2,183.9,21680,85420,9.14231,84400,83707.6
2025-07-09 10:16:00,ATM+7,PUT,779.45,793.6,779.45,793.6,220,4320,10.726256,84400,83707.6
2025-07-09 10:16:00,ATM+8,CALL,169.2,169.5,155,157,38760,186520,9.153054,84500,83707.6
2025-07-09 10:16:00,ATM+8,PUT,850.45,875,850,875,2260,33200,11.039284,84500,83707.6
2025-07-09 10:16:00,ATM+9,CALL,145.25,146.2,132.2,133.55,18700,74040,9.173127,84600,83707.6
2025-07-09 10:16:00,ATM+9,PUT,945.2,945.2,945.2,945.2,80,1380,10.992025,84600,83707.6
2025-07-09 10:16:00,ATM+10,CALL,123.65,124.5,112.15,112.55,21940,92880,9.179468,84700,83707.6
2025-07-09 10:16:00,ATM+10,PUT,1024.9,1024.9,1024.9,1024.9,40,300,11.138122,84700,83707.6
2025-07-09 10:17:00,ATM-10,CALL,1203.6,1203.6,1200,1200,140,1880,8.163779,82700,83719.78
2025-07-09 10:17:00,ATM-10,PUT,100.35,100.75,98.55,98.55,5040,65780,10.766153,82700,83719.78
2025-07-09 10:17:00,ATM-9,CALL,1122.9,1122.9,1111,1111,240,3020,8.174881,82800,83719.78
2025-07-09 10:17:00,ATM-9,PUT,115.45,116,113.5,113.55,4160,75320,10.687438,82800,83719.78
2025-07-09 10:17:00,ATM-8,CALL,1037.35,1037.35,1037.35,1037.35,140,3620,8.707667,82900,83719.78
2025-07-09 10:17:00,ATM-8,PUT,133.25,134,131.15,131.15,3860,64260,10.630218,82900,83719.78
2025-07-09 10:17:00,ATM-7,CALL,941.85,960,941,959.75,2460,47360,8.891602,83000,83719.78
2025-07-09 10:17:00,ATM-7,PUT,154.15,154.6,151.2,151.3,12640,201600,10.583241,83000,83719.78
2025-07-09 10:17:00,ATM-6,CALL,861.35,878,861.35,872.25,640,8580,8.641705,83100,83719.78
2025-07-09 10:17:00,ATM-6,PUT,176.85,177.75,173.55,173.55,4580,70240,10.526504,83100,83719.78
2025-07-09 10:17:00,ATM-5,CALL,787.45,805.7,787.45,797.8,760,14680,8.723254,83200,83719.78
2025-07-09 10:17:00,ATM-5,PUT,202.5,204,199.5,199.5,6580,88420,10.500238,83200,83719.78
2025-07-09 10:17:00,ATM-4,CALL,718.45,736.25,714.85,736.25,1200,39800,9.054118,83300,83719.78
2025-07-09 10:17:00,ATM-4,PUT,232.75,233.9,227.7,228.3,6080,258720,10.473538,83300,83719.78
2025-07-09 10:17:00,ATM-3,CALL,650,671.5,647.5,671.5,4860,55140,9.175119,83400,83719.78
2025-07-09 10:17:00,ATM-3,PUT,265.15,266.15,260,260,9000,127880,10.443888,83400,83719.78
2025-07-09 10:17:00,ATM-2,CALL,586.7,608.05,585.6,606.8,23500,343480,9.198123,83500,83719.78
2025-07-09 10:17:00,ATM-2,PUT,300.5,301.95,294.95,295.35,23960,440560,10.426372,83500,83719.78
2025-07-09 10:17:00,ATM-1,CALL,525.05,543.35,524,543.35,23860,295720,9.160583,83600,83719.78
2025-07-09 10:17:00,ATM-1,PUT,340.4,341.5,333.6,334.75,16260,399940,10.426651,83600,83719.78
2025-07-09 10:17:00,ATM,CALL,470.6,489.1,469.65,489.1,36800,262660,9.249399,83700,83719.78
2025-07-09 10:17:00,ATM,PUT,384.75,385.75,377.2,377.5,22220,219100,10.425474,83700,83719.78
2025-07-09 10:17:00,ATM+1,CALL,417.3,435.4,416.55,434.4,33940,170560,9.235473,83800,83719.78
2025-07-09 10:17:00,ATM+1,PUT,431.3,433.4,423.6,423.6,19520,129320,10.421737,83800,83719.78
2025-07-09 10:17:00,ATM+2,CALL,368.6,384.95,367.05,384.95,17500,113840,9.251948,83900,83719.78
2025-07-09 10:17:00,ATM+2,PUT,482.8,484.95,475,475,5200,48840,10.459628,83900,83719.78
2025-07-09 10:17:00,ATM+3,CALL,324.05,338,322.65,338,30280,281360,9.235574,84000,83719.78
2025-07-09 10:17:00,ATM+3,PUT,539.5,539.9,527.75,527.75,5440,98920,10.448689,84000,83719.78
2025-07-09 10:17:00,ATM+4,CALL,283.4,297.2,282.35,297.2,11620,66520,9.271967,84100,83719.78
2025-07-09 10:17:00,ATM+4,PUT,597.2,597.2,587.4,587.4,1340,13520,10.518353,84100,83719.78
2025-07-09 10:17:00,ATM+5,CALL,245.8,259.55,245.7,259.55,15620,94420,9.294305,84200,83719.78
2025-07-09 10:17:00,ATM+5,PUT,661.05,661.05,653.45,654.45,840,10500,10.686637,84200,83719.78
2025-07-09 10:17:00,ATM+6,CALL,212.45,224.75,211.75,224.75,13360,70720,9.297255,84300,83719.78
2025-07-09 10:17:00,ATM+6,PUT,728.5,728.5,715.9,718.25,320,4720,10.70378,84300,83719.78
2025-07-09 10:17:00,ATM+7,CALL,182.85,193.85,182.35,193.45,17320,85420,9.299413,84400,83719.78
2025-07-09 10:17:00,ATM+7,PUT,798.5,798.5,784.85,788.9,520,4320,10.815954,84400,83719.78
2025-07-09 10:17:00,ATM+8,CALL,156.45,166.8,156.25,166.8,26300,186520,9.337248,84500,83719.78
2025-07-09 10:17:00,ATM+8,PUT,871.3,871.3,856.6,856.6,480,33200,10.779539,84500,83719.78
2025-07-09 10:17:00,ATM+9,CALL,133.15,142.2,132.5,141.3,12580,74040,9.319984,84600,83719.78
2025-07-09 10:17:00,ATM+9,PUT,934.25,934.25,932.9,932.9,500,1380,10.897853,84600,83719.78
2025-07-09 10:17:00,ATM+10,CALL,113.65,121.2,113,121.2,11820,92880,9.377382,84700,83719.78
2025-07-09 10:17:00,ATM+10,PUT,1012.65,1012.65,1012.65,1012.65,240,300,11.049157,84700,83719.78
2025-07-09 10:18:00,ATM-10,CALL,1200,1200,1200,1200,0,1880,8.163779,82700,83716.03
2025-07-09 10:18:00,ATM-10,PUT,98.6,99.75,98.6,99.2,1600,66380,10.768695,82700,83716.03
2025-07-09 10:18:00,ATM-9,CALL,1111,1111,1111,1111,0,3020,8.174881,82800,83716.03
2025-07-09 10:18:00,ATM-9,PUT,113.7,115.1,113.55,113.7,3700,75780,10.669708,82800,83716.03
2025-07-09 10:18:00,ATM-8,CALL,1037.35,1037.35,1037.35,1037.35,0,3620,8.707667,82900,83716.03
2025-07-09 10:18:00,ATM-8,PUT,131.35,133.4,131.35,132.2,1300,60120,10.640318,82900,83716.03
2025-07-09 10:18:00,ATM-7,CALL,959.4,960.85,951,952,1240,46680,8.730895,83000,83716.03
2025-07-09 10:18:00,ATM-7,PUT,151.35,153.7,151.3,152.3,2860,205040,10.58842,83000,83716.03
2025-07-09 10:18:00,ATM-6,CALL,876,876,876,876,100,8580,8.855212,83100,83716.03
2025-07-09 10:18:00,ATM-6,PUT,174.55,176.5,174.1,176.05,360,72600,10.571606,83100,83716.03
2025-07-09 10:18:00,ATM-5,CALL,807.9,807.9,797.4,800.05,420,12780,8.87261,83200,83716.03
2025-07-09 10:18:00,ATM-5,PUT,199.9,202.1,199.45,200.9,3240,88420,10.510253,83200,83716.03
2025-07-09 10:18:00,ATM-4,CALL,738.6,738.6,729.2,729.2,380,39800,8.936847,83300,83716.03
2025-07-09 10:18:00,ATM-4,PUT,228.05,232,228.05,229.55,2860,262280,10.476322,83300,83716.03
2025-07-09 10:18:00,ATM-3,CALL,669.85,669.9,659.35,663,1240,53440,9.023546,83400,83716.03
2025-07-09 10:18:00,ATM-3,PUT,259.85,264,259.35,261.55,1660,127880,10.451141,83400,83716.03
2025-07-09 10:18:00,ATM-2,CALL,605.6,605.7,595,601,12200,343480,9.115739,83500,83716.03
2025-07-09 10:18:00,ATM-2,PUT,295.25,299.15,294.8,296.6,10240,440020,10.423201,83500,83716.03
2025-07-09 10:18:00,ATM-1,CALL,542,542.5,533.05,537.25,12140,276520,9.070264,83600,83716.03
2025-07-09 10:18:00,ATM-1,PUT,333.6,338,333.2,335.9,7740,399940,10.418216,83600,83716.03
2025-07-09 10:18:00,ATM,CALL,486.05,487.95,478.15,482.25,26520,267460,9.140147,83700,83716.03
2025-07-09 10:18:00,ATM,PUT,376.9,382.7,376,379.55,13740,237920,10.435055,83700,83716.03
2025-07-09 10:18:00,ATM+1,CALL,434,435,425.45,429.5,19600,177680,9.168902,83800,83716.03
2025-07-09 10:18:00,ATM+1,PUT,423.6,429.9,423.5,426.6,4920,130180,10.450058,83800,83716.03
2025-07-09 10:18:00,ATM+2,CALL,383.35,384.55,376.65,379.6,7800,111600,9.171738,83900,83716.03
2025-07-09 10:18:00,ATM+2,PUT,475.1,481.3,475.1,477.6,1740,51880,10.475718,83900,83716.03
2025-07-09 10:18:00,ATM+3,CALL,339.3,339.3,330.75,334.4,14260,278100,9.191771,84000,83716.03
2025-07-09 10:18:00,ATM+3,PUT,527.7,534.85,527.7,531.75,2640,100740,10.494191,84000,83716.03
2025-07-09 10:18:00,ATM+4,CALL,295.85,296.3,290,293.4,6860,71800,9.219245,84100,83716.03
2025-07-09 10:18:00,ATM+4,PUT,589,593.25,589,590.75,420,14180,10.546274,84100,83716.03
2025-07-09 10:18:00,ATM+5,CALL,258.8,258.8,252.35,255.4,8020,100520,9.228211,84200,83716.03
2025-07-09 10:18:00,ATM+5,PUT,647.6,655.05,647.6,655.05,160,10440,10.646568,84200,83716.03
2025-07-09 10:18:00,ATM+6,CALL,224.5,224.5,218.6,220.8,4880,76220,9.230229,84300,83716.03
2025-07-09 10:18:00,ATM+6,PUT,718.25,718.25,718.25,718.25,0,4720,10.70378,84300,83716.03
2025-07-09 10:18:00,ATM+7,CALL,193.05,193.2,188.1,189.9,4200,84940,9.236247,84400,83716.03
2025-07-09 10:18:00,ATM+7,PUT,785,786.75,785,786.75,140,5240,10.697597,84400,83716.03
2025-07-09 10:18:00,ATM+8,CALL,166.05,166.45,161.3,163.8,9500,184040,9.282444,84500,83716.03
2025-07-09 10:18:00,ATM+8,PUT,856.95,861.6,856.65,861.6,120,36640,10.842352,84500,83716.03
2025-07-09 10:18:00,ATM+9,CALL,141.9,141.9,137.9,139.6,6060,71620,9.296539,84600,83716.03
2025-07-09 10:18:00,ATM+9,PUT,932.9,932.9,932.9,932.9,0,1380,10.897853,84600,83716.03
2025-07-09 10:18:00,ATM+10,CALL,120.55,121,117.65,118.45,10680,86420,9.315349,84700,83716.03
2025-07-09 10:18:00,ATM+10,PUT,1012.65,1012.65,1012.65,1012.65,0,300,11.049157,84700,83716.03
2025-07-09 10:19:00,ATM-10,CALL,1200.55,1200.55,1200.55,1200.55,20,2140,7.697247,82700,83729.27
2025-07-09 10:19:00,ATM-10,PUT,98.8,98.8,96.2,96.8,4520,66380,10.757445,82700,83729.27
2025-07-09 10:19:00,ATM-9,CALL,1111,1111,1111,1111,0,3020,8.174881,82800,83729.27
2025-07-09 10:19:00,ATM-9,PUT,113.5,113.55,110.95,111.95,7580,75780,10.691397,82800,83729.27
2025-07-09 10:19:00,ATM-8,CALL,1035,1035,1035,1035,60,3580,8.29306,82900,83729.27
2025-07-09 10:19:00,ATM-8,PUT,131.75,132.1,128.15,129.65,5120,60120,10.644137,82900,83729.27
2025-07-09 10:19:00,ATM-7,CALL,960,968,960,966.25,380,46680,8.850259,83000,83729.27
2025-07-09 10:19:00,ATM-7,PUT,152.1,152.1,148.5,149.3,8560,205040,10.588003,83000,83729.27
2025-07-09 10:19:00,ATM-6,CALL,881.75,885,881.75,885,200,8580,8.810587,83100,83729.27
2025-07-09 10:19:00,ATM-6,PUT,174,174,169.65,171.85,1680,72600,10.546764,83100,83729.27
2025-07-09 10:19:00,ATM-5,CALL,810,810,810,810,60,12780,8.87169,83200,83729.27
2025-07-09 10:19:00,ATM-5,PUT,201,201,195.3,196.85,5040,88420,10.500764,83200,83729.27
2025-07-09 10:19:00,ATM-4,CALL,735,744.5,735,738.5,320,39800,8.930932,83300,83729.27
2025-07-09 10:19:00,ATM-4,PUT,228.15,228.15,223.3,226.75,6200,262280,10.510103,83300,83729.27
2025-07-09 10:19:00,ATM-3,CALL,665,677.6,665,669.75,2640,53440,8.964836,83400,83729.27
2025-07-09 10:19:00,ATM-3,PUT,261.75,261.75,254.7,258.15,7580,127880,10.478909,83400,83729.27
2025-07-09 10:19:00,ATM-2,CALL,600,610.7,600,606,15940,343480,9.029037,83500,83729.27
2025-07-09 10:19:00,ATM-2,PUT,296.55,296.55,289.1,293,18520,440020,10.455629,83500,83729.27
2025-07-09 10:19:00,ATM-1,CALL,538.35,548.45,536.75,543.45,13620,276520,9.026909,83600,83729.27
2025-07-09 10:19:00,ATM-1,PUT,335.75,336.15,327.3,329.55,12460,399940,10.395353,83600,83729.27
2025-07-09 10:19:00,ATM,CALL,482.3,491.25,482.1,487.5,31420,267460,9.087931,83700,83729.27
2025-07-09 10:19:00,ATM,PUT,379.4,380.25,370,374.8,17100,237920,10.460363,83700,83729.27
2025-07-09 10:19:00,ATM+1,CALL,429.6,439,429.6,434.9,20580,177680,9.132895,83800,83729.27
2025-07-09 10:19:00,ATM+1,PUT,426.45,426.6,416.55,420.95,11920,130180,10.465006,83800,83729.27
2025-07-09 10:19:00,ATM+2,CALL,379.6,387.85,379.6,383.1,9580,111600,9.104291,83900,83729.27
2025-07-09 10:19:00,ATM+2,PUT,477.8,477.8,466.65,473.4,4240,51880,10.534471,83900,83729.27
2025-07-09 10:19:00,ATM+3,CALL,332.7,341.4,332.7,337.7,16260,278100,9.131269,84000,83729.27
2025-07-09 10:19:00,ATM+3,PUT,532,532,519.3,526.25,5820,100740,10.533817,84000,83729.27
2025-07-09 10:19:00,ATM+4,CALL,292.7,300.1,292.35,296.95,5000,71800,9.1756,84100,83729.27
2025-07-09 10:19:00,ATM+4,PUT,592,592,580,583.55,540,14180,10.55714,84100,83729.27
2025-07-09 10:19:00,ATM+5,CALL,254.95,261.95,254.95,259.4,5540,100520,9.206305,84200,83729.27
2025-07-09 10:19:00,ATM+5,PUT,645,646.5,641.4,645.3,220,10440,10.607102,84200,83729.27
2025-07-09 10:19:00,ATM+6,CALL,221.35,227,221.35,224.4,2800,76220,9.209603,84300,83729.27
2025-07-09 10:19:00,ATM+6,PUT,707.45,707.45,707.45,707.45,20,4900,10.589066,84300,83729.27
2025-07-09 10:19:00,ATM+7,CALL,189.85,195.3,189.85,193,4800,84940,9.213653,84400,83729.27
2025-07-09 10:19:00,ATM+7,PUT,780,780,774.25,777.8,60,5240,10.696918,84400,83729.27
2025-07-09 10:19:00,ATM+8,CALL,163.35,168.4,163.35,166,11980,184040,9.245486,84500,83729.27
2025-07-09 10:19:00,ATM+8,PUT,856.85,856.85,844.2,846.5,240,36640,10.689344,84500,83729.27
2025-07-09 10:19:00,ATM+9,CALL,138.9,143.1,138.9,141.35,4840,71620,9.255879,84600,83729.27
2025-07-09 10:19:00,ATM+9,PUT,925,925,925,925,40,1660,10.87098,84600,83729.27
2025-07-09 10:19:00,ATM+10,CALL,118,122.25,118,120,10120,86420,9.277239,84700,83729.27
2025-07-09 10:19:00,ATM+10,PUT,1012.65,1012.65,1012.65,1012.65,0,300,11.049157,84700,83729.27
2025-07-09 10:20:00,ATM-10,CALL,1200.55,1200.55,1200.55,1200.55,0,2140,7.697247,82700,83723.66
2025-07-09 10:20:00,ATM-10,PUT,96.9,97.75,95.75,96.3,2520,66380,10.705356,82700,83723.66
2025-07-09 10:20:00,ATM-9,CALL,1130,1130,1130,1130,20,3020,8.87496,82800,83723.66
2025-07-09 10:20:00,ATM-9,PUT,111.9,112.65,110.9,110.9,5700,75780,10.619832,82800,83723.66
2025-07-09 10:20:00,ATM-8,CALL,1046.2,1047.3,1046.2,1047.3,100,3580,8.965481,82900,83723.66
2025-07-09 10:20:00,ATM-8,PUT,129.05,130.15,128,128,4160,60120,10.55386,82900,83723.66
2025-07-09 10:20:00,ATM-7,CALL,965.65,970,958.6,970,5140,46680,9.135685,83000,83723.66
2025-07-09 10:20:00,ATM-7,PUT,149.45,149.65,147.35,148.15,7380,205040,10.514831,83000,83723.66
2025-07-09 10:20:00,ATM-6,CALL,885.15,885.15,885.15,885.15,100,8580,8.956007,83100,83723.66
2025-07-09 10:20:00,ATM-6,PUT,170.75,172.8,169.75,169.95,1440,72600,10.452054,83100,83723.66
2025-07-09 10:20:00,ATM-5,CALL,811.7,815,808.9,815,200,12780,9.140774,83200,83723.66
2025-07-09 10:20:00,ATM-5,PUT,196.95,198.45,194.4,195.15,3200,88420,10.412285,83200,83723.66
2025-07-09 10:20:00,ATM-4,CALL,742.5,742.5,735.5,740.35,420,39800,9.092175,83300,83723.66
2025-07-09 10:20:00,ATM-4,PUT,224.9,227.25,223,223.4,2740,262280,10.378374,83300,83723.66
2025-07-09 10:20:00,ATM-3,CALL,673.2,675,668,675,2060,53440,9.199496,83400,83723.66
2025-07-09 10:20:00,ATM-3,PUT,256.6,259.25,254.6,255,5280,127880,10.353018,83400,83723.66
2025-07-09 10:20:00,ATM-2,CALL,606.1,611.8,602.6,611.8,13560,343480,9.261868,83500,83723.66
2025-07-09 10:20:00,ATM-2,PUT,291.5,293.4,288.5,288.8,11300,440020,10.303938,83500,83723.66
2025-07-09 10:20:00,ATM-1,CALL,543.45,548.8,540,548.8,19500,276520,9.236512,83600,83723.66
2025-07-09 10:20:00,ATM-1,PUT,330.45,332,326.2,327.3,15580,399940,10.289105,83600,83723.66
2025-07-09 10:20:00,ATM,CALL,488.05,492,483.15,491.45,30480,267460,9.255071,83700,83723.66
2025-07-09 10:20:00,ATM,PUT,373.4,375,369,370,16520,237920,10.292241,83700,83723.66
2025-07-09 10:20:00,ATM+1,CALL,434,438,431.25,437.45,24520,177680,9.260645,83800,83723.66
2025-07-09 10:20:00,ATM+1,PUT,420.2,423.8,415.8,416.2,11680,130180,10.295167,83800,83723.66
2025-07-09 10:20:00,ATM+2,CALL,384.2,387.9,380.3,386.5,15960,111600,9.246111,83900,83723.66
2025-07-09 10:20:00,ATM+2,PUT,471.8,473.15,466.2,466.8,5160,51880,10.318013,83900,83723.66
2025-07-09 10:20:00,ATM+3,CALL,338.4,341.7,334.4,341.25,21820,278100,9.272477,84000,83723.66
2025-07-09 10:20:00,ATM+3,PUT,524.15,527,520,520,6440,100740,10.319693,84000,83723.66
2025-07-09 10:20:00,ATM+4,CALL,297.85,299.5,293.25,299.5,9260,71800,9.290598,84100,83723.66
2025-07-09 10:20:00,ATM+4,PUT,579.45,582.6,576.9,576.9,1240,14180,10.326293,84100,83723.66
2025-07-09 10:20:00,ATM+5,CALL,258.2,262,255.85,260.5,11160,100520,9.284249,84200,83723.66
2025-07-09 10:20:00,ATM+5,PUT,645,647.95,640.4,642.2,580,10440,10.45184,84200,83723.66
2025-07-09 10:20:00,ATM+6,CALL,224.6,226.3,221.1,225.65,4500,76220,9.28901,84300,83723.66
2025-07-09 10:20:00,ATM+6,PUT,707.45,707.45,707.45,707.45,0,4900,10.589066,84300,83723.66
2025-07-09 10:20:00,ATM+7,CALL,193.25,195.2,190.35,194.75,4620,84940,9.3047,84400,83723.66
2025-07-09 10:20:00,ATM+7,PUT,775.9,776.8,775,775,140,5240,10.530386,84400,83723.66
2025-07-09 10:20:00,ATM+8,CALL,166,167.7,163.5,167.7,11880,184040,9.335106,84500,83723.66
2025-07-09 10:20:00,ATM+8,PUT,852.2,853.35,844.65,844.65,1020,36640,10.536273,84500,83723.66
2025-07-09 10:20:00,ATM+9,CALL,141.15,143.1,139.85,141.8,3380,71620,9.309343,84600,83723.66
2025-07-09 10:20:00,ATM+9,PUT,923.65,923.65,922.55,922.55,500,1660,10.69058,84600,83723.66
2025-07-09 10:20:00,ATM+10,CALL,120.05,121.8,118.6,121.8,10540,86420,9.372382,84700,83723.66
2025-07-09 10:20:00,ATM+10,PUT,1012.65,1012.65,1012.65,1012.65,0,300,11.049157,84700,83723.66
2025-07-09 10:21:00,ATM-10,CALL,1220.15,1220.15,1220.15,1220.15,40,2100,8.658403,82700,83731.76
2025-07-09 10:21:00,ATM-10,PUT,96.6,97,95,96.35,4160,67620,10.756112,82700,83731.76
2025-07-09 10:21:00,ATM-9,CALL,1130,1130,1130,1130,0,3020,8.87496,82800,83731.76
2025-07-09 10:21:00,ATM-9,PUT,111.6,111.8,109.45,110.8,3420,75980,10.667193,82800,83731.76
2025-07-09 10:21:00,ATM-8,CALL,1051.15,1051.15,1051.15,1051.15,20,3660,8.853045,82900,83731.76
2025-07-09 10:21:00,ATM-8,PUT,128.85,129,126.25,127.2,1240,60360,10.580677,82900,83731.76
2025-07-09 10:21:00,ATM-7,CALL,969.05,974,965.15,965.15,720,46240,8.742292,83000,83731.76
2025-07-09 10:21:00,ATM-7,PUT,148.25,148.75,145.6,147.85,7100,206960,10.561381,83000,83731.76
2025-07-09 10:21:00,ATM-6,CALL,888.3,888.3,888.3,888.3,40,7500,8.854726,83100,83731.76
2025-07-09 10:21:00,ATM-6,PUT,170.5,170.5,167.3,169.35,2420,72720,10.493215,83100,83731.76
2025-07-09 10:21:00,ATM-5,CALL,817.75,817.75,811.8,812.45,540,12240,8.889855,83200,83731.76
2025-07-09 10:21:00,ATM-5,PUT,195.15,196.1,192,194.65,6660,92680,10.460209,83200,83731.76
2025-07-09 10:21:00,ATM-4,CALL,744.5,751.8,740,741.6,980,39580,8.968077,83300,83731.76
2025-07-09 10:21:00,ATM-4,PUT,224.25,225.15,220.3,223.1,4480,261280,10.435578,83300,83731.76
2025-07-09 10:21:00,ATM-3,CALL,674.95,680,669.95,672.95,1180,53620,9.004872,83400,83731.76
2025-07-09 10:21:00,ATM-3,PUT,255.65,256.15,251,255.2,4840,127600,10.426856,83400,83731.76
2025-07-09 10:21:00,ATM-2,CALL,606.7,616.35,606.45,609,8920,330960,9.064706,83500,83731.76
2025-07-09 10:21:00,ATM-2,PUT,289.15,290.2,284.35,288.45,15220,435500,10.368379,83500,83731.76
2025-07-09 10:21:00,ATM-1,CALL,546,552.75,542.9,544.8,16020,273060,9.024262,83600,83731.76
2025-07-09 10:21:00,ATM-1,PUT,327.9,328.65,321.9,326.85,15120,401240,10.356023,83600,83731.76
2025-07-09 10:21:00,ATM,CALL,491.55,496.45,487.3,489.95,34100,273080,9.113317,83700,83731.76
2025-07-09 10:21:00,ATM,PUT,370.55,370.8,364.05,369.6,17280,242320,10.36566,83700,83731.76
2025-07-09 10:21:00,ATM+1,CALL,434.4,441.8,433.35,435.05,25460,196080,9.107288,83800,83731.76
2025-07-09 10:21:00,ATM+1,PUT,417.05,418.6,410.4,416.4,13240,133880,10.388188,83800,83731.76
2025-07-09 10:21:00,ATM+2,CALL,386.1,390.7,383,386.2,8880,114280,9.148708,83900,83731.76
2025-07-09 10:21:00,ATM+2,PUT,467.5,468.2,460.8,467,3100,52920,10.417364,83900,83731.76
2025-07-09 10:21:00,ATM+3,CALL,340.05,343.5,337.4,339.15,14260,271040,9.140122,84000,83731.76
2025-07-09 10:21:00,ATM+3,PUT,520.15,521.85,512.85,519.25,7900,101400,10.404216,84000,83731.76
2025-07-09 10:21:00,ATM+4,CALL,297.2,301.3,295.7,297.15,4600,73960,9.15746,84100,83731.76
2025-07-09 10:21:00,ATM+4,PUT,578.9,578.9,571,575.1,220,14500,10.393949,84100,83731.76
2025-07-09 10:21:00,ATM+5,CALL,259.1,262.55,257.65,258.8,6320,100320,9.170595,84200,83731.76
2025-07-09 10:21:00,ATM+5,PUT,642.25,642.25,637.1,640,660,10300,10.517628,84200,83731.76
2025-07-09 10:21:00,ATM+6,CALL,225.55,228,223.2,223.65,3360,77600,9.171047,84300,83731.76
2025-07-09 10:21:00,ATM+6,PUT,703.3,703.3,700,701.75,480,5000,10.489228,84300,83731.76
2025-07-09 10:21:00,ATM+7,CALL,193.5,195.9,191.55,192.45,3500,85320,9.180747,84400,83731.76
2025-07-09 10:21:00,ATM+7,PUT,776.35,776.35,770,770,100,5200,10.542364,84400,83731.76
2025-07-09 10:21:00,ATM+8,CALL,166.9,169.2,164.65,166.2,8420,186860,9.233661,84500,83731.76
2025-07-09 10:21:00,ATM+8,PUT,844.15,849.8,840,844,1940,36540,10.670049,84500,83731.76
2025-07-09 10:21:00,ATM+9,CALL,142.3,144.5,140.7,141.25,4740,69120,9.23662,84600,83731.76
2025-07-09 10:21:00,ATM+9,PUT,922.55,922.55,922.55,922.55,0,1660,10.69058,84600,83731.76
2025-07-09 10:21:00,ATM+10,CALL,120.25,121.85,119.45,120.45,6080,82780,9.276126,84700,83731.76
2025-07-09 10:21:00,ATM+10,PUT,1012.65,1012.65,1012.65,1012.65,0,300,11.049157,84700,83731.76
2025-07-09 10:22:00,ATM-10,CALL,1220.15,1220.15,1220.15,1220.15,0,2100,8.658403,82700,83726.47
2025-07-09 10:22:00,ATM-10,PUT,97.1,98.4,96.75,97.05,3000,67620,10.751769,82700,83726.47
2025-07-09 10:22:00,ATM-9,CALL,1130,1130,1130,1130,0,3020,8.87496,82800,83726.47
2025-07-09 10:22:00,ATM-9,PUT,112,113,111.35,111.9,1580,75980,10.673667,82800,83726.47
2025-07-09 10:22:00,ATM-8,CALL,1043.9,1043.9,1043.9,1043.9,20,3660,8.746932,82900,83726.47
2025-07-09 10:22:00,ATM-8,PUT,128.8,130.35,128.4,128.75,1260,60360,10.597795,82900,83726.47
2025-07-09 10:22:00,ATM-7,CALL,962.8,962.8,955,960.65,540,46240,8.73786,83000,83726.47
2025-07-09 10:22:00,ATM-7,PUT,148.4,150.6,147.9,148.6,5760,206960,10.548814,83000,83726.47
2025-07-09 10:22:00,ATM-6,CALL,885,886.5,885,886.5,500,7500,8.930752,83100,83726.47
2025-07-09 10:22:00,ATM-6,PUT,171,172.6,170,171.2,1960,72720,10.509296,83100,83726.47
2025-07-09 10:22:00,ATM-5,CALL,810.3,810.3,800,806.05,140,12240,8.82064,83200,83726.47
2025-07-09 10:22:00,ATM-5,PUT,196.4,198.75,195.05,196.3,2460,92680,10.465931,83200,83726.47
2025-07-09 10:22:00,ATM-4,CALL,735.85,739.4,730,736.3,600,39580,8.928559,83300,83726.47
2025-07-09 10:22:00,ATM-4,PUT,225,228.3,223.8,225.4,2880,261280,10.453899,83300,83726.47
2025-07-09 10:22:00,ATM-3,CALL,671.25,672.2,659.45,667.65,2160,53620,8.962608,83400,83726.47
2025-07-09 10:22:00,ATM-3,PUT,256.45,260.1,255,255.9,3240,127600,10.400209,83400,83726.47
2025-07-09 10:22:00,ATM-2,CALL,606,607.85,596,605.65,10880,330960,9.067462,83500,83726.47
2025-07-09 10:22:00,ATM-2,PUT,290.25,294.3,289,290.2,12320,435500,10.363946,83500,83726.47
2025-07-09 10:22:00,ATM-1,CALL,544,544.85,533.05,543.25,12380,273060,9.065099,83600,83726.47
2025-07-09 10:22:00,ATM-1,PUT,328,333.6,327.8,329.75,14300,401240,10.374674,83600,83726.47
2025-07-09 10:22:00,ATM,CALL,486,488.7,476.85,486.35,37620,273080,9.100507,83700,83726.47
2025-07-09 10:22:00,ATM,PUT,371.4,376.9,370,372.95,17100,242320,10.390179,83700,83726.47
2025-07-09 10:22:00,ATM+1,CALL,431.55,435,424.25,433.05,21840,196080,9.126615,83800,83726.47
2025-07-09 10:22:00,ATM+1,PUT,418.5,423.7,417.2,419.25,9020,133880,10.3967,83800,83726.47
2025-07-09 10:22:00,ATM+2,CALL,382.4,384.7,374.25,381.85,8980,114280,9.109188,83900,83726.47
2025-07-09 10:22:00,ATM+2,PUT,470.2,474.95,467.85,470.4,2780,52920,10.434217,83900,83726.47
2025-07-09 10:22:00,ATM+3,CALL,337.6,338.75,329.05,337,19400,271040,9.1463,84000,83726.47
2025-07-09 10:22:00,ATM+3,PUT,522.2,527.8,520.75,522.9,4820,101400,10.422651,84000,83726.47
2025-07-09 10:22:00,ATM+4,CALL,295,296.45,288,295.05,12100,73960,9.160042,84100,83726.47
2025-07-09 10:22:00,ATM+4,PUT,580.2,586.7,580,581.9,260,14500,10.481986,84100,83726.47
2025-07-09 10:22:00,ATM+5,CALL,257,258,250.3,256.25,9360,100320,9.157475,84200,83726.47
2025-07-09 10:22:00,ATM+5,PUT,648.75,648.75,642.9,642.9,60,10300,10.510258,84200,83726.47
2025-07-09 10:22:00,ATM+6,CALL,222,223.8,216.75,223,4620,77600,9.200152,84300,83726.47
2025-07-09 10:22:00,ATM+6,PUT,713.3,714.4,703.45,705.85,380,5000,10.506767,84300,83726.47
2025-07-09 10:22:00,ATM+7,CALL,191,192.65,186.35,191.65,5460,85320,9.202364,84400,83726.47
2025-07-09 10:22:00,ATM+7,PUT,770,770,770,770,0,5200,10.542364,84400,83726.47
2025-07-09 10:22:00,ATM+8,CALL,165,165.8,160.35,164.15,7480,186860,9.21702,84500,83726.47
2025-07-09 10:22:00,ATM+8,PUT,850,850,850,850,820,36540,10.730767,84500,83726.47
2025-07-09 10:22:00,ATM+9,CALL,140.55,141.2,136.65,140.75,3940,69120,9.259776,84600,83726.47
2025-07-09 10:22:00,ATM+9,PUT,922.55,922.55,922.55,922.55,0,1660,10.69058,84600,83726.47
2025-07-09 10:22:00,ATM+10,CALL,119,120,115.9,119.3,8760,82780,9.275538,84700,83726.47
2025-07-09 10:22:00,ATM+10,PUT,1016.1,1016.1,1016.1,1016.1,60,440,11.29379,84700,83726.47
2025-07-09 10:23:00,ATM-10,CALL,1220.15,1220.15,1220.15,1220.15,0,2100,8.658403,82700,83721.65
2025-07-09 10:23:00,ATM-10,PUT,98,98,96.7,97.5,3000,67620,10.740566,82700,83721.65
2025-07-09 10:23:00,ATM-9,CALL,1119.9,1119.9,1119.9,1119.9,20,3060,8.514368,82800,83721.65
2025-07-09 10:23:00,ATM-9,PUT,112.2,112.45,111.3,111.4,800,75980,10.626452,82800,83721.65
2025-07-09 10:23:00,ATM-8,CALL,1045.5,1045.5,1045.5,1045.5,20,3660,8.964291,82900,83721.65
2025-07-09 10:23:00,ATM-8,PUT,129.25,130,128.35,129.6,1140,60360,10.594714,82900,83721.65
2025-07-09 10:23:00,ATM-7,CALL,960.65,961.95,960.15,961.95,160,46240,8.920398,83000,83721.65
2025-07-09 10:23:00,ATM-7,PUT,149,150,148.25,149.45,3400,206960,10.542386,83000,83721.65
2025-07-09 10:23:00,ATM-6,CALL,881.65,881.65,881.65,881.65,60,7500,8.898342,83100,83721.65
2025-07-09 10:23:00,ATM-6,PUT,171.8,172.1,170.8,171.85,1060,72720,10.493867,83100,83721.65
2025-07-09 10:23:00,ATM-5,CALL,813.2,813.2,813.2,813.2,40,12240,9.134891,83200,83721.65
2025-07-09 10:23:00,ATM-5,PUT,196.75,197.3,195.3,197.05,1420,92680,10.450397,83200,83721.65
2025-07-09 10:23:00,ATM-4,CALL,740,740.25,740,740,220,39580,9.124178,83300,83721.65
2025-07-09 10:23:00,ATM-4,PUT,224.6,226.5,223.9,226.15,1740,261280,10.435337,83300,83721.65
2025-07-09 10:23:00,ATM-3,CALL,667.65,673.75,666.7,667.7,1100,53620,9.04968,83400,83721.65
2025-07-09 10:23:00,ATM-3,PUT,257.45,258,255.25,257.1,2880,127600,10.38992,83400,83721.65
2025-07-09 10:23:00,ATM-2,CALL,605.4,608.35,601.15,603,11260,330960,9.079708,83500,83721.65
2025-07-09 10:23:00,ATM-2,PUT,291.05,292.25,290,291.85,7940,435500,10.361104,83500,83721.65
2025-07-09 10:23:00,ATM-1,CALL,540.55,544.95,538.25,541.8,7340,273060,9.101141,83600,83721.65
2025-07-09 10:23:00,ATM-1,PUT,330,331.95,327.95,330.1,7340,401240,10.337331,83600,83721.65
2025-07-09 10:23:00,ATM,CALL,485.7,489.15,481.2,484,18560,273080,9.110352,83700,83721.65
2025-07-09 10:23:00,ATM,PUT,373.8,375.6,371.65,374.4,8340,242320,10.375138,83700,83721.65
2025-07-09 10:23:00,ATM+1,CALL,431.5,435.4,430,431,11420,196080,9.138815,83800,83721.65
2025-07-09 10:23:00,ATM+1,PUT,418.75,422.8,418.35,422.25,6460,133880,10.413564,83800,83721.65
2025-07-09 10:23:00,ATM+2,CALL,381.85,385,379.6,381.7,3920,114280,9.160548,83900,83721.65
2025-07-09 10:23:00,ATM+2,PUT,470.65,472.9,468.6,472.2,3360,52920,10.419623,83900,83721.65
2025-07-09 10:23:00,ATM+3,CALL,335.2,338.45,333.45,335,10660,271040,9.150822,84000,83721.65
2025-07-09 10:23:00,ATM+3,PUT,526,526,521.1,525,1880,101400,10.410998,84000,83721.65
2025-07-09 10:23:00,ATM+4,CALL,294.7,296.5,292,294.65,2180,73960,9.197882,84100,83721.65
2025-07-09 10:23:00,ATM+4,PUT,583.55,583.6,580,580,100,14500,10.372683,84100,83721.65
2025-07-09 10:23:00,ATM+5,CALL,256.6,258.4,254.6,255.55,2960,100320,9.184624,84200,83721.65
2025-07-09 10:23:00,ATM+5,PUT,646.05,646.05,644.35,644.35,100,10300,10.474861,84200,83721.65
2025-07-09 10:23:00,ATM+6,CALL,220.85,224.45,220,221.3,2000,77600,9.198783,84300,83721.65
2025-07-09 10:23:00,ATM+6,PUT,705.85,705.85,705.85,705.85,0,5000,10.506767,84300,83721.65
2025-07-09 10:23:00,ATM+7,CALL,190,193.2,189.75,190.85,3740,85320,9.220118,84400,83721.65
2025-07-09 10:23:00,ATM+7,PUT,781.9,781.9,781.9,781.9,20,5200,10.672262,84400,83721.65
2025-07-09 10:23:00,ATM+8,CALL,164.15,165.85,162.2,164,5740,186860,9.249394,84500,83721.65
2025-07-09 10:23:00,ATM+8,PUT,855.05,855.05,847.7,847.7,620,36540,10.580466,84500,83721.65
2025-07-09 10:23:00,ATM+9,CALL,139.4,141.6,139.4,139.7,1540,69120,9.263211,84600,83721.65
2025-07-09 10:23:00,ATM+9,PUT,922.55,922.55,922.55,922.55,0,1660,10.69058,84600,83721.65
2025-07-09 10:23:00,ATM+10,CALL,117.9,119.95,117.9,118.55,2240,82780,9.284337,84700,83721.65
2025-07-09 10:23:00,ATM+10,PUT,1016.1,1016.1,1016.1,1016.1,0,440,11.29379,84700,83721.65
2025-07-09 10:24:00,ATM-10,CALL,1220.15,1220.15,1220.15,1220.15,0,2100,8.658403,82700,83729.69
2025-07-09 10:24:00,ATM-10,PUT,97.4,98,96.9,97.15,1060,70620,10.775841,82700,83729.69
2025-07-09 10:24:00,ATM-9,CALL,1119.9,1119.9,1119.9,1119.9,0,3060,8.514368,82800,83729.69
2025-07-09 10:24:00,ATM-9,PUT,112.5,113,111.85,111.85,880,76040,10.692969,82800,83729.69
2025-07-09 10:24:00,ATM-8,CALL,1045.5,1045.5,1045.5,1045.5,0,3660,8.964291,82900,83729.69
2025-07-09 10:24:00,ATM-8,PUT,129.9,130.3,129,129.35,780,64880,10.639476,82900,83729.69
2025-07-09 10:24:00,ATM-7,CALL,959.6,959.6,957,957.5,160,43800,8.534138,83000,83729.69
2025-07-09 10:24:00,ATM-7,PUT,149.4,150.75,148.8,149.5,4660,211300,10.599425,83000,83729.69
2025-07-09 10:24:00,ATM-6,CALL,878.4,880.3,877.1,880.3,360,7500,8.653731,83100,83729.69
2025-07-09 10:24:00,ATM-6,PUT,172.35,173.2,171.5,172.95,1700,73400,10.583912,83100,83729.69
2025-07-09 10:24:00,ATM-5,CALL,805.4,805.7,804.45,805.7,140,12280,8.739928,83200,83729.69
2025-07-09 10:24:00,ATM-5,PUT,196.4,199.05,196.4,197.25,1740,92680,10.517215,83200,83729.69
2025-07-09 10:24:00,ATM-4,CALL,734.8,737.8,727.5,734.35,820,39580,8.81283,83300,83729.69
2025-07-09 10:24:00,ATM-4,PUT,226.1,227.45,225.15,226.05,1040,266760,10.497495,83300,83729.69
2025-07-09 10:24:00,ATM-3,CALL,669,669,660,665.8,1080,52560,8.858992,83400,83729.69
2025-07-09 10:24:00,ATM-3,PUT,258.4,259.2,256.9,257.65,1940,127600,10.472177,83400,83729.69
2025-07-09 10:24:00,ATM-2,CALL,604.15,604.6,596,600.95,8580,330960,8.901229,83500,83729.69
2025-07-09 10:24:00,ATM-2,PUT,291.85,294.75,291,292,10380,442220,10.437339,83500,83729.69
2025-07-09 10:24:00,ATM-1,CALL,540,541.55,533.15,538.2,8900,265680,8.899025,83600,83729.69
2025-07-09 10:24:00,ATM-1,PUT,330.45,332.75,329.8,330.95,7800,401240,10.434606,83600,83729.69
2025-07-09 10:24:00,ATM,CALL,485,485.85,477.2,480,18700,267940,8.91098,83700,83729.69
2025-07-09 10:24:00,ATM,PUT,374.85,377,373,374.25,11600,248480,10.453958,83700,83729.69
2025-07-09 10:24:00,ATM+1,CALL,431.8,433.05,424.4,427.75,9680,195800,8.966694,83800,83729.69
2025-07-09 10:24:00,ATM+1,PUT,421.7,424.2,420.05,422.8,4400,145880,10.514173,83800,83729.69
2025-07-09 10:24:00,ATM+2,CALL,383.7,383.7,375.7,379.5,10700,112880,9.020361,83900,83729.69
2025-07-09 10:24:00,ATM+2,PUT,473,475,470.35,472,3880,61780,10.509233,83900,83729.69
2025-07-09 10:24:00,ATM+3,CALL,336,336,330,331.95,10140,271280,8.997319,84000,83729.69
2025-07-09 10:24:00,ATM+3,PUT,524.95,529,524,526.7,4100,105700,10.551382,84000,83729.69
2025-07-09 10:24:00,ATM+4,CALL,293.65,294.55,288.9,292.05,2980,73620,9.05961,84100,83729.69
2025-07-09 10:24:00,ATM+4,PUT,584.9,585.8,583.35,584.35,200,15200,10.583343,84100,83729.69
2025-07-09 10:24:00,ATM+5,CALL,256.7,256.7,250.55,253.95,5280,98760,9.074116,84200,83729.69
2025-07-09 10:24:00,ATM+5,PUT,645.8,649.9,644.8,646.8,380,10880,10.650723,84200,83729.69
2025-07-09 10:24:00,ATM+6,CALL,222.45,222.45,217,218.95,2320,80500,9.072667,84300,83729.69
2025-07-09 10:24:00,ATM+6,PUT,712.75,713.95,712,713.95,440,5160,10.756389,84300,83729.69
2025-07-09 10:24:00,ATM+7,CALL,190.7,190.9,186.35,188.85,2100,85920,9.104566,84400,83729.69
2025-07-09 10:24:00,ATM+7,PUT,782,786,782,786,140,5260,10.912747,84400,83729.69
2025-07-09 10:24:00,ATM+8,CALL,163.6,163.95,160.5,162.25,9200,191620,9.141514,84500,83729.69
2025-07-09 10:24:00,ATM+8,PUT,851.85,851.85,851.85,851.85,220,36880,10.839409,84500,83729.69
2025-07-09 10:24:00,ATM+9,CALL,139.75,140,136.6,138.5,3820,69640,9.171757,84600,83729.69
2025-07-09 10:24:00,ATM+9,PUT,930.45,930.45,927.6,927.6,40,2160,10.952196,84600,83729.69
2025-07-09 10:24:00,ATM+10,CALL,118.2,119.15,116,117.8,3820,87960,9.207565,84700,83729.69
2025-07-09 10:24:00,ATM+10,PUT,1016.1,1016.1,1016.1,1016.1,0,440,11.29379,84700,83729.69
2025-07-09 10:25:00,ATM-10,CALL,1220.15,1220.15,1220.15,1220.15,0,2100,8.658403,82700,83738.24
2025-07-09 10:25:00,ATM-10,PUT,97,97.25,93.6,94.35,4160,70620,10.719783,82700,83738.24
2025-07-09 10:25:00,ATM-9,CALL,1119.9,1119.9,1119.9,1119.9,0,3060,8.514368,82800,83738.24
2025-07-09 10:25:00,ATM-9,PUT,111.9,112.05,108.4,108.4,2840,76040,10.623876,82800,83738.24
2025-07-09 10:25:00,ATM-8,CALL,1045.5,1045.5,1045.5,1045.5,0,3660,8.964291,82900,83738.24
2025-07-09 10:25:00,ATM-8,PUT,129.05,129.05,125.4,125.5,1900,64880,10.568346,82900,83738.24
2025-07-09 10:25:00,ATM-7,CALL,955,975.5,955,975.5,160,43800,8.922087,83000,83738.24
2025-07-09 10:25:00,ATM-7,PUT,149.7,149.7,144.85,145.45,23780,211300,10.533256,83000,83738.24
2025-07-09 10:25:00,ATM-6,CALL,883,892.15,883,892.15,180,7500,8.817307,83100,83738.24
2025-07-09 10:25:00,ATM-6,PUT,171.45,171.85,166.75,166.8,9160,73400,10.467254,83100,83738.24
2025-07-09 10:25:00,ATM-5,CALL,802.7,806.9,802.7,806.9,260,12280,8.581667,83200,83738.24
2025-07-09 10:25:00,ATM-5,PUT,198.1,198.1,191.2,192.1,4780,92680,10.440705,83200,83738.24
2025-07-09 10:25:00,ATM-4,CALL,731.55,749.45,731.55,749.45,2000,39580,9.057837,83300,83738.24
2025-07-09 10:25:00,ATM-4,PUT,226.95,226.95,218.85,219.65,8960,266760,10.398477,83300,83738.24
2025-07-09 10:25:00,ATM-3,CALL,666,680,665.45,679.5,2880,52560,9.062125,83400,83738.24
2025-07-09 10:25:00,ATM-3,PUT,257.2,257.65,250,250.45,8280,127600,10.363687,83400,83738.24
2025-07-09 10:25:00,ATM-2,CALL,601.25,614.95,600.55,614.6,12980,330960,9.101986,83500,83738.24
2025-07-09 10:25:00,ATM-2,PUT,292.35,293.2,283,285.1,15940,442220,10.346437,83500,83738.24
2025-07-09 10:25:00,ATM-1,CALL,537.3,552.1,537.3,552.1,15220,265680,9.106811,83600,83738.24
2025-07-09 10:25:00,ATM-1,PUT,330.85,332,322.4,323.1,9560,401240,10.330348,83600,83738.24
2025-07-09 10:25:00,ATM,CALL,480.95,495,480.95,495,38040,267940,9.147404,83700,83738.24
2025-07-09 10:25:00,ATM,PUT,375.15,375.85,365.35,365.45,16680,248480,10.336361,83700,83738.24
2025-07-09 10:25:00,ATM+1,CALL,429,441.6,427.9,441.3,23400,195800,9.174438,83800,83738.24
2025-07-09 10:25:00,ATM+1,PUT,422,423.3,411.3,411.3,11060,145880,10.342539,83800,83738.24
2025-07-09 10:25:00,ATM+2,CALL,379.5,390,378.05,390,12120,112880,9.165289,83900,83738.24
2025-07-09 10:25:00,ATM+2,PUT,473.35,473.35,461.8,461.8,3700,61780,10.374729,83900,83738.24
2025-07-09 10:25:00,ATM+3,CALL,333.2,343.95,332.95,342.75,15020,271280,9.158065,84000,83738.24
2025-07-09 10:25:00,ATM+3,PUT,526.2,526.2,514,514.8,5460,105700,10.383826,84000,83738.24
2025-07-09 10:25:00,ATM+4,CALL,292.65,302.85,291.2,302.85,4880,73620,9.230822,84100,83738.24
2025-07-09 10:25:00,ATM+4,PUT,581.6,581.6,572.5,574.9,1320,15200,10.477666,84100,83738.24
2025-07-09 10:25:00,ATM+5,CALL,253.35,263.05,253.35,262.5,10280,98760,9.20356,84200,83738.24
2025-07-09 10:25:00,ATM+5,PUT,645.6,645.6,635.15,636.1,260,10880,10.519907,84200,83738.24
2025-07-09 10:25:00,ATM+6,CALL,219.55,228.35,219.3,227.9,6000,80500,9.224777,84300,83738.24
2025-07-09 10:25:00,ATM+6,PUT,711.3,711.3,700,700,260,5160,10.549271,84300,83738.24
2025-07-09 10:25:00,ATM+7,CALL,189.8,197.5,188.7,196.25,5420,85920,9.231029,84400,83738.24
2025-07-09 10:25:00,ATM+7,PUT,777.65,777.65,769.25,770.2,600,5260,10.658654,84400,83738.24
2025-07-09 10:25:00,ATM+8,CALL,162.55,169.4,161.45,168.75,15040,191620,9.257921,84500,83738.24
2025-07-09 10:25:00,ATM+8,PUT,844.9,849.65,839.9,839.9,360,36880,10.682679,84500,83738.24
2025-07-09 10:25:00,ATM+9,CALL,138.25,144.95,137.95,144.95,4760,69640,9.30195,84600,83738.24
2025-07-09 10:25:00,ATM+9,PUT,927.6,927.6,927.6,927.6,0,2160,10.952196,84600,83738.24
2025-07-09 10:25:00,ATM+10,CALL,118,123.25,117.45,123.25,10280,87960,9.323535,84700,83738.24
2025-07-09 10:25:00,ATM+10,PUT,1001.5,1001.5,1001.5,1001.5,20,440,11.128393,84700,83738.24
2025-07-09 10:26:00,ATM-10,CALL,1220.15,1220.15,1220.15,1220.15,0,2100,8.658403,82700,83736.48
2025-07-09 10:26:00,ATM-10,PUT,94.35,97.05,94,97.05,2220,70620,10.813591,82700,83736.48
2025-07-09 10:26:00,ATM-9,CALL,1119.9,1119.9,1119.9,1119.9,40,3060,7.892458,82800,83736.48
2025-07-09 10:26:00,ATM-9,PUT,108,111,108,110.6,1860,76040,10.691915,82800,83736.48
2025-07-09 10:26:00,ATM-8,CALL,1045.5,1045.5,1045.5,1045.5,0,3660,8.964291,82900,83736.48
2025-07-09 10:26:00,ATM-8,PUT,124.9,128.9,124.8,128.9,1800,64880,10.669884,82900,83736.48
2025-07-09 10:26:00,ATM-7,CALL,974.05,974.3,956,956,260,43800,8.275201,83000,83736.48
2025-07-09 10:26:00,ATM-7,PUT,145.05,149,144.25,149,8100,211300,10.631403,83000,83736.48
2025-07-09 10:26:00,ATM-6,CALL,892,893.55,889.25,893.55,280,7500,8.907491,83100,83736.48
2025-07-09 10:26:00,ATM-6,PUT,166.75,171.9,166.2,171.9,2460,73400,10.603284,83100,83736.48
2025-07-09 10:26:00,ATM-5,CALL,818.05,818.05,806,806,100,12280,8.596056,83200,83736.48
2025-07-09 10:26:00,ATM-5,PUT,191.85,197.75,190.7,196.55,2800,92680,10.550272,83200,83736.48
2025-07-09 10:26:00,ATM-4,CALL,750,750,732.15,732.15,520,39580,8.616521,83300,83736.48
2025-07-09 10:26:00,ATM-4,PUT,220.8,226,219.25,225.4,3140,266760,10.535602,83300,83736.48
2025-07-09 10:26:00,ATM-3,CALL,678.35,680,665,665.6,1560,52560,8.733079,83400,83736.48
2025-07-09 10:26:00,ATM-3,PUT,249.9,258.15,249.7,256.7,7240,127600,10.506541,83400,83736.48
2025-07-09 10:26:00,ATM-2,CALL,617.8,617.8,598.35,603,11940,330960,8.843607,83500,83736.48
2025-07-09 10:26:00,ATM-2,PUT,285,292.55,282.55,290.4,14060,442220,10.460103,83500,83736.48
2025-07-09 10:26:00,ATM-1,CALL,549.95,553,536.55,539.3,14220,265680,8.826967,83600,83736.48
2025-07-09 10:26:00,ATM-1,PUT,323.7,331,321.65,330,11580,401240,10.477581,83600,83736.48
2025-07-09 10:26:00,ATM,CALL,493.5,496,480.6,483.95,28180,267940,8.91365,83700,83736.48
2025-07-09 10:26:00,ATM,PUT,366.3,376.4,363.8,372.3,15240,248480,10.478333,83700,83736.48
2025-07-09 10:26:00,ATM+1,CALL,441.85,442,428.05,432.15,28340,195800,8.986057,83800,83736.48
2025-07-09 10:26:00,ATM+1,PUT,412,422.1,410,420.4,18080,145880,10.53337,83800,83736.48
2025-07-09 10:26:00,ATM+2,CALL,389.9,391.6,378.75,379.55,14040,112880,8.946121,83900,83736.48
2025-07-09 10:26:00,ATM+2,PUT,461.9,473.95,453,470.4,7800,61780,10.552115,83900,83736.48
2025-07-09 10:26:00,ATM+3,CALL,344.25,345,332.7,335.05,17200,271280,8.999349,84000,83736.48
2025-07-09 10:26:00,ATM+3,PUT,513.95,528,511.2,525,6240,105700,10.597519,84000,83736.48
2025-07-09 10:26:00,ATM+4,CALL,302.1,302.1,291,292.6,8640,73620,9.007976,84100,83736.48
2025-07-09 10:26:00,ATM+4,PUT,570,585.75,570,585.75,320,15200,10.707695,84100,83736.48
2025-07-09 10:26:00,ATM+5,CALL,263.5,264.5,253.45,254.95,10280,98760,9.038189,84200,83736.48
2025-07-09 10:26:00,ATM+5,PUT,631.3,640.85,631.3,640.85,2840,10880,10.607903,84200,83736.48
2025-07-09 10:26:00,ATM+6,CALL,227.75,228.3,219.95,221.75,3480,80500,9.086739,84300,83736.48
2025-07-09 10:26:00,ATM+6,PUT,703.1,710.65,702.45,710.65,60,5160,10.782225,84300,83736.48
2025-07-09 10:26:00,ATM+7,CALL,197.05,198,189,189.55,8280,85920,9.070424,84400,83736.48
2025-07-09 10:26:00,ATM+7,PUT,769.15,769.15,766,766,40,5260,10.522956,84400,83736.48
2025-07-09 10:26:00,ATM+8,CALL,169.95,169.95,162.4,164,9040,191620,9.140652,84500,83736.48
2025-07-09 10:26:00,ATM+8,PUT,838.9,850,838.9,850,220,36880,10.915563,84500,83736.48
2025-07-09 10:26:00,ATM+9,CALL,145.3,145.3,139,140.2,4360,69640,9.175472,84600,83736.48
2025-07-09 10:26:00,ATM+9,PUT,927,927,927,927,140,2160,11.070543,84600,83736.48
2025-07-09 10:26:00,ATM+10,CALL,123.1,123.1,118,118.95,6520,87960,9.200155,84700,83736.48
2025-07-09 10:26:00,ATM+10,PUT,1001.5,1001.5,1001.5,1001.5,0,440,11.128393,84700,83736.48
2025-07-09 10:27:00,ATM-10,CALL,1220.15,1220.15,1220.15,1220.15,0,2100,8.658403,82700,83736.88
2025-07-09 10:27:00,ATM-10,PUT,96.25,96.95,95.7,96.35,3300,70340,10.789681,82700,83736.88
2025-07-09 10:27:00,ATM-9,CALL,1119.9,1119.9,1119.9,1119.9,0,3060,7.892458,82800,83736.88
2025-07-09 10:27:00,ATM-9,PUT,110.55,111.7,110.3,110.3,2660,77300,10.68423,82800,83736.88
2025-07-09 10:27:00,ATM-8,CALL,1045.5,1045.5,1045.5,1045.5,0,3660,8.964291,82900,83736.88
2025-07-09 10:27:00,ATM-8,PUT,128.35,129.15,127.35,128.15,480,64500,10.648244,82900,83736.88
2025-07-09 10:27:00,ATM-7,CALL,961.35,962.65,958.8,962.65,140,43800,8.507787,83000,83736.88
2025-07-09 10:27:00,ATM-7,PUT,148.45,149.3,146.55,148.45,4720,220880,10.617674,83000,83736.88
2025-07-09 10:27:00,ATM-6,CALL,885.1,888.9,884.75,884.75,100,7920,8.614921,83100,83736.88
2025-07-09 10:27:00,ATM-6,PUT,169.9,172,168.65,170.2,1040,78320,10.55736,83100,83736.88
2025-07-09 10:27:00,ATM-5,CALL,810.4,812.3,808.2,810.05,560,12220,8.708719,83200,83736.88
2025-07-09 10:27:00,ATM-5,PUT,195.65,197.4,194,195.6,3040,94840,10.527683,83200,83736.88
2025-07-09 10:27:00,ATM-4,CALL,738.05,741.55,734.3,741.55,320,39060,8.869602,83300,83736.88
2025-07-09 10:27:00,ATM-4,PUT,223.8,226,223.6,224.4,1780,266300,10.51309,83300,83736.88
2025-07-09 10:27:00,ATM-3,CALL,673.9,674.3,667.45,672.35,660,52040,8.90251,83400,83736.88
2025-07-09 10:27:00,ATM-3,PUT,255.6,258,254.35,256.1,2980,131940,10.49529,83400,83736.88
2025-07-09 10:27:00,ATM-2,CALL,607.25,612,602.9,609.35,5440,338160,8.995438,83500,83736.88
2025-07-09 10:27:00,ATM-2,PUT,290,293.15,288.3,291,6180,445220,10.478698,83500,83736.88
2025-07-09 10:27:00,ATM-1,CALL,541.5,547.3,539.6,546.05,10940,266740,8.983493,83600,83736.88
2025-07-09 10:27:00,ATM-1,PUT,328.3,331.4,326.45,328.7,3920,407240,10.451022,83600,83736.88
2025-07-09 10:27:00,ATM,CALL,486.85,492.5,485,490.35,13860,263360,9.058493,83700,83736.88
2025-07-09 10:27:00,ATM,PUT,372.15,375.8,369.05,371.3,11080,249160,10.459546,83700,83736.88
2025-07-09 10:27:00,ATM+1,CALL,434,438.65,432.45,435.95,17200,193300,9.06936,83800,83736.88
2025-07-09 10:27:00,ATM+1,PUT,419.5,422.6,416,417.85,8000,150980,10.479421,83800,83736.88
2025-07-09 10:27:00,ATM+2,CALL,381.75,388,381.75,386.2,7080,113080,9.094892,83900,83736.88
2025-07-09 10:27:00,ATM+2,PUT,470,472.85,466.8,469,1840,62240,10.525018,83900,83736.88
2025-07-09 10:27:00,ATM+3,CALL,336.35,341.6,335.45,338.9,8380,272100,9.084773,84000,83736.88
2025-07-09 10:27:00,ATM+3,PUT,523.2,526.6,520,522.65,6040,106180,10.548695,84000,83736.88
2025-07-09 10:27:00,ATM+4,CALL,294.05,298.6,294.05,297.3,4800,74040,9.115155,84100,83736.88
2025-07-09 10:27:00,ATM+4,PUT,580.7,582.2,580.7,582.2,100,15920,10.630591,84100,83736.88
2025-07-09 10:27:00,ATM+5,CALL,257.4,261.2,256.1,258.6,4840,103560,9.123268,84200,83736.88
2025-07-09 10:27:00,ATM+5,PUT,644.9,644.9,639.25,642.35,180,11140,10.649713,84200,83736.88
2025-07-09 10:27:00,ATM+6,CALL,222.5,226,221.65,224.1,1840,80180,9.142764,84300,83736.88
2025-07-09 10:27:00,ATM+6,PUT,706.2,706.2,706.2,706.2,20,5300,10.680206,84300,83736.88
2025-07-09 10:27:00,ATM+7,CALL,191.85,195.15,190.9,193.4,2140,86800,9.168722,84400,83736.88
2025-07-09 10:27:00,ATM+7,PUT,778,778,777.6,777.6,100,5820,10.822986,84400,83736.88
2025-07-09 10:27:00,ATM+8,CALL,164.55,167.4,164.1,166.4,6660,195120,9.204634,84500,83736.88
2025-07-09 10:27:00,ATM+8,PUT,851.85,851.85,850.2,851.5,60,36860,10.962338,84500,83736.88
2025-07-09 10:27:00,ATM+9,CALL,141.3,143.25,140.25,142.45,2420,70560,9.239534,84600,83736.88
2025-07-09 10:27:00,ATM+9,PUT,927,927,927,927,0,2160,11.070543,84600,83736.88
2025-07-09 10:27:00,ATM+10,CALL,120.75,122,119.5,120.4,4680,87920,9.244051,84700,83736.88
2025-07-09 10:27:00,ATM+10,PUT,1004.45,1004.45,1004.45,1004.45,20,440,11.184221,84700,83736.88
2025-07-09 10:28:00,ATM-10,CALL,1220.15,1220.15,1220.15,1220.15,0,2100,8.658403,82700,83710.03
2025-07-09 10:28:00,ATM-10,PUT,96.3,99.2,96.3,99,4080,70340,10.73011,82700,83710.03
2025-07-09 10:28:00,ATM-9,CALL,1115,1115,1107.05,1107.05,140,3040,8.400287,82800,83710.03
2025-07-09 10:28:00,ATM-9,PUT,110.85,114.8,110.85,114,2540,77300,10.64752,82800,83710.03
2025-07-09 10:28:00,ATM-8,CALL,1030,1030,1030,1030,20,3600,8.752616,82900,83710.03
2025-07-09 10:28:00,ATM-8,PUT,128.75,132.2,128.3,131.65,1840,64500,10.587915,82900,83710.03
2025-07-09 10:28:00,ATM-7,CALL,954.75,957.45,940,940,1600,43800,8.492644,83000,83710.03
2025-07-09 10:28:00,ATM-7,PUT,148.35,152.65,148.35,152.15,21520,220880,10.547333,83000,83710.03
2025-07-09 10:28:00,ATM-6,CALL,864.05,865.8,864.05,865.8,260,7920,8.691383,83100,83710.03
2025-07-09 10:28:00,ATM-6,PUT,171.15,175.75,170.6,175.05,2580,78320,10.50424,83100,83710.03
2025-07-09 10:28:00,ATM-5,CALL,808.9,808.9,780,780,760,12220,8.426041,83200,83710.03
2025-07-09 10:28:00,ATM-5,PUT,196.15,202,196.15,200.9,7460,94840,10.469127,83200,83710.03
2025-07-09 10:28:00,ATM-4,CALL,738.8,738.8,712.45,713.1,2940,39060,8.624008,83300,83710.03
2025-07-09 10:28:00,ATM-4,PUT,225.15,231.2,225.15,230.85,4580,266300,10.466232,83300,83710.03
2025-07-09 10:28:00,ATM-3,CALL,666.25,667.2,646.8,646.8,3920,52040,8.720153,83400,83710.03
2025-07-09 10:28:00,ATM-3,PUT,256.2,263.2,256.2,263.15,7040,131940,10.444315,83400,83710.03
2025-07-09 10:28:00,ATM-2,CALL,606.85,607.25,582.15,582.6,16660,338160,8.766021,83500,83710.03
2025-07-09 10:28:00,ATM-2,PUT,290.45,299.25,290.45,298.5,15700,445220,10.419158,83500,83710.03
2025-07-09 10:28:00,ATM-1,CALL,545.85,545.85,521.95,523.35,25920,266740,8.83332,83600,83710.03
2025-07-09 10:28:00,ATM-1,PUT,329.15,338.4,329.15,337.4,10740,407240,10.400077,83600,83710.03
2025-07-09 10:28:00,ATM,CALL,489.55,490.05,466.4,466.6,47300,263360,8.862091,83700,83710.03
2025-07-09 10:28:00,ATM,PUT,373.05,383.2,372.3,382.55,23080,249160,10.447157,83700,83710.03
2025-07-09 10:28:00,ATM+1,CALL,436.5,436.7,414.3,414.3,29100,193300,8.898742,83800,83710.03
2025-07-09 10:28:00,ATM+1,PUT,419.95,430.65,418.85,430.65,22000,150980,10.481323,83800,83710.03
2025-07-09 10:28:00,ATM+2,CALL,384.75,385.15,365.25,366.25,17480,113080,8.938705,83900,83710.03
2025-07-09 10:28:00,ATM+2,PUT,469.35,481,469.35,481,4900,62240,10.487115,83900,83710.03
2025-07-09 10:28:00,ATM+3,CALL,339.1,339.1,320.45,320.45,31720,272100,8.936983,84000,83710.03
2025-07-09 10:28:00,ATM+3,PUT,523.45,538.65,523.45,537.5,7760,106180,10.555058,84000,83710.03
2025-07-09 10:28:00,ATM+4,CALL,297.7,297.7,279.75,281.2,11740,74040,8.995209,84100,83710.03
2025-07-09 10:28:00,ATM+4,PUT,582.2,596.7,582.2,596.7,2680,15920,10.607757,84100,83710.03
2025-07-09 10:28:00,ATM+5,CALL,258.15,258.4,243.3,244.2,13700,103560,9.016121,84200,83710.03
2025-07-09 10:28:00,ATM+5,PUT,644,655,644,652.3,340,11140,10.496064,84200,83710.03
2025-07-09 10:28:00,ATM+6,CALL,224.1,224.1,210.5,210.9,8900,80180,9.036755,84300,83710.03
2025-07-09 10:28:00,ATM+6,PUT,716.85,725,716.85,725,220,5300,10.719092,84300,83710.03
2025-07-09 10:28:00,ATM+7,CALL,193.3,193.3,181,181,9080,86800,9.053781,84400,83710.03
2025-07-09 10:28:00,ATM+7,PUT,782,784.4,782,784.4,60,5820,10.537098,84400,83710.03
2025-07-09 10:28:00,ATM+8,CALL,166,166,154.75,154.75,18940,195120,9.079263,84500,83710.03
2025-07-09 10:28:00,ATM+8,PUT,855,870,855,870,180,36860,10.956065,84500,83710.03
2025-07-09 10:28:00,ATM+9,CALL,141.95,142.3,131.95,131.95,7520,70560,9.115476,84600,83710.03
2025-07-09 10:28:00,ATM+9,PUT,927,927,927,927,0,2160,11.070543,84600,83710.03
2025-07-09 10:28:00,ATM+10,CALL,120.55,120.9,111.8,111.9,7980,87920,9.149757,84700,83710.03
2025-07-09 10:28:00,ATM+10,PUT,1004.45,1004.45,1004.45,1004.45,0,440,11.184221,84700,83710.03
2025-07-09 10:29:00,ATM-10,CALL,1220.15,1220.15,1220.15,1220.15,0,2100,8.658403,82700,83692.84
2025-07-09 10:29:00,ATM-10,PUT,98.85,100.7,98.1,100.05,3780,70340,10.666319,82700,83692.84
2025-07-09 10:29:00,ATM-9,CALL,1105.05,1105.05,1105.05,1105.05,20,3040,8.952019,82800,83692.84
2025-07-09 10:29:00,ATM-9,PUT,113.85,115.95,113.2,115.65,2360,77300,10.597141,82800,83692.84
2025-07-09 10:29:00,ATM-8,CALL,1022.9,1022.9,1022.9,1022.9,20,3600,9.024789,82900,83692.84
2025-07-09 10:29:00,ATM-8,PUT,131.8,134,130.65,133,2500,64500,10.518866,82900,83692.84
2025-07-09 10:29:00,ATM-7,CALL,941.2,941.2,930.35,930.35,340,43800,8.647368,83000,83692.84
2025-07-09 10:29:00,ATM-7,PUT,152.45,154.45,150.85,153.2,9200,220880,10.46081,83000,83692.84
2025-07-09 10:29:00,ATM-6,CALL,865.55,865.55,857.25,861.7,180,7920,8.982862,83100,83692.84
2025-07-09 10:29:00,ATM-6,PUT,175.3,177.2,173.65,177.2,3100,78320,10.441052,83100,83692.84
2025-07-09 10:29:00,ATM-5,CALL,786.45,792.2,786.45,792.2,80,12220,9.152998,83200,83692.84
2025-07-09 10:29:00,ATM-5,PUT,200.8,204,199.7,203.15,4940,94840,10.398728,83200,83692.84
2025-07-09 10:29:00,ATM-4,CALL,720.45,721.95,712.05,712.05,800,39060,8.930193,83300,83692.84
2025-07-09 10:29:00,ATM-4,PUT,230.1,233.8,228.2,231.75,7120,266300,10.350721,83300,83692.84
2025-07-09 10:29:00,ATM-3,CALL,645.9,654.3,645.2,645.2,4020,52040,8.978826,83400,83692.84
2025-07-09 10:29:00,ATM-3,PUT,262.9,266,261.05,265.65,8460,131940,10.359376,83400,83692.84
2025-07-09 10:29:00,ATM-2,CALL,583.4,592.2,580.1,580.1,15500,338160,8.975539,83500,83692.84
2025-07-09 10:29:00,ATM-2,PUT,299,301.6,295.4,299.45,21020,445220,10.285959,83500,83692.84
2025-07-09 10:29:00,ATM-1,CALL,523.7,529.95,520,520.5,15900,266740,9.011597,83600,83692.84
2025-07-09 10:29:00,ATM-1,PUT,337,341.8,334.9,338.9,19160,407240,10.26918,83600,83692.84
2025-07-09 10:29:00,ATM,CALL,467.2,474,463.7,464.5,29580,263360,9.037976,83700,83692.84
2025-07-09 10:29:00,ATM,PUT,381,386,378.35,385.5,31240,249160,10.33795,83700,83692.84
2025-07-09 10:29:00,ATM+1,CALL,415.05,420.45,412,412.45,22400,193300,9.062483,83800,83692.84
2025-07-09 10:29:00,ATM+1,PUT,429.95,434.8,427.3,431.75,23380,150980,10.316615,83800,83692.84
2025-07-09 10:29:00,ATM+2,CALL,368.15,371.65,361.85,364.5,11040,113080,9.088724,83900,83692.84
2025-07-09 10:29:00,ATM+2,PUT,481.4,486.75,476.55,485,6280,62240,10.375239,83900,83692.84
2025-07-09 10:29:00,ATM+3,CALL,320.95,325.25,318.3,318.3,22700,272100,9.063157,84000,83692.84
2025-07-09 10:29:00,ATM+3,PUT,534.95,540,532.2,539.35,6640,106180,10.378776,84000,83692.84
2025-07-09 10:29:00,ATM+4,CALL,280.5,285.2,277.6,277.6,14200,74040,9.073602,84100,83692.84
2025-07-09 10:29:00,ATM+4,PUT,593.2,600,592.15,597.85,920,15920,10.398647,84100,83692.84
2025-07-09 10:29:00,ATM+5,CALL,244.2,248.2,240.9,242.15,7700,103560,9.118831,84200,83692.84
2025-07-09 10:29:00,ATM+5,PUT,655.95,662.15,654.4,662.15,420,11140,10.477386,84200,83692.84
2025-07-09 10:29:00,ATM+6,CALL,212.5,214.05,208.3,208.3,7760,80180,9.113581,84300,83692.84
2025-07-09 10:29:00,ATM+6,PUT,723.5,730,722.4,730,80,5300,10.567075,84300,83692.84
2025-07-09 10:29:00,ATM+7,CALL,180.9,184,178.5,178.5,5260,86800,9.12111,84400,83692.84
2025-07-09 10:29:00,ATM+7,PUT,794.55,798.6,793,798.6,980,5820,10.601094,84400,83692.84
2025-07-09 10:29:00,ATM+8,CALL,156,157.4,152.7,152.7,15560,195120,9.147482,84500,83692.84
2025-07-09 10:29:00,ATM+8,PUT,866.8,870.8,865.55,865.9,240,36860,10.521545,84500,83692.84
2025-07-09 10:29:00,ATM+9,CALL,132.65,134.7,129.75,129.85,7580,70560,9.171094,84600,83692.84
2025-07-09 10:29:00,ATM+9,PUT,944.95,944.95,944.95,944.95,20,2180,10.685051,84600,83692.84
2025-07-09 10:29:00,ATM+10,CALL,112.55,113.85,110.4,110.5,9040,87920,9.217007,84700,83692.84
2025-07-09 10:29:00,ATM+10,PUT,1004.45,1004.45,1004.45,1004.45,0,440,11.184221,84700,83692.84
2025-07-09 10:30:00,ATM-10,CALL,1220.15,1220.15,1220.15,1220.15,0,2100,8.658403,82700,83695.02
2025-07-09 10:30:00,ATM-10,PUT,99.5,100.7,98.45,98.5,5580,72380,10.621874,82700,83695.02
2025-07-09 10:30:00,ATM-9,CALL,1105.05,1105.05,1105.05,1105.05,0,3040,8.952019,82800,83695.02
2025-07-09 10:30:00,ATM-9,PUT,115.15,116.15,113.05,113.05,2660,78120,10.521024,82800,83695.02
2025-07-09 10:30:00,ATM-8,CALL,1022.9,1022.9,1022.9,1022.9,0,3600,9.024789,82900,83695.02
2025-07-09 10:30:00,ATM-8,PUT,132.7,133.35,130.75,130.95,4600,64800,10.467424,82900,83695.02
2025-07-09 10:30:00,ATM-7,CALL,931,946.4,931,946.4,440,43560,9.127779,83000,83695.02
2025-07-09 10:30:00,ATM-7,PUT,153.05,154.55,150.5,151.45,8260,219540,10.42341,83000,83695.02
2025-07-09 10:30:00,ATM-6,CALL,857.35,860.4,857.35,860.4,80,7920,8.891763,83100,83695.02
2025-07-09 10:30:00,ATM-6,PUT,175.8,177.6,173.55,174.2,2400,78980,10.371919,83100,83695.02
2025-07-09 10:30:00,ATM-5,CALL,780,793.2,779.85,793.2,280,12160,9.136472,83200,83695.02
2025-07-09 10:30:00,ATM-5,PUT,201.95,204.05,199.1,200.35,4700,94840,10.340279,83200,83695.02
2025-07-09 10:30:00,ATM-4,CALL,713.85,724.45,708.35,724,820,39060,9.208762,83300,83695.02
2025-07-09 10:30:00,ATM-4,PUT,231.6,233.6,228.6,229.35,3700,263500,10.306922,83300,83695.02
2025-07-09 10:30:00,ATM-3,CALL,643.1,657.35,642.45,656.6,2260,52320,9.231547,83400,83695.02
2025-07-09 10:30:00,ATM-3,PUT,264.2,266,260.4,260.5,6240,131940,10.250701,83400,83695.02
2025-07-09 10:30:00,ATM-2,CALL,582.1,592.65,577.8,592.6,15120,338160,9.247156,83500,83695.02
2025-07-09 10:30:00,ATM-2,PUT,301,301.9,296,296.9,17140,444520,10.244914,83500,83695.02
2025-07-09 10:30:00,ATM-1,CALL,521.1,532,517.65,530.7,24420,269500,9.222861,83600,83695.02
2025-07-09 10:30:00,ATM-1,PUT,339.4,342,334.95,336.15,26760,407240,10.226138,83600,83695.02
2025-07-09 10:30:00,ATM,CALL,465,476.4,462.6,475.55,40320,273640,9.266878,83700,83695.02
2025-07-09 10:30:00,ATM,PUT,382.75,386.2,378.35,379,35860,250920,10.210523,83700,83695.02
2025-07-09 10:30:00,ATM+1,CALL,412.75,422.65,410.2,421.4,21980,205480,9.242993,83800,83695.02
2025-07-09 10:30:00,ATM+1,PUT,431.4,434.4,425.8,426.4,28520,156420,10.218327,83800,83695.02
2025-07-09 10:30:00,ATM+2,CALL,363.4,373.05,362,372,11180,113980,9.238,83900,83695.02
2025-07-09 10:30:00,ATM+2,PUT,481.4,486,476.3,477.95,8240,62400,10.239583,83900,83695.02
2025-07-09 10:30:00,ATM+3,CALL,319.4,328,316.8,327.35,24660,278660,9.252062,84000,83695.02
2025-07-09 10:30:00,ATM+3,PUT,536,540.6,530.85,532.8,7040,108720,10.255338,84000,83695.02
2025-07-09 10:30:00,ATM+4,CALL,279.4,287,276.1,286.45,11240,73340,9.263662,84100,83695.02
2025-07-09 10:30:00,ATM+4,PUT,600.45,600.45,591.25,591.25,140,15280,10.273788,84100,83695.02
2025-07-09 10:30:00,ATM+5,CALL,241.7,249.25,239.75,248.8,8220,105260,9.262865,84200,83695.02
2025-07-09 10:30:00,ATM+5,PUT,660.9,662.8,653,654.15,260,10240,10.317558,84200,83695.02
2025-07-09 10:30:00,ATM+6,CALL,209.2,215.9,206.8,214.7,6960,80400,9.25914,84300,83695.02
2025-07-09 10:30:00,ATM+6,PUT,730,730,718.55,718.55,60,5280,10.318258,84300,83695.02
2025-07-09 10:30:00,ATM+7,CALL,179.5,185,177.3,184.95,4920,87740,9.277352,84400,83695.02
2025-07-09 10:30:00,ATM+7,PUT,798.6,798.6,772.8,790.05,900,5900,10.419398,84400,83695.02
2025-07-09 10:30:00,ATM+8,CALL,153.65,158.25,151.2,158.25,11300,198560,9.289569,84500,83695.02
2025-07-09 10:30:00,ATM+8,PUT,865.9,865.9,860.7,861.1,100,36860,10.434293,84500,83695.02
2025-07-09 10:30:00,ATM+9,CALL,130,135.2,128.5,134.75,7380,70920,9.305339,84600,83695.02
2025-07-09 10:30:00,ATM+9,PUT,949.95,949.95,940,940,60,2180,10.590933,84600,83695.02
2025-07-09 10:30:00,ATM+10,CALL,110.7,114.6,108.65,113.65,10100,90920,9.30651,84700,83695.02
2025-07-09 10:30:00,ATM+10,PUT,1004.45,1004.45,1004.45,1004.45,0,440,11.184221,84700,83695.02
2025-07-09 10:31:00,ATM-10,CALL,1220.15,1220.15,1220.15,1220.15,0,2100,8.658403,82700,83704.33
2025-07-09 10:31:00,ATM-10,PUT,98.3,99.1,97.25,98.7,2620,72380,10.685997,82700,83704.33
2025-07-09 10:31:00,ATM-9,CALL,1112.8,1112.8,1103.5,1103.5,60,3040,8.467552,82800,83704.33
2025-07-09 10:31:00,ATM-9,PUT,113.25,114.1,112.1,113.05,2240,78120,10.580003,82800,83704.33
2025-07-09 10:31:00,ATM-8,CALL,1022.9,1022.9,1022.9,1022.9,0,3600,9.024789,82900,83704.33
2025-07-09 10:31:00,ATM-8,PUT,130.65,131.75,129.8,130.45,460,64800,10.512892,82900,83704.33
2025-07-09 10:31:00,ATM-7,CALL,946.95,950.85,941.8,949.95,220,43560,8.997546,83000,83704.33
2025-07-09 10:31:00,ATM-7,PUT,151.25,152.25,149.7,151.65,8060,219540,10.494255,83000,83704.33
2025-07-09 10:31:00,ATM-6,CALL,869.65,869.65,869.65,869.65,40,7920,8.954243,83100,83704.33
2025-07-09 10:31:00,ATM-6,PUT,173.35,175.45,172.35,173.75,700,78980,10.427104,83100,83704.33
2025-07-09 10:31:00,ATM-5,CALL,793.7,796.5,793.7,796,60,12160,9.019884,83200,83704.33
2025-07-09 10:31:00,ATM-5,PUT,198.9,200.85,198.45,200,3860,94840,10.402533,83200,83704.33
2025-07-09 10:31:00,ATM-4,CALL,725.4,730.1,722.9,727.75,540,39060,9.133663,83300,83704.33
2025-07-09 10:31:00,ATM-4,PUT,228.65,230.45,226.85,229.1,1540,263500,10.376241,83300,83704.33
2025-07-09 10:31:00,ATM-3,CALL,658,658,651.6,655.95,580,52320,9.056546,83400,83704.33
2025-07-09 10:31:00,ATM-3,PUT,260,262.85,258.65,261.8,3860,131940,10.363278,83400,83704.33
2025-07-09 10:31:00,ATM-2,CALL,591.9,596.6,587.65,593,7260,338160,9.113253,83500,83704.33
2025-07-09 10:31:00,ATM-2,PUT,296.8,298.95,294.05,296.6,9300,444520,10.32287,83500,83704.33
2025-07-09 10:31:00,ATM-1,CALL,530.9,534.5,526,531.3,11180,269500,9.105981,83600,83704.33
2025-07-09 10:31:00,ATM-1,PUT,336.1,338.2,333,335.9,8100,407240,10.310941,83600,83704.33
2025-07-09 10:31:00,ATM,CALL,475.45,479.7,470,475,23940,273640,9.134099,83700,83704.33
2025-07-09 10:31:00,ATM,PUT,378.65,382,376.3,379,13560,250920,10.307327,83700,83704.33
2025-07-09 10:31:00,ATM+1,CALL,421.4,426.05,418.8,423.25,11740,205480,9.175122,83800,83704.33
2025-07-09 10:31:00,ATM+1,PUT,425.2,430,423.8,427.9,4920,156420,10.356432,83800,83704.33
2025-07-09 10:31:00,ATM+2,CALL,374,376.2,369,372.65,5420,113980,9.150995,83900,83704.33
2025-07-09 10:31:00,ATM+2,PUT,477,479.8,474,476.15,3620,62400,10.309414,83900,83704.33
2025-07-09 10:31:00,ATM+3,CALL,326.7,330.95,324,328,16260,278660,9.172659,84000,83704.33
2025-07-09 10:31:00,ATM+3,PUT,531,534.95,527.75,531.2,4260,108720,10.33793,84000,83704.33
2025-07-09 10:31:00,ATM+4,CALL,286.55,289,283.25,286.2,5940,73340,9.169855,84100,83704.33
2025-07-09 10:31:00,ATM+4,PUT,589.95,592.5,587.25,587.25,1260,15280,10.308813,84100,83704.33
2025-07-09 10:31:00,ATM+5,CALL,250.6,251.9,245.8,250,11140,105260,9.210108,84200,83704.33
2025-07-09 10:31:00,ATM+5,PUT,657.6,657.6,648.7,652.55,80,10240,10.418601,84200,83704.33
2025-07-09 10:31:00,ATM+6,CALL,216.55,218,212.75,215.3,5040,80400,9.197626,84300,83704.33
2025-07-09 10:31:00,ATM+6,PUT,716.05,722.1,715.9,715.9,160,5280,10.404003,84300,83704.33
2025-07-09 10:31:00,ATM+7,CALL,186,187.3,182.75,185.25,5660,87740,9.213293,84400,83704.33
2025-07-09 10:31:00,ATM+7,PUT,786.8,786.8,786.8,786.8,20,5900,10.500051,84400,83704.33
2025-07-09 10:31:00,ATM+8,CALL,158.2,160,155.95,158.9,11940,198560,9.240061,84500,83704.33
2025-07-09 10:31:00,ATM+8,PUT,861,865.9,860.3,864.3,460,36860,10.698733,84500,83704.33
2025-07-09 10:31:00,ATM+9,CALL,135.25,136.25,132.9,135.75,3160,70920,9.271411,84600,83704.33
2025-07-09 10:31:00,ATM+9,PUT,940,940,940,940,0,2180,10.590933,84600,83704.33
2025-07-09 10:31:00,ATM+10,CALL,114.6,115.8,113,115.15,3800,90920,9.294655,84700,83704.33
2025-07-09 10:31:00,ATM+10,PUT,1004.45,1004.45,1004.45,1004.45,0,440,11.184221,84700,83704.33
2025-07-09 10:32:00,ATM-10,CALL,1220.15,1220.15,1220.15,1220.15,0,2100,8.658403,82700,83693.27
2025-07-09 10:32:00,ATM-10,PUT,97.6,99.25,97.15,98.7,1600,72380,10.61983,82700,83693.27
2025-07-09 10:32:00,ATM-9,CALL,1103.5,1103.5,1103.5,1103.5,20,3040,8.876626,82800,83693.27
2025-07-09 10:32:00,ATM-9,PUT,112.55,114.4,112.25,114.4,980,78120,10.557978,82800,83693.27
2025-07-09 10:32:00,ATM-8,CALL,1022.9,1022.9,1022.9,1022.9,0,3600,9.024789,82900,83693.27
2025-07-09 10:32:00,ATM-8,PUT,130.65,132.05,130.45,132.05,720,64800,10.492466,82900,83693.27
2025-07-09 10:32:00,ATM-7,CALL,950.85,950.85,930.55,930.55,440,43560,8.644991,83000,83693.27
2025-07-09 10:32:00,ATM-7,PUT,151.2,152.8,149.95,152.35,4380,219540,10.439507,83000,83693.27
2025-07-09 10:32:00,ATM-6,CALL,860.95,860.95,858.25,858.25,60,7920,8.869233,83100,83693.27
2025-07-09 10:32:00,ATM-6,PUT,173.75,176.25,172.75,176.15,1520,78980,10.415709,83100,83693.27
2025-07-09 10:32:00,ATM-5,CALL,793.35,793.35,784.45,785.85,200,12160,8.966329,83200,83693.27
2025-07-09 10:32:00,ATM-5,PUT,199.45,202.75,198.6,201.65,2660,94840,10.362908,83200,83693.27
2025-07-09 10:32:00,ATM-4,CALL,727.3,727.3,710.65,717.5,1480,39060,9.070186,83300,83693.27
2025-07-09 10:32:00,ATM-4,PUT,228.65,232.1,227.35,230.55,1640,263500,10.324603,83300,83693.27
2025-07-09 10:32:00,ATM-3,CALL,659.8,659.8,643.9,646.2,1700,52320,8.999195,83400,83693.27
2025-07-09 10:32:00,ATM-3,PUT,260.9,264.8,259.2,264,2660,131940,10.323465,83400,83693.27
2025-07-09 10:32:00,ATM-2,CALL,594.35,596,581.4,582.3,8780,338160,9.02478,83500,83693.27
2025-07-09 10:32:00,ATM-2,PUT,296.15,300.9,294.05,299.2,7840,444520,10.28516,83500,83693.27
2025-07-09 10:32:00,ATM-1,CALL,530.6,534.7,519.5,521.05,9540,269500,9.02072,83600,83693.27
2025-07-09 10:32:00,ATM-1,PUT,335.45,340.8,333.55,339.7,12520,407240,10.293432,83600,83693.27
2025-07-09 10:32:00,ATM,CALL,477.05,479,463.8,467,25720,273640,9.092555,83700,83693.27
2025-07-09 10:32:00,ATM,PUT,379.4,385.6,376.9,383.75,15400,250920,10.30314,83700,83693.27
2025-07-09 10:32:00,ATM+1,CALL,422.1,426.75,411.6,414.85,17580,205480,9.114628,83800,83693.27
2025-07-09 10:32:00,ATM+1,PUT,427.25,433.2,424.5,432,8300,156420,10.328345,83800,83693.27
2025-07-09 10:32:00,ATM+2,CALL,373.4,376,362.95,364.7,6060,113980,9.090656,83900,83693.27
2025-07-09 10:32:00,ATM+2,PUT,477.1,484.75,474.7,484,3960,62400,10.358548,83900,83693.27
2025-07-09 10:32:00,ATM+3,CALL,326.8,330.4,318.65,320,14960,278660,9.100336,84000,83693.27
2025-07-09 10:32:00,ATM+3,PUT,532.25,540.7,529.45,537.9,3540,108720,10.351807,84000,83693.27
2025-07-09 10:32:00,ATM+4,CALL,286.35,289.4,278.4,280.75,4640,73340,9.146328,84100,83693.27
2025-07-09 10:32:00,ATM+4,PUT,594.1,595.4,594.1,595.4,40,15280,10.347966,84100,83693.27
2025-07-09 10:32:00,ATM+5,CALL,249.55,251.75,242.45,243.35,3780,105260,9.146374,84200,83693.27
2025-07-09 10:32:00,ATM+5,PUT,650.15,660.65,650.15,659.8,320,10240,10.428215,84200,83693.27
2025-07-09 10:32:00,ATM+6,CALL,215.2,216.85,209,210.05,4040,80400,9.156586,84300,83693.27
2025-07-09 10:32:00,ATM+6,PUT,715.9,715.9,715.9,715.9,0,5280,10.404003,84300,83693.27
2025-07-09 10:32:00,ATM+7,CALL,185.8,187.3,180.45,180.6,3300,87740,9.175985,84400,83693.27
2025-07-09 10:32:00,ATM+7,PUT,786.8,786.8,786.8,786.8,0,5900,10.500051,84400,83693.27
2025-07-09 10:32:00,ATM+8,CALL,159.2,160.15,154,154.75,6840,198560,9.204524,84500,83693.27
2025-07-09 10:32:00,ATM+8,PUT,864.3,874.85,864.3,874.85,60,36860,10.771304,84500,83693.27
2025-07-09 10:32:00,ATM+9,CALL,136.15,136.15,130.85,131.55,1520,70920,9.221756,84600,83693.27
2025-07-09 10:32:00,ATM+9,PUT,940,940,940,940,0,2180,10.590933,84600,83693.27
2025-07-09 10:32:00,ATM+10,CALL,116,116,110.9,112.1,4080,90920,9.268571,84700,83693.27
2025-07-09 10:32:00,ATM+10,PUT,1004.45,1004.45,1004.45,1004.45,0,440,11.184221,84700,83693.27
2025-07-09 10:33:00,ATM-10,CALL,1220.15,1220.15,1220.15,1220.15,0,2100,8.658403,82700,83676.47
2025-07-09 10:33:00,ATM-10,PUT,98.7,99.65,98,99,3900,73160,10.530015,82700,83676.47
2025-07-09 10:33:00,ATM-9,CALL,1082.5,1082.5,1082.5,1082.5,20,3120,8.606934,82800,83676.47
2025-07-09 10:33:00,ATM-9,PUT,114.35,115,113.15,114.2,1920,78740,10.445458,82800,83676.47
2025-07-09 10:33:00,ATM-8,CALL,1022.9,1022.9,1022.9,1022.9,0,3600,9.024789,82900,83676.47
2025-07-09 10:33:00,ATM-8,PUT,132.15,133.05,130.7,132.4,2360,67580,10.393138,82900,83676.47
2025-07-09 10:33:00,ATM-7,CALL,935,935,925,927.35,740,43240,8.992993,83000,83676.47
2025-07-09 10:33:00,ATM-7,PUT,152.75,153.85,151.3,153.15,10340,227900,10.347484,83000,83676.47
2025-07-09 10:33:00,ATM-6,CALL,851,851,850,850.75,220,7780,9.03787,83100,83676.47
2025-07-09 10:33:00,ATM-6,PUT,175.85,177,174.65,176.75,5340,80260,10.310422,83100,83676.47
2025-07-09 10:33:00,ATM-5,CALL,781.75,781.75,777.2,777.2,240,11980,9.074262,83200,83676.47
2025-07-09 10:33:00,ATM-5,PUT,202.05,203.8,200.5,203.15,4980,96820,10.27429,83200,83676.47
2025-07-09 10:33:00,ATM-4,CALL,714.25,714.25,703.2,703.5,2620,39320,9.013998,83300,83676.47
2025-07-09 10:33:00,ATM-4,PUT,231.3,233.35,230,232.95,5200,261520,10.249897,83300,83676.47
2025-07-09 10:33:00,ATM-3,CALL,646.15,649.45,636.15,638.3,3480,53100,9.084775,83400,83676.47
2025-07-09 10:33:00,ATM-3,PUT,263.4,266.4,262.7,266,4520,130960,10.228229,83400,83676.47
2025-07-09 10:33:00,ATM-2,CALL,583.4,586.35,572.35,575.15,14800,339200,9.109772,83500,83676.47
2025-07-09 10:33:00,ATM-2,PUT,299.2,303,298.4,302.05,16480,451960,10.199773,83500,83676.47
2025-07-09 10:33:00,ATM-1,CALL,520.5,524.4,512,514.25,17620,268340,9.096214,83600,83676.47
2025-07-09 10:33:00,ATM-1,PUT,339.75,343.3,338.55,342.85,27820,408480,10.203352,83600,83676.47
2025-07-09 10:33:00,ATM,CALL,465.6,468.6,456.7,458.15,25380,277980,9.103593,83700,83676.47
2025-07-09 10:33:00,ATM,PUT,384.35,388,382.4,386.25,23520,260220,10.185663,83700,83676.47
2025-07-09 10:33:00,ATM+1,CALL,414.2,415.8,405.1,406.75,23500,210020,9.127352,83800,83676.47
2025-07-09 10:33:00,ATM+1,PUT,431.7,436.65,430.1,434.5,15120,168060,10.197924,83800,83676.47
2025-07-09 10:33:00,ATM+2,CALL,364.55,367,356.8,357.4,11360,112660,9.106309,83900,83676.47
2025-07-09 10:33:00,ATM+2,PUT,484,488.75,482.1,486.35,5580,58660,10.210793,83900,83676.47
2025-07-09 10:33:00,ATM+3,CALL,320.8,322.1,313.05,314.3,22920,279340,9.137927,84000,83676.47
2025-07-09 10:33:00,ATM+3,PUT,538.4,544.25,536.4,543,5760,107620,10.252839,84000,83676.47
2025-07-09 10:33:00,ATM+4,CALL,280,281.9,273,273.8,10160,75920,9.139491,84100,83676.47
2025-07-09 10:33:00,ATM+4,PUT,598.95,602.95,596.75,602.95,1820,14680,10.291456,84100,83676.47
2025-07-09 10:33:00,ATM+5,CALL,243,245,236.65,238.2,12720,106100,9.167986,84200,83676.47
2025-07-09 10:33:00,ATM+5,PUT,661.45,667.35,660.05,665.3,520,10060,10.307187,84200,83676.47
2025-07-09 10:33:00,ATM+6,CALL,210,211.75,203.65,205.35,9280,83400,9.175019,84300,83676.47
2025-07-09 10:33:00,ATM+6,PUT,728.95,728.95,728.05,728.05,40,5260,10.250723,84300,83676.47
2025-07-09 10:33:00,ATM+7,CALL,180.5,181.9,174.6,175.3,8360,86400,9.163546,84400,83676.47
2025-07-09 10:33:00,ATM+7,PUT,800.1,800.45,799.55,799.55,100,5260,10.334626,84400,83676.47
2025-07-09 10:33:00,ATM+8,CALL,154.3,155.8,149.2,150,17200,200620,9.191603,84500,83676.47
2025-07-09 10:33:00,ATM+8,PUT,874,874.85,873.3,873.3,240,36820,10.404034,84500,83676.47
2025-07-09 10:33:00,ATM+9,CALL,131.1,132.65,126.9,127.75,4740,67820,9.221521,84600,83676.47
2025-07-09 10:33:00,ATM+9,PUT,952,955,952,955,140,2240,10.625849,84600,83676.47
2025-07-09 10:33:00,ATM+10,CALL,111.95,112.7,107,107.85,8540,88100,9.238146,84700,83676.47
2025-07-09 10:33:00,ATM+10,PUT,1004.45,1004.45,1004.45,1004.45,0,440,11.184221,84700,83676.47
2025-07-09 10:34:00,ATM-10,CALL,1220.15,1220.15,1220.15,1220.15,0,2100,8.658403,82700,83698.37
2025-07-09 10:34:00,ATM-10,PUT,98.95,98.95,96.6,97.1,3740,73160,10.591229,82700,83698.37
2025-07-09 10:34:00,ATM-9,CALL,1095,1095,1095,1095,20,3120,8.32466,82800,83698.37
2025-07-09 10:34:00,ATM-9,PUT,114.25,114.25,112,112.15,1000,78740,10.512568,82800,83698.37
2025-07-09 10:34:00,ATM-8,CALL,1018,1018,1018,1018,20,3580,8.675765,82900,83698.37
2025-07-09 10:34:00,ATM-8,PUT,132.15,132.2,129.35,129.35,2360,67580,10.439377,82900,83698.37
2025-07-09 10:34:00,ATM-7,CALL,930,943.25,930,942.3,240,43240,8.905196,83000,83698.37
2025-07-09 10:34:00,ATM-7,PUT,152.95,152.95,149.55,150.55,7500,227900,10.421119,83000,83698.37
2025-07-09 10:34:00,ATM-6,CALL,854.9,854.9,854.9,854.9,20,7780,8.642365,83100,83698.37
2025-07-09 10:34:00,ATM-6,PUT,176,176.8,172.5,172.5,1600,80260,10.349483,83100,83698.37
2025-07-09 10:34:00,ATM-5,CALL,773.8,787.45,773.8,787.45,60,11980,8.904985,83200,83698.37
2025-07-09 10:34:00,ATM-5,PUT,203.25,203.25,198.6,199.45,3480,96820,10.343395,83200,83698.37
2025-07-09 10:34:00,ATM-4,CALL,704.15,719.2,704.15,715.6,780,39320,8.923811,83300,83698.37
2025-07-09 10:34:00,ATM-4,PUT,232.45,232.8,228,228.4,2200,261520,10.31128,83300,83698.37
2025-07-09 10:34:00,ATM-3,CALL,636.8,652.85,636.8,649.25,1200,53100,8.990804,83400,83698.37
2025-07-09 10:34:00,ATM-3,PUT,265.5,265.5,260,262.05,5320,130960,10.319739,83400,83698.37
2025-07-09 10:34:00,ATM-2,CALL,575.25,589.2,575.1,586.4,11480,339200,9.047129,83500,83698.37
2025-07-09 10:34:00,ATM-2,PUT,301.65,301.8,295.4,297.8,14600,451960,10.298859,83500,83698.37
2025-07-09 10:34:00,ATM-1,CALL,512.8,527.75,512.8,525.5,11460,268340,9.055374,83600,83698.37
2025-07-09 10:34:00,ATM-1,PUT,341.85,342.35,335.6,336.8,10680,408480,10.275641,83600,83698.37
2025-07-09 10:34:00,ATM,CALL,458.4,472.25,458.4,470.2,18580,277980,9.102242,83700,83698.37
2025-07-09 10:34:00,ATM,PUT,386.4,387.1,378.9,381.1,20500,260220,10.295552,83700,83698.37
2025-07-09 10:34:00,ATM+1,CALL,406.7,419.5,406.3,417.6,13320,210020,9.118548,83800,83698.37
2025-07-09 10:34:00,ATM+1,PUT,434.25,435.55,426.9,429.2,9920,168060,10.321496,83800,83698.37
2025-07-09 10:34:00,ATM+2,CALL,358.55,369.85,358.2,368,7140,112660,9.111898,83900,83698.37
2025-07-09 10:34:00,ATM+2,PUT,486.15,486.75,477.9,480.15,4000,58660,10.331666,83900,83698.37
2025-07-09 10:34:00,ATM+3,CALL,314.5,325.4,313.8,323.85,17760,279340,9.139258,84000,83698.37
2025-07-09 10:34:00,ATM+3,PUT,540.6,541.25,532,535.35,4080,107620,10.358946,84000,83698.37
2025-07-09 10:34:00,ATM+4,CALL,273.9,283.7,273.9,283.7,4320,75920,9.169324,84100,83698.37
2025-07-09 10:34:00,ATM+4,PUT,599.35,599.35,591.45,591.45,340,14680,10.32637,84100,83698.37
2025-07-09 10:34:00,ATM+5,CALL,237.7,247.25,237.7,245.9,4560,106100,9.164965,84200,83698.37
2025-07-09 10:34:00,ATM+5,PUT,653.25,653.25,653.25,653.25,80,10060,10.347483,84200,83698.37
2025-07-09 10:34:00,ATM+6,CALL,205.1,214.3,205.1,212.7,6740,83400,9.183118,84300,83698.37
2025-07-09 10:34:00,ATM+6,PUT,728.05,728.05,728.05,728.05,0,5260,10.250723,84300,83698.37
2025-07-09 10:34:00,ATM+7,CALL,175.5,183.75,175.45,182.45,2920,86400,9.187106,84400,83698.37
2025-07-09 10:34:00,ATM+7,PUT,792.7,792.7,792.7,792.7,40,5260,10.548059,84400,83698.37
2025-07-09 10:34:00,ATM+8,CALL,150.4,157.45,150,156.9,10460,200620,9.229361,84500,83698.37
2025-07-09 10:34:00,ATM+8,PUT,866,866,866,866,60,36820,10.631821,84500,83698.37
2025-07-09 10:34:00,ATM+9,CALL,127.6,134,127.6,132.95,2700,67820,9.230219,84600,83698.37
2025-07-09 10:34:00,ATM+9,PUT,947.95,948.1,947.95,948.1,120,2240,10.889647,84600,83698.37
2025-07-09 10:34:00,ATM+10,CALL,108.05,113.6,108.05,112.9,6780,88100,9.262563,84700,83698.37
2025-07-09 10:34:00,ATM+10,PUT,1004.45,1004.45,1004.45,1004.45,0,440,11.184221,84700,83698.37
2025-07-09 10:35:00,ATM-10,CALL,1220.15,1220.15,1220.15,1220.15,0,2100,8.658403,82700,83708.09
2025-07-09 10:35:00,ATM-10,PUT,97.1,97.35,95.85,96,2940,73160,10.608296,82700,83708.09
2025-07-09 10:35:00,ATM-9,CALL,1100.55,1105,1100.55,1105,40,3120,8.392207,82800,83708.09
2025-07-09 10:35:00,ATM-9,PUT,112.6,113.15,111,111.6,960,78740,10.55468,82800,83708.09
2025-07-09 10:35:00,ATM-8,CALL,1018,1018,1018,1018,0,3580,8.675765,82900,83708.09
2025-07-09 10:35:00,ATM-8,PUT,130.15,130.2,128.55,128.85,1260,67580,10.487285,82900,83708.09
2025-07-09 10:35:00,ATM-7,CALL,939.5,945,939.25,941.55,820,43240,8.609471,83000,83708.09
2025-07-09 10:35:00,ATM-7,PUT,151,151.45,148.4,149.05,4600,227900,10.442826,83000,83708.09
2025-07-09 10:35:00,ATM-6,CALL,854.9,854.9,854.9,854.9,0,7780,8.642365,83100,83708.09
2025-07-09 10:35:00,ATM-6,PUT,174.2,174.2,170.8,171.65,1400,80260,10.395927,83100,83708.09
2025-07-09 10:35:00,ATM-5,CALL,794.55,794.55,794.55,794.55,320,11980,8.900598,83200,83708.09
2025-07-09 10:35:00,ATM-5,PUT,199.95,200.25,196.5,197.1,4240,96820,10.354232,83200,83708.09
2025-07-09 10:35:00,ATM-4,CALL,715.7,724.95,715.7,724.95,1300,39320,8.989558,83300,83708.09
2025-07-09 10:35:00,ATM-4,PUT,229,229.15,225.8,227.45,1420,261520,10.365611,83300,83708.09
2025-07-09 10:35:00,ATM-3,CALL,648.25,656.7,647.35,656.05,1220,53100,8.997098,83400,83708.09
2025-07-09 10:35:00,ATM-3,PUT,261.65,262.1,257.8,259.55,2840,130960,10.341117,83400,83708.09
2025-07-09 10:35:00,ATM-2,CALL,584.5,594.25,584.45,592.8,7000,339200,9.052486,83500,83708.09
2025-07-09 10:35:00,ATM-2,PUT,298,298.3,292.6,294.3,8900,451960,10.303176,83500,83708.09
2025-07-09 10:35:00,ATM-1,CALL,523.3,532,522.55,529.45,10840,268340,9.011302,83600,83708.09
2025-07-09 10:35:00,ATM-1,PUT,337.5,338.05,332.45,334.6,12020,408480,10.318321,83600,83708.09
2025-07-09 10:35:00,ATM,CALL,467.85,476,467.2,474.85,18640,277980,9.084382,83700,83708.09
2025-07-09 10:35:00,ATM,PUT,382.2,382.75,375.4,378.55,12120,260220,10.337325,83700,83708.09
2025-07-09 10:35:00,ATM+1,CALL,415.2,423.05,414.3,422.3,18480,210020,9.110953,83800,83708.09
2025-07-09 10:35:00,ATM+1,PUT,429.6,430.05,422.5,425.2,6920,168060,10.337466,83800,83708.09
2025-07-09 10:35:00,ATM+2,CALL,367.2,373.55,366,373.25,4960,112660,9.125879,83900,83708.09
2025-07-09 10:35:00,ATM+2,PUT,480.75,481.5,473.45,474.9,1760,58660,10.326775,83900,83708.09
2025-07-09 10:35:00,ATM+3,CALL,323.4,328,321.55,327.3,7900,279340,9.120514,84000,83708.09
2025-07-09 10:35:00,ATM+3,PUT,536,536.75,528.4,531,2660,107620,10.382708,84000,83708.09
2025-07-09 10:35:00,ATM+4,CALL,282.85,287.05,281.8,286.6,2080,75920,9.146085,84100,83708.09
2025-07-09 10:35:00,ATM+4,PUT,590,590,587.75,587.75,40,14680,10.373707,84100,83708.09
2025-07-09 10:35:00,ATM+5,CALL,244.5,250.1,244.4,248.65,5420,106100,9.146349,84200,83708.09
2025-07-09 10:35:00,ATM+5,PUT,657,657,652.2,652.2,100,10060,10.467396,84200,83708.09
2025-07-09 10:35:00,ATM+6,CALL,212.5,216.25,211.85,215.45,3560,83400,9.172665,84300,83708.09
2025-07-09 10:35:00,ATM+6,PUT,728.05,728.05,728.05,728.05,0,5260,10.250723,84300,83708.09
2025-07-09 10:35:00,ATM+7,CALL,182.25,185.2,181.85,184.9,2500,86400,9.177124,84400,83708.09
2025-07-09 10:35:00,ATM+7,PUT,792.7,792.7,792.7,792.7,0,5260,10.548059,84400,83708.09
2025-07-09 10:35:00,ATM+8,CALL,156,159.25,155.75,158.7,3460,200620,9.209251,84500,83708.09
2025-07-09 10:35:00,ATM+8,PUT,864.9,864.9,859.15,859.15,140,36820,10.633518,84500,83708.09
2025-07-09 10:35:00,ATM+9,CALL,132.25,135.4,132.25,134.75,2100,67820,9.217689,84600,83708.09
2025-07-09 10:35:00,ATM+9,PUT,948.1,948.1,948.1,948.1,0,2240,10.889647,84600,83708.09
2025-07-09 10:35:00,ATM+10,CALL,112.35,115.2,112.35,113.95,5080,88100,9.233481,84700,83708.09
2025-07-09 10:35:00,ATM+10,PUT,1004.45,1004.45,1004.45,1004.45,0,440,11.184221,84700,83708.09
2025-07-09 10:36:00,ATM-10,CALL,1220.15,1220.15,1220.15,1220.15,0,2100,8.658403,82700,83695.82
2025-07-09 10:36:00,ATM-10,PUT,96.3,97.55,96.25,96.95,2780,74740,10.571216,82700,83695.82
2025-07-09 10:36:00,ATM-9,CALL,1105,1105,1105,1105,20,3120,8.852184,82800,83695.82
2025-07-09 10:36:00,ATM-9,PUT,111.35,112.45,111.2,112.45,540,80920,10.508025,82800,83695.82
2025-07-09 10:36:00,ATM-8,CALL,1018.45,1018.45,1018.45,1018.45,40,3580,8.775572,82900,83695.82
2025-07-09 10:36:00,ATM-8,PUT,128.55,129.85,128.55,129.8,340,68200,10.438223,82900,83695.82
2025-07-09 10:36:00,ATM-7,CALL,945.45,945.45,941.55,943.15,100,42820,9.0044,83000,83695.82
2025-07-09 10:36:00,ATM-7,PUT,148.9,150.55,148.85,150.3,1880,227940,10.396861,83000,83695.82
2025-07-09 10:36:00,ATM-6,CALL,854.9,854.9,854.9,854.9,0,7780,8.642365,83100,83695.82
2025-07-09 10:36:00,ATM-6,PUT,171.65,173.55,171.65,173,600,82600,10.346215,83100,83695.82
2025-07-09 10:36:00,ATM-5,CALL,794.8,794.8,794.8,794.8,200,12000,9.170024,83200,83695.82
2025-07-09 10:36:00,ATM-5,PUT,197.05,199.4,196.8,198.75,2100,96820,10.305804,83200,83695.82
2025-07-09 10:36:00,ATM-4,CALL,723.55,723.55,719,719,140,39320,9.065206,83300,83695.82
2025-07-09 10:36:00,ATM-4,PUT,225.95,228.95,225.65,228.3,2400,263880,10.288941,83300,83695.82
2025-07-09 10:36:00,ATM-3,CALL,656,656,650.7,650.7,1760,53680,9.073005,83400,83695.82
2025-07-09 10:36:00,ATM-3,PUT,257.75,260.3,257.75,259.9,1240,130960,10.245259,83400,83695.82
2025-07-09 10:36:00,ATM-2,CALL,591.6,592.45,588,590.2,3620,339200,9.180914,83500,83695.82
2025-07-09 10:36:00,ATM-2,PUT,293.6,297.25,293.6,295.45,5720,460800,10.21983,83500,83695.82
2025-07-09 10:36:00,ATM-1,CALL,530.65,530.8,526.05,528.7,5720,272400,9.168691,83600,83695.82
2025-07-09 10:36:00,ATM-1,PUT,333.2,337,333.15,336.15,4560,408480,10.23641,83600,83695.82
2025-07-09 10:36:00,ATM,CALL,475.1,475.8,471.05,471.85,12980,276680,9.175006,83700,83695.82
2025-07-09 10:36:00,ATM,PUT,377.15,380.85,376.35,379.85,10600,264900,10.240948,83700,83695.82
2025-07-09 10:36:00,ATM+1,CALL,423.15,423.3,418.2,420,11020,212220,9.205513,83800,83695.82
2025-07-09 10:36:00,ATM+1,PUT,425.45,428.6,424.1,426.2,4480,162800,10.224985,83800,83695.82
2025-07-09 10:36:00,ATM+2,CALL,373.5,373.55,369.1,370.75,4840,111020,9.204588,83900,83695.82
2025-07-09 10:36:00,ATM+2,PUT,475.5,479.75,475.5,476.9,2580,57000,10.227276,83900,83695.82
2025-07-09 10:36:00,ATM+3,CALL,327.05,328,324.2,324.6,11040,286660,9.184045,84000,83695.82
2025-07-09 10:36:00,ATM+3,PUT,529.7,534,529.7,532.6,1660,107480,10.263192,84000,83695.82
2025-07-09 10:36:00,ATM+4,CALL,286.5,287,282.95,284.15,2080,72680,9.205524,84100,83695.82
2025-07-09 10:36:00,ATM+4,PUT,590.6,590.6,590.6,590.6,40,15000,10.271691,84100,83695.82
2025-07-09 10:36:00,ATM+5,CALL,249.15,249.15,246.85,247.05,2960,106320,9.216961,84200,83695.82
2025-07-09 10:36:00,ATM+5,PUT,652,653.55,652,652.3,220,10180,10.286954,84200,83695.82
2025-07-09 10:36:00,ATM+6,CALL,216,216,212.9,213,2580,83620,9.213179,84300,83695.82
2025-07-09 10:36:00,ATM+6,PUT,721.1,721.1,717.8,719.9,160,5260,10.366807,84300,83695.82
2025-07-09 10:36:00,ATM+7,CALL,185.4,185.4,182.5,182.95,920,85740,9.221585,84400,83695.82
2025-07-09 10:36:00,ATM+7,PUT,784.45,787.2,784.45,787.2,40,5260,10.361688,84400,83695.82
2025-07-09 10:36:00,ATM+8,CALL,158.8,158.8,156.25,156.4,5860,202600,9.235179,84500,83695.82
2025-07-09 10:36:00,ATM+8,PUT,862.5,862.5,862.5,862.5,20,36640,10.489222,84500,83695.82
2025-07-09 10:36:00,ATM+9,CALL,135.3,135.3,133,133.9,1420,67360,9.277882,84600,83695.82
2025-07-09 10:36:00,ATM+9,PUT,940,940,940,940,20,2220,10.609258,84600,83695.82
2025-07-09 10:36:00,ATM+10,CALL,114.9,114.9,112.85,113.45,3720,90380,9.298483,84700,83695.82
2025-07-09 10:36:00,ATM+10,PUT,1004.45,1004.45,1004.45,1004.45,0,440,11.184221,84700,83695.82
2025-07-09 10:37:00,ATM-10,CALL,1220.15,1220.15,1220.15,1220.15,0,2100,8.658403,82700,83703.18
2025-07-09 10:37:00,ATM-10,PUT,96.65,98,96.65,96.85,720,74740,10.612149,82700,83703.18
2025-07-09 10:37:00,ATM-9,CALL,1105,1105,1105,1105,0,3120,8.852184,82800,83703.18
2025-07-09 10:37:00,ATM-9,PUT,111.8,113.2,111.8,112.25,320,80920,10.547716,82800,83703.18
2025-07-09 10:37:00,ATM-8,CALL,1018.45,1018.45,1018.45,1018.45,0,3580,8.775572,82900,83703.18
2025-07-09 10:37:00,ATM-8,PUT,129.2,130.7,129.2,129.55,680,68200,10.478914,82900,83703.18
2025-07-09 10:37:00,ATM-7,CALL,945.8,945.8,940,940,40,42820,8.696735,83000,83703.18
2025-07-09 10:37:00,ATM-7,PUT,149.85,151.4,149.85,149.85,4620,227940,10.434399,83000,83703.18
2025-07-09 10:37:00,ATM-6,CALL,860.1,860.1,860.1,860.1,320,7780,8.689612,83100,83703.18
2025-07-09 10:37:00,ATM-6,PUT,172.45,174.3,172.45,172.8,360,82600,10.394342,83100,83703.18
2025-07-09 10:37:00,ATM-5,CALL,794.8,794.8,794.8,794.8,0,12000,9.170024,83200,83703.18
2025-07-09 10:37:00,ATM-5,PUT,198.75,200.4,198.4,198.4,2460,96820,10.353052,83200,83703.18
2025-07-09 10:37:00,ATM-4,CALL,716.65,721.15,716,720.1,100,39320,8.954979,83300,83703.18
2025-07-09 10:37:00,ATM-4,PUT,230.3,230.3,228.1,228.7,360,263880,10.359291,83300,83703.18
2025-07-09 10:37:00,ATM-3,CALL,655.25,655.25,647,648,1320,53680,8.877951,83400,83703.18
2025-07-09 10:37:00,ATM-3,PUT,260.9,262.1,259.95,260.3,1760,130960,10.318725,83400,83703.18
2025-07-09 10:37:00,ATM-2,CALL,591.25,591.25,583.8,589,2880,339200,9.037892,83500,83703.18
2025-07-09 10:37:00,ATM-2,PUT,295.95,299.2,295.6,295.65,3240,460800,10.292079,83500,83703.18
2025-07-09 10:37:00,ATM-1,CALL,530.05,530.05,523.1,526.95,6320,272400,9.023556,83600,83703.18
2025-07-09 10:37:00,ATM-1,PUT,335.55,338.35,335.25,335.85,4260,408480,10.30116,83600,83703.18
2025-07-09 10:37:00,ATM,CALL,474,474,467.2,470.95,14300,276680,9.059261,83700,83703.18
2025-07-09 10:37:00,ATM,PUT,380,382.3,378.85,379.75,8000,264900,10.315295,83700,83703.18
2025-07-09 10:37:00,ATM+1,CALL,421.05,421.35,415.5,417,8740,212220,9.049351,83800,83703.18
2025-07-09 10:37:00,ATM+1,PUT,426.45,430,426.45,426.85,3480,162800,10.321974,83800,83703.18
2025-07-09 10:37:00,ATM+2,CALL,371.9,371.9,366,369.35,3660,111020,9.091941,83900,83703.18
2025-07-09 10:37:00,ATM+2,PUT,478.1,480.9,477.35,478.65,960,57000,10.355553,83900,83703.18
2025-07-09 10:37:00,ATM+3,CALL,321.75,325.4,320.9,323.6,4900,286660,9.086307,84000,83703.18
2025-07-09 10:37:00,ATM+3,PUT,531.5,535.75,531.5,532.8,960,107480,10.362541,84000,83703.18
2025-07-09 10:37:00,ATM+4,CALL,285.25,285.25,280.55,282.85,2820,72680,9.105442,84100,83703.18
2025-07-09 10:37:00,ATM+4,PUT,594.65,595.25,593.95,595.25,180,15000,10.48322,84100,83703.18
2025-07-09 10:37:00,ATM+5,CALL,247.75,248,244,246.15,1760,106320,9.130371,84200,83703.18
2025-07-09 10:37:00,ATM+5,PUT,652.3,652.3,652.3,652.3,0,10180,10.286954,84200,83703.18
2025-07-09 10:37:00,ATM+6,CALL,214.7,214.7,210.65,212.7,1460,83620,9.14512,84300,83703.18
2025-07-09 10:37:00,ATM+6,PUT,719.9,719.9,719.9,719.9,0,5260,10.366807,84300,83703.18
2025-07-09 10:37:00,ATM+7,CALL,183.8,183.8,181,182.15,1920,85740,9.143538,84400,83703.18
2025-07-09 10:37:00,ATM+7,PUT,787.2,787.2,787.2,787.2,0,5260,10.361688,84400,83703.18
2025-07-09 10:37:00,ATM+8,CALL,157.7,157.7,154.65,156,4300,202600,9.170504,84500,83703.18
2025-07-09 10:37:00,ATM+8,PUT,864.5,864.5,864.5,864.5,140,36640,10.684046,84500,83703.18
2025-07-09 10:37:00,ATM+9,CALL,132,134.05,131.55,133.3,2300,67360,9.209345,84600,83703.18
2025-07-09 10:37:00,ATM+9,PUT,940,940,940,940,0,2220,10.609258,84600,83703.18
2025-07-09 10:37:00,ATM+10,CALL,113.2,113.2,111.75,112.5,3520,90380,9.219821,84700,83703.18
2025-07-09 10:37:00,ATM+10,PUT,1004.45,1004.45,1004.45,1004.45,0,440,11.184221,84700,83703.18
2025-07-09 10:38:00,ATM-10,CALL,1220.15,1220.15,1220.15,1220.15,0,2100,8.658403,82700,83711.49
2025-07-09 10:38:00,ATM-10,PUT,97.3,97.3,95.35,95.9,2040,74740,10.626337,82700,83711.49
2025-07-09 10:38:00,ATM-9,CALL,1105,1105,1105,1105,100,3120,8.259619,82800,83711.49
2025-07-09 10:38:00,ATM-9,PUT,111.9,111.9,110.25,110.95,1040,80920,10.554525,82800,83711.49
2025-07-09 10:38:00,ATM-8,CALL,1030.7,1030.7,1030.7,1030.7,40,3580,8.742288,82900,83711.49
2025-07-09 10:38:00,ATM-8,PUT,130.2,130.2,126.75,128.3,580,68200,10.492979,82900,83711.49
2025-07-09 10:38:00,ATM-7,CALL,945,949.95,942.95,942.95,120,42820,8.56359,83000,83711.49
2025-07-09 10:38:00,ATM-7,PUT,150.4,150.6,147.75,148.4,3360,227940,10.447719,83000,83711.49
2025-07-09 10:38:00,ATM-6,CALL,861.15,868,861.15,868,60,7780,8.733357,83100,83711.49
2025-07-09 10:38:00,ATM-6,PUT,173.15,174.05,170.65,171.75,2220,82600,10.424769,83100,83711.49
2025-07-09 10:38:00,ATM-5,CALL,789.2,799.05,789.2,791.55,160,12000,8.741638,83200,83711.49
2025-07-09 10:38:00,ATM-5,PUT,198.3,199.6,194,196.9,3480,96820,10.376042,83200,83711.49
2025-07-09 10:38:00,ATM-4,CALL,720.1,726.95,719.9,721.5,440,39320,8.83245,83300,83711.49
2025-07-09 10:38:00,ATM-4,PUT,228.1,228.1,225.25,225.9,2380,263880,10.354077,83300,83711.49
2025-07-09 10:38:00,ATM-3,CALL,650,660.4,650,652.7,1060,53680,8.854064,83400,83711.49
2025-07-09 10:38:00,ATM-3,PUT,260.7,260.75,256,257.5,3360,130960,10.320255,83400,83711.49
2025-07-09 10:38:00,ATM-2,CALL,588,592.95,585.25,589.2,3580,339200,8.912709,83500,83711.49
2025-07-09 10:38:00,ATM-2,PUT,295.3,297.05,290.7,293.55,8980,460800,10.317124,83500,83711.49
2025-07-09 10:38:00,ATM-1,CALL,525.7,531,524.7,526.1,5380,272400,8.884959,83600,83711.49
2025-07-09 10:38:00,ATM-1,PUT,335.65,336.5,332.05,332.75,11340,408480,10.308732,83600,83711.49
2025-07-09 10:38:00,ATM,CALL,471.45,476.2,468.75,473.65,18660,276680,9.014032,83700,83711.49
2025-07-09 10:38:00,ATM,PUT,379.95,381.55,375.8,377,14580,264900,10.337605,83700,83711.49
2025-07-09 10:38:00,ATM+1,CALL,418.95,425,416.15,419.9,14300,212220,9.016885,83800,83711.49
2025-07-09 10:38:00,ATM+1,PUT,427.6,428,419.95,424.8,7060,162800,10.366924,83800,83711.49
2025-07-09 10:38:00,ATM+2,CALL,369,373.5,366.3,370.5,5160,111020,9.026945,83900,83711.49
2025-07-09 10:38:00,ATM+2,PUT,479,479,471.85,475.15,4080,57000,10.373865,83900,83711.49
2025-07-09 10:38:00,ATM+3,CALL,323.6,326.9,322,324.5,7900,286660,9.02259,84000,83711.49
2025-07-09 10:38:00,ATM+3,PUT,531.65,533.3,527.85,530.15,2340,107480,10.407368,84000,83711.49
2025-07-09 10:38:00,ATM+4,CALL,282.95,285.25,281.4,284.05,2440,72680,9.055245,84100,83711.49
2025-07-09 10:38:00,ATM+4,PUT,591.2,591.2,585.15,588.3,300,15000,10.434296,84100,83711.49
2025-07-09 10:38:00,ATM+5,CALL,246.7,250.95,244.65,247.05,3160,106320,9.079024,84200,83711.49
2025-07-09 10:38:00,ATM+5,PUT,654.25,654.25,645,645,80,10180,10.345927,84200,83711.49
2025-07-09 10:38:00,ATM+6,CALL,212.55,216.35,211.15,212.95,1680,83620,9.082933,84300,83711.49
2025-07-09 10:38:00,ATM+6,PUT,719,719,719,719,20,5260,10.597895,84300,83711.49
2025-07-09 10:38:00,ATM+7,CALL,181.75,186.05,181,182.9,2100,85740,9.099258,84400,83711.49
2025-07-09 10:38:00,ATM+7,PUT,787.2,787.2,787.2,787.2,0,5260,10.361688,84400,83711.49
2025-07-09 10:38:00,ATM+8,CALL,155.5,158.2,155,156.7,4260,202600,9.129786,84500,83711.49
2025-07-09 10:38:00,ATM+8,PUT,864.5,864.5,864.5,864.5,0,36640,10.684046,84500,83711.49
2025-07-09 10:38:00,ATM+9,CALL,132.25,135.3,132,133.4,1240,67360,9.155282,84600,83711.49
2025-07-09 10:38:00,ATM+9,PUT,935,935,935,935,20,2220,10.793871,84600,83711.49
2025-07-09 10:38:00,ATM+10,CALL,111.8,114.35,111.8,113.05,2140,90380,9.183744,84700,83711.49
2025-07-09 10:38:00,ATM+10,PUT,1004.45,1004.45,1004.45,1004.45,0,440,11.184221,84700,83711.49
2025-07-09 10:39:00,ATM-10,CALL,1220.15,1220.15,1220.15,1220.15,0,2100,8.658403,82700,83712.31
2025-07-09 10:39:00,ATM-10,PUT,95.7,96.05,94.05,95.35,1360,75600,10.610738,82700,83712.31
2025-07-09 10:39:00,ATM-9,CALL,1105,1105,1105,1105,0,3120,8.259619,82800,83712.31
2025-07-09 10:39:00,ATM-9,PUT,110.5,111,109.1,110.1,2360,81140,10.530117,82800,83712.31
2025-07-09 10:39:00,ATM-8,CALL,1028.95,1028.95,1028.95,1028.95,40,3560,8.649323,82900,83712.31
2025-07-09 10:39:00,ATM-8,PUT,128,128.3,126.3,127.85,340,68340,10.484064,82900,83712.31
2025-07-09 10:39:00,ATM-7,CALL,947.15,947.15,947.15,947.15,20,42780,8.687818,83000,83712.31
2025-07-09 10:39:00,ATM-7,PUT,147.95,148.95,146.3,147.85,6000,227080,10.436967,83000,83712.31
2025-07-09 10:39:00,ATM-6,CALL,867,867,867,867,120,7860,8.682076,83100,83712.31
2025-07-09 10:39:00,ATM-6,PUT,170.8,171.65,168.5,170.7,1620,82620,10.400917,83100,83712.31
2025-07-09 10:39:00,ATM-5,CALL,794.05,798.25,794.05,798.25,220,12040,8.919275,83200,83712.31
2025-07-09 10:39:00,ATM-5,PUT,195.95,196.95,193.9,196,2000,95440,10.358186,83200,83712.31
2025-07-09 10:39:00,ATM-4,CALL,723,724.5,723,724.5,40,39320,8.898752,83300,83712.31
2025-07-09 10:39:00,ATM-4,PUT,226.4,226.4,223.25,225.4,1460,263800,10.348117,83300,83712.31
2025-07-09 10:39:00,ATM-3,CALL,654.9,659,652.85,654.9,680,53420,8.897018,83400,83712.31
2025-07-09 10:39:00,ATM-3,PUT,256.85,257.65,254.3,257.3,6260,131940,10.32268,83400,83712.31
2025-07-09 10:39:00,ATM-2,CALL,590.05,594.85,588.55,591.65,5400,349480,8.96072,83500,83712.31
2025-07-09 10:39:00,ATM-2,PUT,293.1,293.9,289.2,292.9,8540,460040,10.309248,83500,83712.31
2025-07-09 10:39:00,ATM-1,CALL,528.85,531.85,525.9,529.1,7880,273580,8.945284,83600,83712.31
2025-07-09 10:39:00,ATM-1,PUT,333.3,333.3,328.45,332.65,8480,409600,10.314691,83600,83712.31
2025-07-09 10:39:00,ATM,CALL,472.55,475.85,471.05,473.05,13760,281300,8.99,83700,83712.31
2025-07-09 10:39:00,ATM,PUT,375.65,377,371.45,375.25,15280,268140,10.305832,83700,83712.31
2025-07-09 10:39:00,ATM+1,CALL,419.4,424.2,419,420,9420,215640,9.009987,83800,83712.31
2025-07-09 10:39:00,ATM+1,PUT,423,424.9,418.65,423.15,9080,161680,10.338389,83800,83712.31
2025-07-09 10:39:00,ATM+2,CALL,371.2,373.75,369.9,371.6,5980,113100,9.043793,83900,83712.31
2025-07-09 10:39:00,ATM+2,PUT,473.8,475.8,470,474.6,1560,58140,10.37129,83900,83712.31
2025-07-09 10:39:00,ATM+3,CALL,325.9,328,324.4,325.4,8920,286540,9.035699,84000,83712.31
2025-07-09 10:39:00,ATM+3,PUT,528.5,531.3,524,529.5,3460,106720,10.403108,84000,83712.31
2025-07-09 10:39:00,ATM+4,CALL,285.6,287.5,283.35,285,1080,73280,9.070527,84100,83712.31
2025-07-09 10:39:00,ATM+4,PUT,585.35,587.35,584.4,586.8,320,15020,10.410661,84100,83712.31
2025-07-09 10:39:00,ATM+5,CALL,247.35,249.7,246.6,248.4,3440,108740,9.105227,84200,83712.31
2025-07-09 10:39:00,ATM+5,PUT,646.05,646.05,646.05,646.05,200,10180,10.38363,84200,83712.31
2025-07-09 10:39:00,ATM+6,CALL,214.05,215.85,213.2,214,1160,84420,9.103319,84300,83712.31
2025-07-09 10:39:00,ATM+6,PUT,719,719,719,719,0,5260,10.597895,84300,83712.31
2025-07-09 10:39:00,ATM+7,CALL,183.75,185.75,182.8,183.7,5640,86500,9.11474,84400,83712.31
2025-07-09 10:39:00,ATM+7,PUT,787.2,787.2,787.2,787.2,0,5260,10.361688,84400,83712.31
2025-07-09 10:39:00,ATM+8,CALL,157.05,159,156.8,157.25,5080,204700,9.139859,84500,83712.31
2025-07-09 10:39:00,ATM+8,PUT,852.55,852.55,852.55,852.55,20,36680,10.538235,84500,83712.31
2025-07-09 10:39:00,ATM+9,CALL,134.2,135.5,133.6,134.25,3360,67160,9.175782,84600,83712.31
2025-07-09 10:39:00,ATM+9,PUT,935,935,935,935,0,2220,10.793871,84600,83712.31
2025-07-09 10:39:00,ATM+10,CALL,113.75,114.9,113.25,113.8,2020,89200,9.203303,84700,83712.31
2025-07-09 10:39:00,ATM+10,PUT,1004.45,1004.45,1004.45,1004.45,0,440,11.184221,84700,83712.31
2025-07-09 10:40:00,ATM-10,CALL,1220.15,1220.15,1220.15,1220.15,0,2100,8.658403,82700,83704.53
2025-07-09 10:40:00,ATM-10,PUT,95.55,96.8,95.55,96.3,800,75600,10.600861,82700,83704.53
2025-07-09 10:40:00,ATM-9,CALL,1105,1105,1105,1105,0,3120,8.259619,82800,83704.53
2025-07-09 10:40:00,ATM-9,PUT,110.15,111.2,110.05,110.75,580,81140,10.504933,82800,83704.53
2025-07-09 10:40:00,ATM-8,CALL,1021.4,1021.4,1021.4,1021.4,40,3560,8.612918,82900,83704.53
2025-07-09 10:40:00,ATM-8,PUT,128.45,129.3,127.75,129.15,1080,68340,10.476163,82900,83704.53
2025-07-09 10:40:00,ATM-7,CALL,945.25,945.25,942.25,943.6,180,42780,8.785312,83000,83704.53
2025-07-09 10:40:00,ATM-7,PUT,148.15,149.85,147.75,149.4,3440,227080,10.431394,83000,83704.53
2025-07-09 10:40:00,ATM-6,CALL,865.7,865.7,863.4,863.4,60,7860,8.762612,83100,83704.53
2025-07-09 10:40:00,ATM-6,PUT,170.85,173,170.8,172.3,2420,82620,10.391174,83100,83704.53
2025-07-09 10:40:00,ATM-5,CALL,792,792,790.55,790.55,60,12040,8.866448,83200,83704.53
2025-07-09 10:40:00,ATM-5,PUT,197.25,198.9,196,198.1,1980,95440,10.35658,83200,83704.53
2025-07-09 10:40:00,ATM-4,CALL,721.05,722.9,721.05,722,140,39320,8.982621,83300,83704.53
2025-07-09 10:40:00,ATM-4,PUT,225.75,227.65,225,227,1180,263800,10.327474,83300,83704.53
2025-07-09 10:40:00,ATM-3,CALL,652.75,658.2,650.75,656,2860,53420,9.061378,83400,83704.53
2025-07-09 10:40:00,ATM-3,PUT,257.7,260.1,257.7,258.3,1820,131940,10.281733,83400,83704.53
2025-07-09 10:40:00,ATM-2,CALL,589.6,593,587.65,589.85,6100,349480,9.039824,83500,83704.53
2025-07-09 10:40:00,ATM-2,PUT,293.95,295.25,292.4,294.2,7540,460040,10.270621,83500,83704.53
2025-07-09 10:40:00,ATM-1,CALL,528.9,529.95,525.1,528,5380,273580,9.031413,83600,83704.53
2025-07-09 10:40:00,ATM-1,PUT,333.8,335.55,332,333.9,6220,409600,10.269528,83600,83704.53
2025-07-09 10:40:00,ATM,CALL,473.25,475.95,470.15,473.15,14200,281300,9.094937,83700,83704.53
2025-07-09 10:40:00,ATM,PUT,376.35,380,375.65,377.85,9160,268140,10.286419,83700,83704.53
2025-07-09 10:40:00,ATM+1,CALL,420,423,418,421.25,9820,215640,9.133036,83800,83704.53
2025-07-09 10:40:00,ATM+1,PUT,424.65,427.65,422.8,425.45,4900,161680,10.305907,83800,83704.53
2025-07-09 10:40:00,ATM+2,CALL,370.65,373,369.25,370.5,6160,113100,9.105513,83900,83704.53
2025-07-09 10:40:00,ATM+2,PUT,475,479.25,474.75,475,1460,58140,10.288819,83900,83704.53
2025-07-09 10:40:00,ATM+3,CALL,325.5,327.6,323.4,325.75,8820,286540,9.124432,84000,83704.53
2025-07-09 10:40:00,ATM+3,PUT,529.7,532.95,529.1,530.3,5760,106720,10.322991,84000,83704.53
2025-07-09 10:40:00,ATM+4,CALL,284.3,286.6,282.8,284.45,1980,73280,9.132475,84100,83704.53
2025-07-09 10:40:00,ATM+4,PUT,590.8,591.05,588,591.05,280,15020,10.404137,84100,83704.53
2025-07-09 10:40:00,ATM+5,CALL,246.8,249.3,245.8,248.9,2560,108740,9.187416,84200,83704.53
2025-07-09 10:40:00,ATM+5,PUT,649.9,649.9,649.9,649.9,20,10180,10.360915,84200,83704.53
2025-07-09 10:40:00,ATM+6,CALL,212.75,215.45,212.6,214.4,2880,84420,9.17896,84300,83704.53
2025-07-09 10:40:00,ATM+6,PUT,719.3,719.3,719.3,719.3,20,5200,10.494375,84300,83704.53
2025-07-09 10:40:00,ATM+7,CALL,183.5,184.2,182.55,184.1,1500,86500,9.186879,84400,83704.53
2025-07-09 10:40:00,ATM+7,PUT,787.65,787.65,787.65,787.65,40,5220,10.528137,84400,83704.53
2025-07-09 10:40:00,ATM+8,CALL,157.8,158.25,156.2,157.6,3320,204700,9.207654,84500,83704.53
2025-07-09 10:40:00,ATM+8,PUT,862.4,862.4,862.4,862.4,80,36680,10.654364,84500,83704.53
2025-07-09 10:40:00,ATM+9,CALL,134.3,135.05,133,134.25,3300,67160,9.230519,84600,83704.53
2025-07-09 10:40:00,ATM+9,PUT,935,935,935,935,0,2220,10.793871,84600,83704.53
2025-07-09 10:40:00,ATM+10,CALL,113.6,114.45,113,113.85,1900,89200,9.256772,84700,83704.53
2025-07-09 10:40:00,ATM+10,PUT,1017.3,1017.3,1017.3,1017.3,20,420,10.853709,84700,83704.53
2025-07-09 10:41:00,ATM-10,CALL,1220.15,1220.15,1220.15,1220.15,0,2100,8.658403,82700,83707.07
2025-07-09 10:41:00,ATM-10,PUT,97.2,97.6,95.2,96.5,640,75600,10.624198,82700,83707.07
2025-07-09 10:41:00,ATM-9,CALL,1105,1112,1105,1112,40,3120,8.743343,82800,83707.07
2025-07-09 10:41:00,ATM-9,PUT,112.4,113,110.2,111.1,2320,81140,10.533641,82800,83707.07
2025-07-09 10:41:00,ATM-8,CALL,1021.4,1021.4,1021.4,1021.4,0,3560,8.612918,82900,83707.07
2025-07-09 10:41:00,ATM-8,PUT,129.9,130.45,127.3,128.9,1580,68340,10.485129,82900,83707.07
2025-07-09 10:41:00,ATM-7,CALL,940,940,935.35,935.35,1040,42780,8.426472,83000,83707.07
2025-07-09 10:41:00,ATM-7,PUT,149.7,151.5,147.85,149.2,3520,227080,10.44324,83000,83707.07
2025-07-09 10:41:00,ATM-6,CALL,873.15,873.15,873.15,873.15,20,7860,9.005226,83100,83707.07
2025-07-09 10:41:00,ATM-6,PUT,172.35,174.6,170.2,171.05,1820,82620,10.374092,83100,83707.07
2025-07-09 10:41:00,ATM-5,CALL,787.75,799,787.75,799,60,12040,9.055623,83200,83707.07
2025-07-09 10:41:00,ATM-5,PUT,197.85,200.5,195.65,197.45,3360,95440,10.358732,83200,83707.07
2025-07-09 10:41:00,ATM-4,CALL,714.95,726.65,714.95,726.5,840,39320,9.05581,83300,83707.07
2025-07-09 10:41:00,ATM-4,PUT,228,230.6,224.95,227.25,3220,263800,10.3549,83300,83707.07
2025-07-09 10:41:00,ATM-3,CALL,653.75,661.55,646.05,660.3,2380,53420,9.128029,83400,83707.07
2025-07-09 10:41:00,ATM-3,PUT,259.75,263.5,256.7,258.2,2040,131940,10.30137,83400,83707.07
2025-07-09 10:41:00,ATM-2,CALL,589.4,597.25,582.5,595.55,5920,349480,9.140382,83500,83707.07
2025-07-09 10:41:00,ATM-2,PUT,294.65,298.85,291.9,294.55,11760,460040,10.302555,83500,83707.07
2025-07-09 10:41:00,ATM-1,CALL,527.55,535,520.7,531.65,11000,273580,9.082545,83600,83707.07
2025-07-09 10:41:00,ATM-1,PUT,333.85,338.6,331.6,333.55,9280,409600,10.286242,83600,83707.07
2025-07-09 10:41:00,ATM,CALL,473.35,479,467,476.2,17660,281300,9.133408,83700,83707.07
2025-07-09 10:41:00,ATM,PUT,377.6,383,375.1,377.55,15600,268140,10.306085,83700,83707.07
2025-07-09 10:41:00,ATM+1,CALL,420,426,414.65,423.55,14620,215640,9.156174,83800,83707.07
2025-07-09 10:41:00,ATM+1,PUT,426,431.65,422.8,425.2,7160,161680,10.328618,83800,83707.07
2025-07-09 10:41:00,ATM+2,CALL,371.55,376.15,366,375.85,7400,113100,9.201104,83900,83707.07
2025-07-09 10:41:00,ATM+2,PUT,477.05,481.7,473.5,475.85,1960,58140,10.338865,83900,83707.07
2025-07-09 10:41:00,ATM+3,CALL,325.15,330.2,320.1,329.15,9780,286540,9.177982,84000,83707.07
2025-07-09 10:41:00,ATM+3,PUT,529.9,536.9,526.05,529.1,5320,106720,10.327975,84000,83707.07
2025-07-09 10:41:00,ATM+4,CALL,284.95,289.45,280.6,288.6,2720,73280,9.20714,84100,83707.07
2025-07-09 10:41:00,ATM+4,PUT,591.7,591.7,587.85,588.35,140,15020,10.375953,84100,83707.07
2025-07-09 10:41:00,ATM+5,CALL,247.85,252,244,251.8,4380,108740,9.236088,84200,83707.07
2025-07-09 10:41:00,ATM+5,PUT,649.9,649.9,649.9,649.9,0,10180,10.360915,84200,83707.07
2025-07-09 10:41:00,ATM+6,CALL,214.15,218.1,211.35,218.1,1980,84420,9.252121,84300,83707.07
2025-07-09 10:41:00,ATM+6,PUT,716.95,716.95,716.95,716.95,200,5200,10.477424,84300,83707.07
2025-07-09 10:41:00,ATM+7,CALL,183.7,187.25,180.95,187,2460,86500,9.244721,84400,83707.07
2025-07-09 10:41:00,ATM+7,PUT,783.35,783.35,783.35,783.35,20,5220,10.462462,84400,83707.07
2025-07-09 10:41:00,ATM+8,CALL,156.95,160.45,155,159.95,4220,204700,9.255721,84500,83707.07
2025-07-09 10:41:00,ATM+8,PUT,865,869,858.15,858.15,100,36680,10.589154,84500,83707.07
2025-07-09 10:41:00,ATM+9,CALL,132.3,136.7,131.75,136.4,920,67160,9.278133,84600,83707.07
2025-07-09 10:41:00,ATM+9,PUT,935,935,935,935,0,2220,10.793871,84600,83707.07
2025-07-09 10:41:00,ATM+10,CALL,113.65,116.05,111.9,116,3040,89200,9.310319,84700,83707.07
2025-07-09 10:41:00,ATM+10,PUT,1015.9,1015.9,1014.8,1014.8,40,420,10.837179,84700,83707.07
2025-07-09 10:42:00,ATM-10,CALL,1220.15,1220.15,1220.15,1220.15,0,2100,8.658403,82700,83722.49
2025-07-09 10:42:00,ATM-10,PUT,96.5,97.05,95.95,95.95,1140,75760,10.696045,82700,83722.49
2025-07-09 10:42:00,ATM-9,CALL,1112,1112,1112,1112,20,3120,8.13628,82800,83722.49
2025-07-09 10:42:00,ATM-9,PUT,112.1,112.45,111,111.3,2160,82900,10.637559,82800,83722.49
2025-07-09 10:42:00,ATM-8,CALL,1021.4,1021.4,1021.4,1021.4,0,3560,8.612918,82900,83722.49
2025-07-09 10:42:00,ATM-8,PUT,129.6,130,128.65,129.1,480,68580,10.593075,82900,83722.49
2025-07-09 10:42:00,ATM-7,CALL,949,953.7,949,953.7,200,42820,8.627319,83000,83722.49
2025-07-09 10:42:00,ATM-7,PUT,149.8,150.75,148,148,3440,228040,10.512742,83000,83722.49
2025-07-09 10:42:00,ATM-6,CALL,874.3,874.3,872.7,872.7,360,7860,8.60919,83100,83722.49
2025-07-09 10:42:00,ATM-6,PUT,173.25,173.25,170.2,170.2,140,83260,10.461207,83100,83722.49
2025-07-09 10:42:00,ATM-5,CALL,793.1,800,793.1,796,120,12240,8.630348,83200,83722.49
2025-07-09 10:42:00,ATM-5,PUT,199.4,199.4,196.8,197.4,540,95440,10.475138,83200,83722.49
2025-07-09 10:42:00,ATM-4,CALL,721.65,730,721.65,730,560,39320,8.851128,83300,83722.49
2025-07-09 10:42:00,ATM-4,PUT,229,229,224.65,224.65,480,264560,10.4116,83300,83722.49
2025-07-09 10:42:00,ATM-3,CALL,658.5,661.55,654,660.95,1640,53640,8.875662,83400,83722.49
2025-07-09 10:42:00,ATM-3,PUT,259.05,260.7,256.25,256.25,700,131940,10.384204,83400,83722.49
2025-07-09 10:42:00,ATM-2,CALL,592,599,590.05,599,7580,349480,8.982134,83500,83722.49
2025-07-09 10:42:00,ATM-2,PUT,295.65,296.95,292.4,292.4,9500,456900,10.39027,83500,83722.49
2025-07-09 10:42:00,ATM-1,CALL,530.25,536,527.55,536,5960,273440,8.964641,83600,83722.49
2025-07-09 10:42:00,ATM-1,PUT,334.2,337.1,330.55,330.55,3840,409600,10.364082,83600,83722.49
2025-07-09 10:42:00,ATM,CALL,477.2,481.95,472.1,480.55,18200,281460,9.032447,83700,83722.49
2025-07-09 10:42:00,ATM,PUT,378.65,381.2,373.45,373.45,9080,266200,10.369554,83700,83722.49
2025-07-09 10:42:00,ATM+1,CALL,422.05,428.7,419.65,428.7,16280,215580,9.088994,83800,83722.49
2025-07-09 10:42:00,ATM+1,PUT,426,429,422.25,422.25,4100,160140,10.430475,83800,83722.49
2025-07-09 10:42:00,ATM+2,CALL,372.9,378.3,370.85,378.3,8580,114640,9.08609,83900,83722.49
2025-07-09 10:42:00,ATM+2,PUT,477.8,479.85,472.5,472.5,1860,57680,10.443852,83900,83722.49
2025-07-09 10:42:00,ATM+3,CALL,327.5,332.4,325.2,332.4,10680,289320,9.094713,84000,83722.49
2025-07-09 10:42:00,ATM+3,PUT,529.75,534.65,525,525,2120,106740,10.428791,84000,83722.49
2025-07-09 10:42:00,ATM+4,CALL,286.25,291.45,285.5,291.45,5720,73660,9.126991,84100,83722.49
2025-07-09 10:42:00,ATM+4,PUT,593.95,593.95,585.9,585.9,340,15200,10.529196,84100,83722.49
2025-07-09 10:42:00,ATM+5,CALL,249,253.35,248.4,253.35,3780,108420,9.136196,84200,83722.49
2025-07-09 10:42:00,ATM+5,PUT,649.9,649.9,649.9,649.9,0,10180,10.360915,84200,83722.49
2025-07-09 10:42:00,ATM+6,CALL,217.05,219.45,214.6,219.45,1780,84480,9.15747,84300,83722.49
2025-07-09 10:42:00,ATM+6,PUT,716.95,716.95,716.95,716.95,0,5200,10.477424,84300,83722.49
2025-07-09 10:42:00,ATM+7,CALL,185.9,188.3,184.45,188.3,1860,85700,9.15842,84400,83722.49
2025-07-09 10:42:00,ATM+7,PUT,783.35,783.35,783.35,783.35,0,5220,10.462462,84400,83722.49
2025-07-09 10:42:00,ATM+8,CALL,159.45,161.55,157.85,161.2,3240,207640,9.177152,84500,83722.49
2025-07-09 10:42:00,ATM+8,PUT,861.1,861.1,858.3,858.3,40,36720,10.882223,84500,83722.49
2025-07-09 10:42:00,ATM+9,CALL,135.35,137.15,134.65,137.1,3240,68320,9.191897,84600,83722.49
2025-07-09 10:42:00,ATM+9,PUT,935,935,935,935,0,2220,10.793871,84600,83722.49
2025-07-09 10:42:00,ATM+10,CALL,115,116.65,113.75,116.65,2060,90740,9.22978,84700,83722.49
2025-07-09 10:42:00,ATM+10,PUT,1014.8,1014.8,1014.8,1014.8,0,420,10.837179,84700,83722.49
2025-07-09 10:43:00,ATM-10,CALL,1220.15,1220.15,1220.15,1220.15,0,2100,8.658403,82700,83712.26
2025-07-09 10:43:00,ATM-10,PUT,96.45,96.6,95.15,95.95,1080,75760,10.63535,82700,83712.26
2025-07-09 10:43:00,ATM-9,CALL,1112,1112,1112,1112,0,3120,8.13628,82800,83712.26
2025-07-09 10:43:00,ATM-9,PUT,110.8,111.45,110,110.65,1360,82900,10.551202,82800,83712.26
2025-07-09 10:43:00,ATM-8,CALL,1021.4,1021.4,1021.4,1021.4,0,3560,8.612918,82900,83712.26
2025-07-09 10:43:00,ATM-8,PUT,128.5,128.5,126.9,126.9,180,68580,10.45445,82900,83712.26
2025-07-09 10:43:00,ATM-7,CALL,953.7,954,950.15,954,280,42820,8.928494,83000,83712.26
2025-07-09 10:43:00,ATM-7,PUT,148.7,149.2,147,148.5,3100,228040,10.458443,83000,83712.26
2025-07-09 10:43:00,ATM-6,CALL,872.7,872.7,872.7,872.7,0,7860,8.60919,83100,83712.26
2025-07-09 10:43:00,ATM-6,PUT,170.7,171.75,169.55,171,1320,83260,10.411069,83100,83712.26
2025-07-09 10:43:00,ATM-5,CALL,800.9,800.9,800.9,800.9,20,12240,9.000287,83200,83712.26
2025-07-09 10:43:00,ATM-5,PUT,196,197.45,194.6,195.7,1360,95440,10.351447,83200,83712.26
2025-07-09 10:43:00,ATM-4,CALL,729.95,733,727.6,731.6,840,39320,9.095035,83300,83712.26
2025-07-09 10:43:00,ATM-4,PUT,225.35,226.25,223.65,225.25,1100,264560,10.345614,83300,83712.26
2025-07-09 10:43:00,ATM-3,CALL,660.15,664.85,658.3,661.75,1360,53640,9.076749,83400,83712.26
2025-07-09 10:43:00,ATM-3,PUT,257.8,258.3,255,256.1,1060,131940,10.294015,83400,83712.26
2025-07-09 10:43:00,ATM-2,CALL,597.9,600,594,597.45,5620,349480,9.106994,83500,83712.26
2025-07-09 10:43:00,ATM-2,PUT,292.4,293.8,289.65,290.55,9040,456900,10.253641,83500,83712.26
2025-07-09 10:43:00,ATM-1,CALL,534.1,537.5,531.85,535,9300,273440,9.089303,83600,83712.26
2025-07-09 10:43:00,ATM-1,PUT,331,333,328.9,331.05,6660,409600,10.278125,83600,83712.26
2025-07-09 10:43:00,ATM,CALL,480.35,482,476.9,479.7,15560,281460,9.148309,83700,83712.26
2025-07-09 10:43:00,ATM,PUT,375,376.8,371.35,374,10960,266200,10.277945,83700,83712.26
2025-07-09 10:43:00,ATM+1,CALL,426.4,429.2,424,426.35,15060,215580,9.159539,83800,83712.26
2025-07-09 10:43:00,ATM+1,PUT,421.8,423.75,418.75,422.7,6340,160140,10.329092,83800,83712.26
2025-07-09 10:43:00,ATM+2,CALL,377.5,379,374.25,376.8,7440,114640,9.166648,83900,83712.26
2025-07-09 10:43:00,ATM+2,PUT,472.15,474.45,468.95,471,2940,57680,10.289503,83900,83712.26
2025-07-09 10:43:00,ATM+3,CALL,331.5,333,329,331.95,17920,289320,9.190862,84000,83712.26
2025-07-09 10:43:00,ATM+3,PUT,525.95,528.7,523.5,526,2200,106740,10.322974,84000,83712.26
2025-07-09 10:43:00,ATM+4,CALL,289.95,291.65,287.5,291,4740,73660,9.215503,84100,83712.26
2025-07-09 10:43:00,ATM+4,PUT,584.7,586,582.05,586,780,15200,10.392641,84100,83712.26
2025-07-09 10:43:00,ATM+5,CALL,252.65,253.85,250.05,252,4160,108420,9.195874,84200,83712.26
2025-07-09 10:43:00,ATM+5,PUT,647.25,647.5,647.25,647.35,60,10160,10.415472,84200,83712.26
2025-07-09 10:43:00,ATM+6,CALL,218.1,219.35,216.3,218.1,1260,84480,9.209986,84300,83712.26
2025-07-09 10:43:00,ATM+6,PUT,712.95,712.95,711.45,711.45,80,5220,10.425428,84300,83712.26
2025-07-09 10:43:00,ATM+7,CALL,188,188.55,185.85,187.35,2120,85700,9.214527,84400,83712.26
2025-07-09 10:43:00,ATM+7,PUT,780,780.7,780,780.7,60,5220,10.485762,84400,83712.26
2025-07-09 10:43:00,ATM+8,CALL,160.9,161.6,159.1,160.55,4200,207640,9.235458,84500,83712.26
2025-07-09 10:43:00,ATM+8,PUT,855.85,856.35,850,850.35,800,36720,10.479523,84500,83712.26
2025-07-09 10:43:00,ATM+9,CALL,136.35,137.55,135.55,136.75,1800,68320,9.253651,84600,83712.26
2025-07-09 10:43:00,ATM+9,PUT,935,935,935,935,20,2240,10.810975,84600,83712.26
2025-07-09 10:43:00,ATM+10,CALL,115.9,116.5,114.6,115.9,3380,90740,9.274035,84700,83712.26
2025-07-09 10:43:00,ATM+10,PUT,1014.8,1014.8,1014.8,1014.8,0,420,10.837179,84700,83712.26
2025-07-09 10:44:00,ATM-10,CALL,1220.15,1220.15,1220.15,1220.15,0,2100,8.658403,82700,83708.5
2025-07-09 10:44:00,ATM-10,PUT,96.7,96.8,96.2,96.2,320,75760,10.622854,82700,83708.5
2025-07-09 10:44:00,ATM-9,CALL,1112,1112,1112,1112,0,3120,8.13628,82800,83708.5
2025-07-09 10:44:00,ATM-9,PUT,111.7,111.75,110.8,111,460,82900,10.540534,82800,83708.5
2025-07-09 10:44:00,ATM-8,CALL,1021.4,1021.4,1021.4,1021.4,0,3560,8.612918,82900,83708.5
2025-07-09 10:44:00,ATM-8,PUT,129.4,129.4,128.05,128.05,400,68580,10.468114,82900,83708.5
2025-07-09 10:44:00,ATM-7,CALL,950,951.2,950,951.2,120,42820,8.937968,83000,83708.5
2025-07-09 10:44:00,ATM-7,PUT,149.1,149.55,148.3,148.8,3000,228040,10.44227,83000,83708.5
2025-07-09 10:44:00,ATM-6,CALL,872.7,872.7,872.7,872.7,0,7860,8.60919,83100,83708.5
2025-07-09 10:44:00,ATM-6,PUT,172.2,172.45,170.55,171.2,820,83260,10.390139,83100,83708.5
2025-07-09 10:44:00,ATM-5,CALL,798,798.25,798,798.25,60,12240,9.005935,83200,83708.5
2025-07-09 10:44:00,ATM-5,PUT,196.7,198.25,196.7,196.95,600,95440,10.357387,83200,83708.5
2025-07-09 10:44:00,ATM-4,CALL,731.6,731.6,731.6,731.6,0,39320,9.095035,83300,83708.5
2025-07-09 10:44:00,ATM-4,PUT,225.6,227.75,225.6,226.25,840,264560,10.341808,83300,83708.5
2025-07-09 10:44:00,ATM-3,CALL,660,662.3,658.1,660,520,53640,9.098004,83400,83708.5
2025-07-09 10:44:00,ATM-3,PUT,258.4,259.75,257.35,257.35,520,131940,10.293667,83400,83708.5
2025-07-09 10:44:00,ATM-2,CALL,596.1,597.45,593,596.8,4100,349480,9.150876,83500,83708.5
2025-07-09 10:44:00,ATM-2,PUT,292.95,294.5,292.35,293.4,7820,456900,10.289014,83500,83708.5
2025-07-09 10:44:00,ATM-1,CALL,535.15,535.25,531.65,533.7,5160,273440,9.113004,83600,83708.5
2025-07-09 10:44:00,ATM-1,PUT,331.8,333.6,331.25,332.45,5300,409600,10.275357,83600,83708.5
2025-07-09 10:44:00,ATM,CALL,477.25,479.8,476,478.25,7300,281460,9.16455,83700,83708.5
2025-07-09 10:44:00,ATM,PUT,376.4,377.45,375.3,376.65,4880,266200,10.301178,83700,83708.5
2025-07-09 10:44:00,ATM+1,CALL,426.35,427,422.6,423.85,11680,215580,9.147995,83800,83708.5
2025-07-09 10:44:00,ATM+1,PUT,424.8,426,423,424,5480,160140,10.31799,83800,83708.5
2025-07-09 10:44:00,ATM+2,CALL,377,377,373.6,375.5,4120,114640,9.179253,83900,83708.5
2025-07-09 10:44:00,ATM+2,PUT,474.75,475.2,473.8,474.35,480,57680,10.322471,83900,83708.5
2025-07-09 10:44:00,ATM+3,CALL,331.45,331.45,327.5,330,5120,289320,9.185037,84000,83708.5
2025-07-09 10:44:00,ATM+3,PUT,529.1,530.6,526.5,527.4,2000,106740,10.307942,84000,83708.5
2025-07-09 10:44:00,ATM+4,CALL,289.15,290,286.55,288.35,2960,73660,9.189545,84100,83708.5
2025-07-09 10:44:00,ATM+4,PUT,585.2,587.7,585.2,587,220,15200,10.364946,84100,83708.5
2025-07-09 10:44:00,ATM+5,CALL,251.25,251.65,249,251,1200,108420,9.205813,84200,83708.5
2025-07-09 10:44:00,ATM+5,PUT,647.35,647.35,647.35,647.35,0,10160,10.415472,84200,83708.5
2025-07-09 10:44:00,ATM+6,CALL,217.4,217.95,215.2,216.6,1120,84480,9.204166,84300,83708.5
2025-07-09 10:44:00,ATM+6,PUT,711.45,711.45,711.45,711.45,0,5220,10.425428,84300,83708.5
2025-07-09 10:44:00,ATM+7,CALL,186,186.55,184.95,186.05,680,85700,9.210206,84400,83708.5
2025-07-09 10:44:00,ATM+7,PUT,782,782,782,782,100,5220,10.453736,84400,83708.5
2025-07-09 10:44:00,ATM+8,CALL,160,160.05,158.2,159.6,6200,207640,9.237227,84500,83708.5
2025-07-09 10:44:00,ATM+8,PUT,854.25,854.25,854.25,854.25,20,36720,10.51272,84500,83708.5
2025-07-09 10:44:00,ATM+9,CALL,136.05,136.45,134.6,135.65,2080,68320,9.24753,84600,83708.5
2025-07-09 10:44:00,ATM+9,PUT,935,935,935,935,0,2240,10.810975,84600,83708.5
2025-07-09 10:44:00,ATM+10,CALL,115.9,115.9,114.3,115.3,1940,90740,9.280119,84700,83708.5
2025-07-09 10:44:00,ATM+10,PUT,1014.8,1014.8,1014.8,1014.8,0,420,10.837179,84700,83708.5
2025-07-09 10:45:00,ATM-10,CALL,1220.15,1220.15,1220.15,1220.15,0,2100,8.658403,82700,83715.85
2025-07-09 10:45:00,ATM-10,PUT,95.7,95.95,94.45,95.95,3140,76080,10.65784,82700,83715.85
2025-07-09 10:45:00,ATM-9,CALL,1112,1112,1112,1112,0,3120,8.13628,82800,83715.85
2025-07-09 10:45:00,ATM-9,PUT,110.8,110.8,108.85,110.65,800,83260,10.574607,82800,83715.85
2025-07-09 10:45:00,ATM-8,CALL,1021.4,1021.4,1021.4,1021.4,0,3560,8.612918,82900,83715.85
2025-07-09 10:45:00,ATM-8,PUT,127.9,128.4,126.25,127.3,1080,69600,10.492008,82900,83715.85
2025-07-09 10:45:00,ATM-7,CALL,957,959.75,952,952.05,1020,42120,8.762969,83000,83715.85
2025-07-09 10:45:00,ATM-7,PUT,148,149,146.35,147.45,2100,229500,10.451806,83000,83715.85
2025-07-09 10:45:00,ATM-6,CALL,874.8,880.4,874.8,877.05,80,7560,8.916448,83100,83715.85
2025-07-09 10:45:00,ATM-6,PUT,170.7,170.7,168.65,170.1,2520,83660,10.411929,83100,83715.85
2025-07-09 10:45:00,ATM-5,CALL,806.35,808,801.35,801.35,100,12180,8.937007,83200,83715.85
2025-07-09 10:45:00,ATM-5,PUT,196.85,197.2,194.4,195.05,4240,96660,10.361868,83200,83715.85
2025-07-09 10:45:00,ATM-4,CALL,729.85,738.05,729.85,730.15,500,39320,8.987938,83300,83715.85
2025-07-09 10:45:00,ATM-4,PUT,225.5,226.55,222.9,225.4,1960,263460,10.379266,83300,83715.85
2025-07-09 10:45:00,ATM-3,CALL,660.25,667.45,660.25,664.2,800,54700,9.078556,83400,83715.85
2025-07-09 10:45:00,ATM-3,PUT,256.4,258,254.4,257.2,2300,127700,10.352953,83400,83715.85
2025-07-09 10:45:00,ATM-2,CALL,597.45,604,595.25,599.6,7440,354260,9.104678,83500,83715.85
2025-07-09 10:45:00,ATM-2,PUT,292,293.55,288.6,291.25,5880,458800,10.303865,83500,83715.85
2025-07-09 10:45:00,ATM-1,CALL,535,540,532.6,535.5,6840,274220,9.051029,83600,83715.85
2025-07-09 10:45:00,ATM-1,PUT,331,332.4,326.55,329.6,8620,408580,10.27923,83600,83715.85
2025-07-09 10:45:00,ATM,CALL,477.8,485,476.75,480,20300,284880,9.109533,83700,83715.85
2025-07-09 10:45:00,ATM,PUT,375,375.8,370.4,374.15,14480,267980,10.319105,83700,83715.85
2025-07-09 10:45:00,ATM+1,CALL,425.55,432,424.4,427.2,15320,216000,9.137136,83800,83715.85
2025-07-09 10:45:00,ATM+1,PUT,423,423.3,418,421.2,9180,159240,10.334819,83800,83715.85
2025-07-09 10:45:00,ATM+2,CALL,376.35,382,374.3,376.6,7320,118340,9.123394,83900,83715.85
2025-07-09 10:45:00,ATM+2,PUT,473.85,473.85,467.1,472.05,3580,58480,10.356735,83900,83715.85
2025-07-09 10:45:00,ATM+3,CALL,330,335.4,329.1,331.25,10760,288360,9.138893,84000,83715.85
2025-07-09 10:45:00,ATM+3,PUT,527.1,528.1,521.25,525.75,2400,108120,10.363458,84000,83715.85
2025-07-09 10:45:00,ATM+4,CALL,288.35,293.7,288.35,290.45,3000,73320,9.169351,84100,83715.85
2025-07-09 10:45:00,ATM+4,PUT,581.05,587.7,580,587.7,580,15320,10.482299,84100,83715.85
2025-07-09 10:45:00,ATM+5,CALL,250.75,255.7,250.7,251.9,3220,107800,9.162597,84200,83715.85
2025-07-09 10:45:00,ATM+5,PUT,645.25,650,643.1,650,180,10140,10.532691,84200,83715.85
2025-07-09 10:45:00,ATM+6,CALL,217.8,221.3,216.5,217.6,2060,85120,9.168563,84300,83715.85
2025-07-09 10:45:00,ATM+6,PUT,710,711.45,710,711.45,60,5420,10.483566,84300,83715.85
2025-07-09 10:45:00,ATM+7,CALL,186.7,189.6,185.85,187.4,4120,86860,9.188889,84400,83715.85
2025-07-09 10:45:00,ATM+7,PUT,779.65,779.65,779.65,779.65,20,5200,10.521916,84400,83715.85
2025-07-09 10:45:00,ATM+8,CALL,160.35,163,159.3,160.15,3900,207620,9.19893,84500,83715.85
2025-07-09 10:45:00,ATM+8,PUT,850,853.4,850,853.4,140,36780,10.629526,84500,83715.85
2025-07-09 10:45:00,ATM+9,CALL,135.8,138.8,135.5,136.05,2040,68260,9.208858,84600,83715.85
2025-07-09 10:45:00,ATM+9,PUT,925,925,925,925,60,2240,10.605719,84600,83715.85
2025-07-09 10:45:00,ATM+10,CALL,115.45,117.6,114.7,115.35,4580,90980,9.233794,84700,83715.85
2025-07-09 10:45:00,ATM+10,PUT,1014.8,1014.8,1014.8,1014.8,0,420,10.837179,84700,83715.85
2025-07-09 10:46:00,ATM-10,CALL,1220.15,1220.15,1220.15,1220.15,0,2100,8.658403,82700,83716.8
2025-07-09 10:46:00,ATM-10,PUT,94.95,95.95,94.85,95.95,400,76080,10.664027,82700,83716.8
2025-07-09 10:46:00,ATM-9,CALL,1115,1115,1115,1115,20,3120,8.510261,82800,83716.8
2025-07-09 10:46:00,ATM-9,PUT,109.85,111,109.55,111,540,83260,10.593404,82800,83716.8
2025-07-09 10:46:00,ATM-8,CALL,1038.5,1038.5,1038.5,1038.5,20,3620,8.876869,82900,83716.8
2025-07-09 10:46:00,ATM-8,PUT,126.6,127.95,126.35,127.95,680,69600,10.52007,82900,83716.8
2025-07-09 10:46:00,ATM-7,CALL,955,955.15,955,955.15,140,42120,8.844181,83000,83716.8
2025-07-09 10:46:00,ATM-7,PUT,146.9,148.25,146.6,148.25,2000,229500,10.483355,83000,83716.8
2025-07-09 10:46:00,ATM-6,CALL,873.1,873.1,873.1,873.1,20,7560,8.769356,83100,83716.8
2025-07-09 10:46:00,ATM-6,PUT,169.15,171.05,169,171.05,120,83660,10.446667,83100,83716.8
2025-07-09 10:46:00,ATM-5,CALL,804.75,804.75,798,798,200,12180,8.819516,83200,83716.8
2025-07-09 10:46:00,ATM-5,PUT,194.5,196.6,194,196.6,1560,96660,10.411913,83200,83716.8
2025-07-09 10:46:00,ATM-4,CALL,729.6,732.5,727.5,727.5,420,39320,8.898168,83300,83716.8
2025-07-09 10:46:00,ATM-4,PUT,223.85,225.4,223,225.4,1740,263460,10.387347,83300,83716.8
2025-07-09 10:46:00,ATM-3,CALL,665,665.2,659.5,659.5,980,54700,8.941914,83400,83716.8
2025-07-09 10:46:00,ATM-3,PUT,255.5,257.4,254.2,257.4,1360,127700,10.36648,83400,83716.8
2025-07-09 10:46:00,ATM-2,CALL,599.7,601.25,593.75,595.45,7840,354260,8.988287,83500,83716.8
2025-07-09 10:46:00,ATM-2,PUT,290.95,292.25,289.1,292.25,4200,458800,10.337098,83500,83716.8
2025-07-09 10:46:00,ATM-1,CALL,536.5,538,532,532,3540,274220,8.954653,83600,83716.8
2025-07-09 10:46:00,ATM-1,PUT,328.75,330.9,327.25,330.9,4920,408580,10.319497,83600,83716.8
2025-07-09 10:46:00,ATM,CALL,480.55,482.4,477,477,16200,284880,9.02783,83700,83716.8
2025-07-09 10:46:00,ATM,PUT,373.45,375.2,371.5,375.2,4360,267980,10.353651,83700,83716.8
2025-07-09 10:46:00,ATM+1,CALL,428.15,429.15,424.65,424.65,13620,216000,9.067616,83800,83716.8
2025-07-09 10:46:00,ATM+1,PUT,419.7,423.9,419,423.9,2740,159240,10.407794,83800,83716.8
2025-07-09 10:46:00,ATM+2,CALL,377.85,378.65,375,375,4520,118340,9.076681,83900,83716.8
2025-07-09 10:46:00,ATM+2,PUT,471,472.95,468.3,472.95,860,58480,10.388995,83900,83716.8
2025-07-09 10:46:00,ATM+3,CALL,332.4,333.1,329,329,8160,288360,9.077561,84000,83716.8
2025-07-09 10:46:00,ATM+3,PUT,525.3,528.2,523,528.2,4020,108120,10.432542,84000,83716.8
2025-07-09 10:46:00,ATM+4,CALL,291.1,292,288,288,2380,73320,9.103002,84100,83716.8
2025-07-09 10:46:00,ATM+4,PUT,576,584.25,576,584.25,1320,15320,10.414667,84100,83716.8
2025-07-09 10:46:00,ATM+5,CALL,253.1,253.1,249.6,249.6,2080,107800,9.098827,84200,83716.8
2025-07-09 10:46:00,ATM+5,PUT,644.7,647.25,643.3,647.25,200,10140,10.48112,84200,83716.8
2025-07-09 10:46:00,ATM+6,CALL,218.6,219.35,216.5,216.5,4560,85120,9.133468,84300,83716.8
2025-07-09 10:46:00,ATM+6,PUT,710.8,710.8,710.8,710.8,20,5420,10.483026,84300,83716.8
2025-07-09 10:46:00,ATM+7,CALL,187.4,188.65,185.9,185.9,2620,86860,9.142328,84400,83716.8
2025-07-09 10:46:00,ATM+7,PUT,783.15,783.15,783.15,783.15,20,5200,10.628069,84400,83716.8
2025-07-09 10:46:00,ATM+8,CALL,161.1,162,159,159.25,5980,207620,9.167295,84500,83716.8
2025-07-09 10:46:00,ATM+8,PUT,850.5,853,850,850,120,36780,10.557085,84500,83716.8
2025-07-09 10:46:00,ATM+9,CALL,136.25,137.8,135,135,1380,68260,9.171378,84600,83716.8
2025-07-09 10:46:00,ATM+9,PUT,929.8,929.8,929.8,929.8,20,2240,10.759591,84600,83716.8
2025-07-09 10:46:00,ATM+10,CALL,115.65,116.4,114.4,114.4,1520,90980,9.197448,84700,83716.8
2025-07-09 10:46:00,ATM+10,PUT,1014.8,1014.8,1014.8,1014.8,0,420,10.837179,84700,83716.8
2025-07-09 10:47:00,ATM-10,CALL,1220.15,1220.15,1220.15,1220.15,0,2100,8.658403,82700,83688.03
2025-07-09 10:47:00,ATM-10,PUT,96.15,98.5,96,97.7,1760,76080,10.558046,82700,83688.03
2025-07-09 10:47:00,ATM-9,CALL,1115,1115,1115,1115,0,3120,8.510261,82800,83688.03
2025-07-09 10:47:00,ATM-9,PUT,110.7,113.75,110.7,113.4,1820,83260,10.497488,82800,83688.03
2025-07-09 10:47:00,ATM-8,CALL,1014.4,1017.65,1014.4,1017.65,40,3620,8.996851,82900,83688.03
2025-07-09 10:47:00,ATM-8,PUT,128.7,131.45,128.25,130.65,2080,69600,10.419762,82900,83688.03
2025-07-09 10:47:00,ATM-7,CALL,948,948,932.75,935.25,980,42120,8.960403,83000,83688.03
2025-07-09 10:47:00,ATM-7,PUT,148.5,152.4,148.5,151.5,10140,229500,10.384548,83000,83688.03
2025-07-09 10:47:00,ATM-6,CALL,859.75,860.4,858.45,860.4,100,7560,9.072476,83100,83688.03
2025-07-09 10:47:00,ATM-6,PUT,171.9,175,171.3,173.5,3480,83660,10.308915,83100,83688.03
2025-07-09 10:47:00,ATM-5,CALL,787.45,787.45,785.35,785.35,220,12180,9.075109,83200,83688.03
2025-07-09 10:47:00,ATM-5,PUT,197.2,201.45,197.1,199.8,3780,96660,10.279444,83200,83688.03
2025-07-09 10:47:00,ATM-4,CALL,724,724,711.35,714.5,960,39320,9.101032,83300,83688.03
2025-07-09 10:47:00,ATM-4,PUT,225.4,230.6,225.4,228.85,4080,263460,10.244827,83300,83688.03
2025-07-09 10:47:00,ATM-3,CALL,658,658,645,647.15,2480,54700,9.124168,83400,83688.03
2025-07-09 10:47:00,ATM-3,PUT,258,263.1,258,261.9,4440,127700,10.232741,83400,83688.03
2025-07-09 10:47:00,ATM-2,CALL,594.65,594.65,581,582.8,14040,354260,9.129165,83500,83688.03
2025-07-09 10:47:00,ATM-2,PUT,293,299,293,296.9,11420,458800,10.18823,83500,83688.03
2025-07-09 10:47:00,ATM-1,CALL,534.1,534.1,518.35,520.8,19560,274220,9.099558,83600,83688.03
2025-07-09 10:47:00,ATM-1,PUT,331,338.6,331,336.95,16060,408580,10.183895,83600,83688.03
2025-07-09 10:47:00,ATM,CALL,477.8,478.4,464,466.25,30320,284880,9.153393,83700,83688.03
2025-07-09 10:47:00,ATM,PUT,374.85,383.65,374.85,381.2,21960,267980,10.19556,83700,83688.03
2025-07-09 10:47:00,ATM+1,CALL,426.1,426.1,411.75,413.8,27020,216000,9.163083,83800,83688.03
2025-07-09 10:47:00,ATM+1,PUT,422.25,431.85,422.25,428.5,13100,159240,10.195289,83800,83688.03
2025-07-09 10:47:00,ATM+2,CALL,374,374.25,363.2,364.6,12460,118340,9.155975,83900,83688.03
2025-07-09 10:47:00,ATM+2,PUT,475,483.35,475,479.75,3920,58480,10.203664,83900,83688.03
2025-07-09 10:47:00,ATM+3,CALL,329.2,330,318.55,320.6,21920,288360,9.177561,84000,83688.03
2025-07-09 10:47:00,ATM+3,PUT,527.55,537.7,527.55,535.8,7780,108120,10.240941,84000,83688.03
2025-07-09 10:47:00,ATM+4,CALL,287.75,287.75,277.7,279.2,6600,73320,9.168892,84100,83688.03
2025-07-09 10:47:00,ATM+4,PUT,590,597.8,589.85,592.95,440,15320,10.222329,84100,83688.03
2025-07-09 10:47:00,ATM+5,CALL,250.05,250.55,241,242.2,6140,107800,9.174139,84200,83688.03
2025-07-09 10:47:00,ATM+5,PUT,655.25,657.4,655.25,657.4,180,10140,10.29626,84200,83688.03
2025-07-09 10:47:00,ATM+6,CALL,216.45,216.45,208,209.3,5180,85120,9.190338,84300,83688.03
2025-07-09 10:47:00,ATM+6,PUT,722.85,722.85,722.85,722.85,20,5420,10.316203,84300,83688.03
2025-07-09 10:47:00,ATM+7,CALL,185.7,185.7,178,179.2,6980,86860,9.188558,84400,83688.03
2025-07-09 10:47:00,ATM+7,PUT,783.15,783.15,783.15,783.15,0,5200,10.628069,84400,83688.03
2025-07-09 10:47:00,ATM+8,CALL,160,160,152.35,153.35,20520,207620,9.212393,84500,83688.03
2025-07-09 10:47:00,ATM+8,PUT,860,864.65,860,863.95,400,36780,10.380026,84500,83688.03
2025-07-09 10:47:00,ATM+9,CALL,135.95,135.95,129.55,130,3480,68260,9.220001,84600,83688.03
2025-07-09 10:47:00,ATM+9,PUT,945,945,944.4,944.4,100,2240,10.57264,84600,83688.03
2025-07-09 10:47:00,ATM+10,CALL,114.85,114.85,109.2,109.95,5300,90980,9.241397,84700,83688.03
2025-07-09 10:47:00,ATM+10,PUT,1014.8,1014.8,1014.8,1014.8,0,420,10.837179,84700,83688.03
2025-07-09 10:48:00,ATM-10,CALL,1220.15,1220.15,1220.15,1220.15,0,2100,8.658403,82700,83694.03
2025-07-09 10:48:00,ATM-10,PUT,98,98,95.65,95.65,2080,75820,10.517103,82700,83694.03
2025-07-09 10:48:00,ATM-9,CALL,1095.95,1095.95,1095.95,1095.95,20,3140,8.547963,82800,83694.03
2025-07-09 10:48:00,ATM-9,PUT,113,113,110.2,110.85,2360,83800,10.44656,82800,83694.03
2025-07-09 10:48:00,ATM-8,CALL,1017.65,1017.65,1017.65,1017.65,0,3620,8.996851,82900,83694.03
2025-07-09 10:48:00,ATM-8,PUT,130.6,131.15,127.45,127.45,1820,70080,10.355572,82900,83694.03
2025-07-09 10:48:00,ATM-7,CALL,935.25,946.65,935.25,946.65,100,42360,9.178761,83000,83694.03
2025-07-09 10:48:00,ATM-7,PUT,150.95,150.95,147.5,147.55,4240,226940,10.306386,83000,83694.03
2025-07-09 10:48:00,ATM-6,CALL,860.4,860.4,860.4,860.4,0,7560,9.072476,83100,83694.03
2025-07-09 10:48:00,ATM-6,PUT,174.2,174.2,170,170,3220,83140,10.252772,83100,83694.03
2025-07-09 10:48:00,ATM-5,CALL,790,790,790,790,40,12060,9.081702,83200,83694.03
2025-07-09 10:48:00,ATM-5,PUT,200.45,200.45,195.4,195.4,2020,96660,10.206578,83200,83694.03
2025-07-09 10:48:00,ATM-4,CALL,714.05,716.15,713.75,716.15,100,39320,9.032594,83300,83694.03
2025-07-09 10:48:00,ATM-4,PUT,229.55,229.55,224,224,2100,262360,10.168417,83300,83694.03
2025-07-09 10:48:00,ATM-3,CALL,647.9,655.8,647,655.8,600,55220,9.242199,83400,83694.03
2025-07-09 10:48:00,ATM-3,PUT,261.15,261.65,255.9,255.9,1980,127700,10.135517,83400,83694.03
2025-07-09 10:48:00,ATM-2,CALL,582.4,591,581.05,590.6,5480,354260,9.227404,83500,83694.03
2025-07-09 10:48:00,ATM-2,PUT,297.45,297.95,292.2,292.2,9140,457360,10.130217,83500,83694.03
2025-07-09 10:48:00,ATM-1,CALL,520.6,529.45,519.75,529.1,9760,274560,9.212239,83600,83694.03
2025-07-09 10:48:00,ATM-1,PUT,336.65,337.05,330.55,330.55,10360,408580,10.092118,83600,83694.03
2025-07-09 10:48:00,ATM,CALL,467.4,474.95,465.75,474.95,12840,284920,9.278737,83700,83694.03
2025-07-09 10:48:00,ATM,PUT,381.5,381.6,373.6,373.6,8300,269240,10.082334,83700,83694.03
2025-07-09 10:48:00,ATM+1,CALL,414.95,421.35,413,421.15,10620,219880,9.261711,83800,83694.03
2025-07-09 10:48:00,ATM+1,PUT,428.4,429.5,420.6,420.6,5260,164300,10.080946,83800,83694.03
2025-07-09 10:48:00,ATM+2,CALL,364.6,371.4,364.6,371.4,4320,118300,9.247505,83900,83694.03
2025-07-09 10:48:00,ATM+2,PUT,479.75,480.8,473,473,1440,55120,10.12066,83900,83694.03
2025-07-09 10:48:00,ATM+3,CALL,320.95,326.3,320.35,326.3,9660,291280,9.249955,84000,83694.03
2025-07-09 10:48:00,ATM+3,PUT,535.75,535.75,527.55,527.55,2780,110440,10.127305,84000,83694.03
2025-07-09 10:48:00,ATM+4,CALL,278.9,285.9,278.9,285.85,2500,76540,9.270858,84100,83694.03
2025-07-09 10:48:00,ATM+4,PUT,590.25,590.25,584.75,584.75,160,15500,10.112909,84100,83694.03
2025-07-09 10:48:00,ATM+5,CALL,242.2,248.15,242.1,248.1,2520,107700,9.266381,84200,83694.03
2025-07-09 10:48:00,ATM+5,PUT,655,657,653.05,653.05,60,10120,10.282097,84200,83694.03
2025-07-09 10:48:00,ATM+6,CALL,209.55,214.6,209.3,214.6,3120,82260,9.276511,84300,83694.03
2025-07-09 10:48:00,ATM+6,PUT,718,718,718,718,20,5500,10.293981,84300,83694.03
2025-07-09 10:48:00,ATM+7,CALL,179.55,183.4,179.55,183.4,1700,90500,9.255232,84400,83694.03
2025-07-09 10:48:00,ATM+7,PUT,792,792,792,792,20,5240,10.457604,84400,83694.03
2025-07-09 10:48:00,ATM+8,CALL,153.75,157.55,153.45,157,10640,218420,9.272912,84500,83694.03
2025-07-09 10:48:00,ATM+8,PUT,863.55,863.55,863.55,863.55,20,37260,10.486292,84500,83694.03
2025-07-09 10:48:00,ATM+9,CALL,131,133.8,130.8,133.8,2100,69020,9.294815,84600,83694.03
2025-07-09 10:48:00,ATM+9,PUT,944.4,944.4,944.4,944.4,0,2240,10.57264,84600,83694.03
2025-07-09 10:48:00,ATM+10,CALL,110.4,113.4,110,113.4,3200,93660,9.316098,84700,83694.03
2025-07-09 10:48:00,ATM+10,PUT,1014.8,1014.8,1014.8,1014.8,0,420,10.837179,84700,83694.03
2025-07-09 10:49:00,ATM-10,CALL,1220.15,1220.15,1220.15,1220.15,0,2100,8.658403,82700,83710.01
2025-07-09 10:49:00,ATM-10,PUT,95.55,95.55,94.05,94.05,2340,75820,10.55215,82700,83710.01
2025-07-09 10:49:00,ATM-9,CALL,1095.95,1095.95,1095.95,1095.95,0,3140,8.547963,82800,83710.01
2025-07-09 10:49:00,ATM-9,PUT,108.9,109.85,108.9,109,1680,83800,10.481694,82800,83710.01
2025-07-09 10:49:00,ATM-8,CALL,1017.65,1017.65,1017.65,1017.65,0,3620,8.996851,82900,83710.01
2025-07-09 10:49:00,ATM-8,PUT,127.45,127.5,126,126,880,70080,10.413017,82900,83710.01
2025-07-09 10:49:00,ATM-7,CALL,954.9,955,950.55,953.55,480,42360,8.98075,83000,83710.01
2025-07-09 10:49:00,ATM-7,PUT,147.2,147.45,145.7,145.7,10340,226940,10.359904,83000,83710.01
2025-07-09 10:49:00,ATM-6,CALL,873.1,876.45,873.1,876.45,120,7560,9.043478,83100,83710.01
2025-07-09 10:49:00,ATM-6,PUT,169.25,169.95,167.85,167.85,1440,83140,10.306705,83100,83710.01
2025-07-09 10:49:00,ATM-5,CALL,797.2,803,797.2,803,120,12060,9.11409,83200,83710.01
2025-07-09 10:49:00,ATM-5,PUT,194.35,195.55,193.4,193.8,3300,96660,10.285167,83200,83710.01
2025-07-09 10:49:00,ATM-4,CALL,729,730.2,729,730,440,39320,9.100071,83300,83710.01
2025-07-09 10:49:00,ATM-4,PUT,222.25,224.45,222,222.5,2820,262360,10.258616,83300,83710.01
2025-07-09 10:49:00,ATM-3,CALL,660,664,659.8,664,620,55220,9.177972,83400,83710.01
2025-07-09 10:49:00,ATM-3,PUT,255,256.2,253.25,254.35,4620,127700,10.23372,83400,83710.01
2025-07-09 10:49:00,ATM-2,CALL,594.4,598.85,592.7,598.2,7780,354260,9.165307,83500,83710.01
2025-07-09 10:49:00,ATM-2,PUT,291.75,291.9,288.5,289.3,10060,457360,10.205609,83500,83710.01
2025-07-09 10:49:00,ATM-1,CALL,530.5,536.8,530.5,536,8940,274560,9.149743,83600,83710.01
2025-07-09 10:49:00,ATM-1,PUT,330.05,330.55,327.05,328.05,8920,408580,10.188128,83600,83710.01
2025-07-09 10:49:00,ATM,CALL,475.05,481.55,475.05,480.5,14700,284920,9.200745,83700,83710.01
2025-07-09 10:49:00,ATM,PUT,373,373.75,370,370.55,11820,269240,10.177152,83700,83710.01
2025-07-09 10:49:00,ATM+1,CALL,422.5,428.6,422.5,427.2,20060,219880,9.210456,83800,83710.01
2025-07-09 10:49:00,ATM+1,PUT,421.2,421.45,417.2,417.95,9360,164300,10.197392,83800,83710.01
2025-07-09 10:49:00,ATM+2,CALL,373,378.25,373,378.05,8220,118300,9.224581,83900,83710.01
2025-07-09 10:49:00,ATM+2,PUT,470,470.9,467.35,468.95,3280,55120,10.218081,83900,83710.01
2025-07-09 10:49:00,ATM+3,CALL,327,332.45,327,332.4,11580,291280,9.228586,84000,83710.01
2025-07-09 10:49:00,ATM+3,PUT,523.5,525,520.5,522.9,5500,110440,10.224793,84000,83710.01
2025-07-09 10:49:00,ATM+4,CALL,286.35,291,286.35,290.45,3580,76540,9.228095,84100,83710.01
2025-07-09 10:49:00,ATM+4,PUT,582.4,585,579.45,580.6,1220,15500,10.237,84100,83710.01
2025-07-09 10:49:00,ATM+5,CALL,249.55,252.65,249.55,251.75,3760,107700,9.213864,84200,83710.01
2025-07-09 10:49:00,ATM+5,PUT,642.85,642.85,642.85,642.85,80,10120,10.275969,84200,83710.01
2025-07-09 10:49:00,ATM+6,CALL,216,218.45,216,218.1,2300,82260,9.232724,84300,83710.01
2025-07-09 10:49:00,ATM+6,PUT,718,718,718,718,0,5500,10.293981,84300,83710.01
2025-07-09 10:49:00,ATM+7,CALL,184,187.65,184,187.1,4860,90500,9.229426,84400,83710.01
2025-07-09 10:49:00,ATM+7,PUT,792,792,792,792,0,5240,10.457604,84400,83710.01
2025-07-09 10:49:00,ATM+8,CALL,157.65,161.1,157.65,160.25,7320,218420,9.247498,84500,83710.01
2025-07-09 10:49:00,ATM+8,PUT,850,850,850,850,20,37260,10.428843,84500,83710.01
2025-07-09 10:49:00,ATM+9,CALL,135,136.75,134.95,136.45,3760,69020,9.264153,84600,83710.01
2025-07-09 10:49:00,ATM+9,PUT,944.4,944.4,944.4,944.4,0,2240,10.57264,84600,83710.01
2025-07-09 10:49:00,ATM+10,CALL,113.75,116.1,113.75,115.15,2780,93660,9.268416,84700,83710.01
2025-07-09 10:49:00,ATM+10,PUT,1014.8,1014.8,1014.8,1014.8,0,420,10.837179,84700,83710.01
2025-07-09 10:50:00,ATM-10,CALL,1220.15,1220.15,1220.15,1220.15,0,2100,8.658403,82700,83707.17
2025-07-09 10:50:00,ATM-10,PUT,94,95.5,93.95,95.05,760,75820,10.573991,82700,83707.17
2025-07-09 10:50:00,ATM-9,CALL,1095.95,1095.95,1095.95,1095.95,0,3140,8.547963,82800,83707.17
2025-07-09 10:50:00,ATM-9,PUT,108.6,109.95,108.2,109.6,2840,83800,10.485716,82800,83707.17
2025-07-09 10:50:00,ATM-8,CALL,1017.65,1017.65,1017.65,1017.65,0,3620,8.996851,82900,83707.17
2025-07-09 10:50:00,ATM-8,PUT,125.55,127.9,125.55,127.9,1700,70080,10.457378,82900,83707.17
2025-07-09 10:50:00,ATM-7,CALL,951.8,956.25,950.75,950.75,180,42360,8.964805,83000,83707.17
2025-07-09 10:50:00,ATM-7,PUT,145.4,148.25,145.3,146.85,4060,226940,10.37624,83000,83707.17
2025-07-09 10:50:00,ATM-6,CALL,876.45,876.45,876.45,876.45,0,7560,9.043478,83100,83707.17
2025-07-09 10:50:00,ATM-6,PUT,168.35,170.25,167.9,169.5,580,83140,10.334345,83100,83707.17
2025-07-09 10:50:00,ATM-5,CALL,799.5,799.5,799,799,40,12060,9.061079,83200,83707.17
2025-07-09 10:50:00,ATM-5,PUT,193,195.9,193,195.9,2300,96660,10.32137,83200,83707.17
2025-07-09 10:50:00,ATM-4,CALL,730.05,730.05,726.1,726.1,280,39320,9.050402,83300,83707.17
2025-07-09 10:50:00,ATM-4,PUT,221.95,225.5,221.95,224.55,1340,262360,10.289596,83300,83707.17
2025-07-09 10:50:00,ATM-3,CALL,664,664,656.9,658.65,500,55220,9.091219,83400,83707.17
2025-07-09 10:50:00,ATM-3,PUT,254.2,256.9,253.8,256.9,1600,127700,10.273714,83400,83707.17
2025-07-09 10:50:00,ATM-2,CALL,599.45,599.5,593,595,4680,354260,9.132173,83500,83707.17
2025-07-09 10:50:00,ATM-2,PUT,288.55,293.2,288.5,292.05,6560,457360,10.246889,83500,83707.17
2025-07-09 10:50:00,ATM-1,CALL,536.8,537,530.45,531.85,7700,274560,9.092476,83600,83707.17
2025-07-09 10:50:00,ATM-1,PUT,327,331.95,327,330,5280,408580,10.207213,83600,83707.17
2025-07-09 10:50:00,ATM,CALL,481.55,482.75,475.45,478.3,14200,284920,9.18742,83700,83707.17
2025-07-09 10:50:00,ATM,PUT,370.5,376.3,370.5,374,8600,269240,10.228416,83700,83707.17
2025-07-09 10:50:00,ATM+1,CALL,429,429,423,425.45,7760,219880,9.205037,83800,83707.17
2025-07-09 10:50:00,ATM+1,PUT,418.2,422.95,418.2,421.1,2760,164300,10.238966,83800,83707.17
2025-07-09 10:50:00,ATM+2,CALL,378.5,379.15,373.7,375.65,4020,118300,9.201609,83900,83707.17
2025-07-09 10:50:00,ATM+2,PUT,468,473.5,468,472.2,1240,55120,10.259585,83900,83707.17
2025-07-09 10:50:00,ATM+3,CALL,332.75,333,328.15,330.05,6640,291280,9.203946,84000,83707.17
2025-07-09 10:50:00,ATM+3,PUT,521.75,528.75,521.75,526.3,1860,110440,10.267727,84000,83707.17
2025-07-09 10:50:00,ATM+4,CALL,290.65,291.05,287,287,1600,76540,9.174304,84100,83707.17
2025-07-09 10:50:00,ATM+4,PUT,582.4,583.95,582.4,583.95,340,15500,10.277059,84100,83707.17
2025-07-09 10:50:00,ATM+5,CALL,251.9,253,249.45,251.7,1420,107700,9.238687,84200,83707.17
2025-07-09 10:50:00,ATM+5,PUT,642.95,644.25,642.95,643,100,10120,10.237553,84200,83707.17
2025-07-09 10:50:00,ATM+6,CALL,218.3,219.4,215.1,217.05,2720,82260,9.230562,84300,83707.17
2025-07-09 10:50:00,ATM+6,PUT,706.9,706.9,706.9,706.9,120,5500,10.23266,84300,83707.17
2025-07-09 10:50:00,ATM+7,CALL,187.8,188.4,184.6,186,1240,90500,9.22315,84400,83707.17
2025-07-09 10:50:00,ATM+7,PUT,792,792,792,792,0,5240,10.457604,84400,83707.17
2025-07-09 10:50:00,ATM+8,CALL,160.45,161.2,158.55,158.55,4520,218420,9.221305,84500,83707.17
2025-07-09 10:50:00,ATM+8,PUT,850,850,850,850,0,37260,10.428843,84500,83707.17
2025-07-09 10:50:00,ATM+9,CALL,136.85,136.9,134.45,135.2,1280,69020,9.247039,84600,83707.17
2025-07-09 10:50:00,ATM+9,PUT,925.05,925.05,925.05,925.05,20,2300,10.427527,84600,83707.17
2025-07-09 10:50:00,ATM+10,CALL,115.2,116,113.9,114.75,3500,93660,9.274829,84700,83707.17
2025-07-09 10:50:00,ATM+10,PUT,1014.8,1014.8,1014.8,1014.8,0,420,10.837179,84700,83707.17
2025-07-09 10:51:00,ATM-10,CALL,1220.15,1220.15,1220.15,1220.15,0,2100,8.658403,82700,83704.45
2025-07-09 10:51:00,ATM-10,PUT,94.65,95.05,93.9,94.55,1060,75100,10.539083,82700,83704.45
2025-07-09 10:51:00,ATM-9,CALL,1095.95,1095.95,1095.95,1095.95,0,3140,8.547963,82800,83704.45
2025-07-09 10:51:00,ATM-9,PUT,109.55,109.55,108.3,108.7,1020,85680,10.43735,82800,83704.45
2025-07-09 10:51:00,ATM-8,CALL,1017.65,1017.65,1017.65,1017.65,0,3620,8.996851,82900,83704.45
2025-07-09 10:51:00,ATM-8,PUT,126.75,127.15,125.45,126.5,480,68380,10.39411,82900,83704.45
2025-07-09 10:51:00,ATM-7,CALL,948.2,955.95,948.2,950,120,42660,9.014572,83000,83704.45
2025-07-09 10:51:00,ATM-7,PUT,146.75,147.3,145.5,146.65,4700,228060,10.351908,83000,83704.45
2025-07-09 10:51:00,ATM-6,CALL,871.55,876.45,871.55,876.45,80,7480,9.178057,83100,83704.45
2025-07-09 10:51:00,ATM-6,PUT,169,169.6,167.2,168.6,6880,83960,10.289214,83100,83704.45
2025-07-09 10:51:00,ATM-5,CALL,799,799,799,799,0,12060,9.061079,83200,83704.45
2025-07-09 10:51:00,ATM-5,PUT,194.5,195.25,193,193.2,3280,97240,10.227413,83200,83704.45
2025-07-09 10:51:00,ATM-4,CALL,728.1,730,727.55,730,60,39320,9.207878,83300,83704.45
2025-07-09 10:51:00,ATM-4,PUT,223.65,224.4,221.5,222.45,1280,264080,10.213511,83300,83704.45
2025-07-09 10:51:00,ATM-3,CALL,661.75,663.75,659.1,659.1,1380,55420,9.150407,83400,83704.45
2025-07-09 10:51:00,ATM-3,PUT,256.5,256.85,253.45,254.6,1920,129480,10.193471,83400,83704.45
2025-07-09 10:51:00,ATM-2,CALL,597.5,599.95,595.55,596.15,4720,359260,9.20358,83500,83704.45
2025-07-09 10:51:00,ATM-2,PUT,291.05,291.55,288.15,290.65,6900,461840,10.188792,83500,83704.45
2025-07-09 10:51:00,ATM-1,CALL,533.6,536.4,533.35,533.95,3100,274980,9.181868,83600,83704.45
2025-07-09 10:51:00,ATM-1,PUT,330.4,330.4,327,328.6,6020,410020,10.148322,83600,83704.45
2025-07-09 10:51:00,ATM,CALL,479.6,481.05,476.15,476.15,6720,284400,9.173628,83700,83704.45
2025-07-09 10:51:00,ATM,PUT,373.35,374.4,371,372.85,5600,275600,10.174063,83700,83704.45
2025-07-09 10:51:00,ATM+1,CALL,426.8,428.45,424.85,425.35,4940,223680,9.236089,83800,83704.45
2025-07-09 10:51:00,ATM+1,PUT,421.1,421.6,417.4,420.4,6260,167420,10.193188,83800,83704.45
2025-07-09 10:51:00,ATM+2,CALL,376.75,378.45,374.5,374.5,3620,116720,9.205991,83900,83704.45
2025-07-09 10:51:00,ATM+2,PUT,471.95,472.05,468.05,470.7,1080,56420,10.193175,83900,83704.45
2025-07-09 10:51:00,ATM+3,CALL,330.7,332.5,328,328.4,11120,290260,9.194241,84000,83704.45
2025-07-09 10:51:00,ATM+3,PUT,526.15,526.75,522,524.55,3860,110380,10.192761,84000,83704.45
2025-07-09 10:51:00,ATM+4,CALL,288.95,290.6,288.4,288.65,740,74040,9.240044,84100,83704.45
2025-07-09 10:51:00,ATM+4,PUT,583.55,583.55,580.05,580.05,40,16220,10.148012,84100,83704.45
2025-07-09 10:51:00,ATM+5,CALL,250.6,252.85,249.75,250,5420,107100,9.222175,84200,83704.45
2025-07-09 10:51:00,ATM+5,PUT,644.45,645.7,644.45,645.7,180,10040,10.262271,84200,83704.45
2025-07-09 10:51:00,ATM+6,CALL,217.45,218.4,215.65,215.65,1180,80480,9.218443,84300,83704.45
2025-07-09 10:51:00,ATM+6,PUT,706.9,706.9,706.9,706.9,0,5500,10.23266,84300,83704.45
2025-07-09 10:51:00,ATM+7,CALL,186.55,187.65,185.45,185.45,1220,90040,9.230476,84400,83704.45
2025-07-09 10:51:00,ATM+7,PUT,775.6,775.6,775.6,775.6,40,5220,10.219272,84400,83704.45
2025-07-09 10:51:00,ATM+8,CALL,159.25,160.6,158.5,158.5,5180,224640,9.240588,84500,83704.45
2025-07-09 10:51:00,ATM+8,PUT,850,850.45,850,850.45,40,37640,10.334508,84500,83704.45
2025-07-09 10:51:00,ATM+9,CALL,135.25,136.45,134.3,134.3,1200,68440,9.239484,84600,83704.45
2025-07-09 10:51:00,ATM+9,PUT,930.25,930.25,930.25,930.25,20,2300,10.518028,84600,83704.45
2025-07-09 10:51:00,ATM+10,CALL,114.8,115.6,113.9,113.9,3000,92280,9.265777,84700,83704.45
2025-07-09 10:51:00,ATM+10,PUT,1014.8,1014.8,1014.8,1014.8,0,420,10.837179,84700,83704.45
2025-07-09 10:52:00,ATM-10,CALL,1220.15,1220.15,1220.15,1220.15,0,2100,8.658403,82700,83699.91
2025-07-09 10:52:00,ATM-10,PUT,95.2,95.65,95,95.5,480,75100,10.54866,82700,83699.91
2025-07-09 10:52:00,ATM-9,CALL,1095.95,1095.95,1095.95,1095.95,0,3140,8.547963,82800,83699.91
2025-07-09 10:52:00,ATM-9,PUT,110,110.35,109.4,110.35,780,85680,10.467769,82800,83699.91
2025-07-09 10:52:00,ATM-8,CALL,1017.65,1017.65,1017.65,1017.65,0,3620,8.996851,82900,83699.91
2025-07-09 10:52:00,ATM-8,PUT,127.3,127.75,127.05,127.75,640,68380,10.405856,82900,83699.91
2025-07-09 10:52:00,ATM-7,CALL,945.45,945.45,945.45,945.45,20,42660,8.985872,83000,83699.91
2025-07-09 10:52:00,ATM-7,PUT,147.4,147.9,147,147.85,1340,228060,10.357914,83000,83699.91
2025-07-09 10:52:00,ATM-6,CALL,876.45,876.45,876.45,876.45,0,7480,9.178057,83100,83699.91
2025-07-09 10:52:00,ATM-6,PUT,170.45,170.45,169.25,170.2,700,83960,10.302948,83100,83699.91
2025-07-09 10:52:00,ATM-5,CALL,794.2,794.85,794.2,794.85,40,11940,9.098778,83200,83699.91
2025-07-09 10:52:00,ATM-5,PUT,194.8,196.3,194.8,195,1060,97240,10.242395,83200,83699.91
2025-07-09 10:52:00,ATM-4,CALL,724.15,724.15,724.15,724.15,20,39320,9.138308,83300,83699.91
2025-07-09 10:52:00,ATM-4,PUT,223.6,225,223.6,224.7,800,264080,10.235851,83300,83699.91
2025-07-09 10:52:00,ATM-3,CALL,658.55,658.55,656,656.6,220,55420,9.165461,83400,83699.91
2025-07-09 10:52:00,ATM-3,PUT,255.8,257.45,255.7,256.05,460,129480,10.191335,83400,83699.91
2025-07-09 10:52:00,ATM-2,CALL,595,595.05,591.1,591.75,4320,359260,9.16746,83500,83699.91
2025-07-09 10:52:00,ATM-2,PUT,292,292.7,291,292,4140,461840,10.180621,83500,83699.91
2025-07-09 10:52:00,ATM-1,CALL,531,531.95,527.8,529.85,4000,274980,9.149842,83600,83699.91
2025-07-09 10:52:00,ATM-1,PUT,330.2,331.85,329.8,331.85,5560,410020,10.181472,83600,83699.91
2025-07-09 10:52:00,ATM,CALL,475,476.9,472.8,474.85,9880,284400,9.20319,83700,83699.91
2025-07-09 10:52:00,ATM,PUT,373.8,376,373.45,375.8,6640,275600,10.195966,83700,83699.91
2025-07-09 10:52:00,ATM+1,CALL,424,424.45,420,422.9,8920,223680,9.234735,83800,83699.91
2025-07-09 10:52:00,ATM+1,PUT,422,423.7,420.65,422.2,4560,167420,10.184701,83800,83699.91
2025-07-09 10:52:00,ATM+2,CALL,373.9,374.6,371.55,372.75,2720,116720,9.216596,83900,83699.91
2025-07-09 10:52:00,ATM+2,PUT,472,474.3,471.65,473.75,940,56420,10.2097,83900,83699.91
2025-07-09 10:52:00,ATM+3,CALL,327.9,328.75,325.1,327,8120,290260,9.208902,84000,83699.91
2025-07-09 10:52:00,ATM+3,PUT,525.4,528.9,525.4,528.25,1800,110380,10.220728,84000,83699.91
2025-07-09 10:52:00,ATM+4,CALL,286.95,286.95,284.5,286.4,2480,74040,9.230686,84100,83699.91
2025-07-09 10:52:00,ATM+4,PUT,585.75,585.75,585.75,585.75,20,16220,10.219762,84100,83699.91
2025-07-09 10:52:00,ATM+5,CALL,248.95,249.4,247.15,248.45,2320,107100,9.225398,84200,83699.91
2025-07-09 10:52:00,ATM+5,PUT,648,648,648,648,40,10040,10.249991,84200,83699.91
2025-07-09 10:52:00,ATM+6,CALL,215.1,215.25,213.15,214.9,3400,80480,9.237876,84300,83699.91
2025-07-09 10:52:00,ATM+6,PUT,706.9,706.9,706.9,706.9,0,5500,10.23266,84300,83699.91
2025-07-09 10:52:00,ATM+7,CALL,184.5,184.6,182.75,184.6,1420,90040,9.243981,84400,83699.91
2025-07-09 10:52:00,ATM+7,PUT,782,782,782,782,400,5220,10.304502,84400,83699.91
2025-07-09 10:52:00,ATM+8,CALL,157.2,158.15,156.55,157.25,2940,224640,9.239348,84500,83699.91
2025-07-09 10:52:00,ATM+8,PUT,855,858.9,855,858.9,200,37640,10.475359,84500,83699.91
2025-07-09 10:52:00,ATM+9,CALL,132.95,134.3,132.95,133.5,1100,68440,9.247477,84600,83699.91
2025-07-09 10:52:00,ATM+9,PUT,930.25,930.25,930.25,930.25,0,2300,10.518028,84600,83699.91
2025-07-09 10:52:00,ATM+10,CALL,113.15,113.7,112.65,113.7,2540,92280,9.289761,84700,83699.91
2025-07-09 10:52:00,ATM+10,PUT,1014.8,1014.8,1014.8,1014.8,0,420,10.837179,84700,83699.91
2025-07-09 10:53:00,ATM-10,CALL,1220.15,1220.15,1220.15,1220.15,0,2100,8.658403,82700,83697.19
2025-07-09 10:53:00,ATM-10,PUT,95,96.25,95,95.9,1240,75100,10.548052,82700,83697.19
2025-07-09 10:53:00,ATM-9,CALL,1095.95,1095.95,1095.95,1095.95,0,3140,8.547963,82800,83697.19
2025-07-09 10:53:00,ATM-9,PUT,110,111.15,110,110.4,560,85680,10.452977,82800,83697.19
2025-07-09 10:53:00,ATM-8,CALL,1025,1025,1025,1025,20,3620,8.992776,82900,83697.19
2025-07-09 10:53:00,ATM-8,PUT,127.7,128.55,127.25,128.05,660,68380,10.398302,82900,83697.19
2025-07-09 10:53:00,ATM-7,CALL,944.7,945.7,940.55,945.7,160,42660,9.068281,83000,83697.19
2025-07-09 10:53:00,ATM-7,PUT,147.85,149,147.75,148.6,2080,228060,10.362552,83000,83697.19
2025-07-09 10:53:00,ATM-6,CALL,876.45,876.45,876.45,876.45,0,7480,9.178057,83100,83697.19
2025-07-09 10:53:00,ATM-6,PUT,170.6,171.65,170.6,170.65,800,83960,10.296641,83100,83697.19
2025-07-09 10:53:00,ATM-5,CALL,792.2,792.2,792.2,792.2,20,11940,9.08174,83200,83697.19
2025-07-09 10:53:00,ATM-5,PUT,195.15,198,195.15,197,1200,97240,10.276498,83200,83697.19
2025-07-09 10:53:00,ATM-4,CALL,724.25,724.25,720.5,721.65,160,39320,9.123819,83300,83697.19
2025-07-09 10:53:00,ATM-4,PUT,225.7,227.15,225.7,226.95,460,264080,10.272667,83300,83697.19
2025-07-09 10:53:00,ATM-3,CALL,656.6,656.7,652,656.7,360,55420,9.21523,83400,83697.19
2025-07-09 10:53:00,ATM-3,PUT,257.45,259.35,257.45,257.7,980,129480,10.209627,83400,83697.19
2025-07-09 10:53:00,ATM-2,CALL,592.3,593.2,588.7,589.95,3460,359260,9.166487,83500,83697.19
2025-07-09 10:53:00,ATM-2,PUT,292.05,294.95,292,294.95,4660,461840,10.227508,83500,83697.19
2025-07-09 10:53:00,ATM-1,CALL,528.65,530.15,525.25,527.25,6800,274980,9.127482,83600,83697.19
2025-07-09 10:53:00,ATM-1,PUT,331.8,334.9,331.55,333.55,7820,410020,10.195565,83600,83697.19
2025-07-09 10:53:00,ATM,CALL,475,475.2,470.35,472.1,9280,284400,9.175283,83700,83697.19
2025-07-09 10:53:00,ATM,PUT,375.2,378.6,375.2,377.2,8140,275600,10.200638,83700,83697.19
2025-07-09 10:53:00,ATM+1,CALL,421.85,423,418.15,419.8,5980,223680,9.19655,83800,83697.19
2025-07-09 10:53:00,ATM+1,PUT,422.5,425.75,422.25,425,7320,167420,10.219311,83800,83697.19
2025-07-09 10:53:00,ATM+2,CALL,372.85,373.1,368.85,372.6,3860,116720,9.243827,83900,83697.19
2025-07-09 10:53:00,ATM+2,PUT,474.5,476.9,474.5,475.8,480,56420,10.224801,83900,83697.19
2025-07-09 10:53:00,ATM+3,CALL,326.5,328,323.8,325.4,6640,290260,9.200166,84000,83697.19
2025-07-09 10:53:00,ATM+3,PUT,528,531.85,528,530.75,3300,110380,10.24414,84000,83697.19
2025-07-09 10:53:00,ATM+4,CALL,286.4,286.4,283.3,283.65,2800,74040,9.191962,84100,83697.19
2025-07-09 10:53:00,ATM+4,PUT,590.1,590.1,588.2,588.65,1200,16220,10.250719,84100,83697.19
2025-07-09 10:53:00,ATM+5,CALL,248,248.55,245.7,246.8,2420,107100,9.209862,84200,83697.19
2025-07-09 10:53:00,ATM+5,PUT,650,650.1,650,650.1,80,10040,10.260111,84200,83697.19
2025-07-09 10:53:00,ATM+6,CALL,214.2,214.6,212,212.5,4100,80480,9.20009,84300,83697.19
2025-07-09 10:53:00,ATM+6,PUT,706.9,706.9,706.9,706.9,0,5500,10.23266,84300,83697.19
2025-07-09 10:53:00,ATM+7,CALL,183.9,184,181.6,182.4,480,90040,9.207084,84400,83697.19
2025-07-09 10:53:00,ATM+7,PUT,782,782,782,782,0,5220,10.304502,84400,83697.19
2025-07-09 10:53:00,ATM+8,CALL,157.3,157.8,155.6,156.15,2220,224640,9.228813,84500,83697.19
2025-07-09 10:53:00,ATM+8,PUT,861.35,861.35,861.35,861.35,300,37640,10.489305,84500,83697.19
2025-07-09 10:53:00,ATM+9,CALL,133.35,133.85,132.05,132.3,1260,68440,9.230589,84600,83697.19
2025-07-09 10:53:00,ATM+9,PUT,930.25,930.25,930.25,930.25,0,2300,10.518028,84600,83697.19
2025-07-09 10:53:00,ATM+10,CALL,113,113,111.8,111.95,1540,92280,9.251056,84700,83697.19
2025-07-09 10:53:00,ATM+10,PUT,1014.8,1014.8,1014.8,1014.8,0,420,10.837179,84700,83697.19
2025-07-09 10:54:00,ATM-10,CALL,1220.15,1220.15,1220.15,1220.15,0,2100,8.658403,82700,83691.89
2025-07-09 10:54:00,ATM-10,PUT,95.95,96.45,95.6,96.3,1100,75160,10.531871,82700,83691.89
2025-07-09 10:54:00,ATM-9,CALL,1095.95,1095.95,1095.95,1095.95,0,3140,8.547963,82800,83691.89
2025-07-09 10:54:00,ATM-9,PUT,110.95,111.95,110.3,111.6,1860,86440,10.46234,82800,83691.89
2025-07-09 10:54:00,ATM-8,CALL,1025,1025,1025,1025,0,3620,8.992776,82900,83691.89
2025-07-09 10:54:00,ATM-8,PUT,128.25,128.6,128.05,128.55,300,69100,10.380277,82900,83691.89
2025-07-09 10:54:00,ATM-7,CALL,941,943.15,940,940,100,42620,9.021493,83000,83691.89
2025-07-09 10:54:00,ATM-7,PUT,148.35,149.6,148.05,149.6,3460,229520,10.356897,83000,83691.89
2025-07-09 10:54:00,ATM-6,CALL,876.45,876.45,876.45,876.45,0,7480,9.178057,83100,83691.89
2025-07-09 10:54:00,ATM-6,PUT,171.35,171.6,171.1,171.6,500,83200,10.285889,83100,83691.89
2025-07-09 10:54:00,ATM-5,CALL,790.4,790.4,787.3,787.3,80,11940,9.055166,83200,83691.89
2025-07-09 10:54:00,ATM-5,PUT,196.65,198,196.2,197.9,2340,97240,10.260791,83200,83691.89
2025-07-09 10:54:00,ATM-4,CALL,719.25,721.2,719.25,721.2,140,39320,9.212481,83300,83691.89
2025-07-09 10:54:00,ATM-4,PUT,227.4,227.55,225.7,227.1,1640,264360,10.234045,83300,83691.89
2025-07-09 10:54:00,ATM-3,CALL,653.15,655.4,650.95,653.45,280,55540,9.223688,83400,83691.89
2025-07-09 10:54:00,ATM-3,PUT,259.1,259.85,257.55,258.9,860,129480,10.194445,83400,83691.89
2025-07-09 10:54:00,ATM-2,CALL,589.9,591.05,586.7,586.7,3160,359260,9.169954,83500,83691.89
2025-07-09 10:54:00,ATM-2,PUT,294.2,295.35,292.2,294.9,6920,465560,10.178337,83500,83691.89
2025-07-09 10:54:00,ATM-1,CALL,526.5,528.05,524.1,524.1,4400,274460,9.128459,83600,83691.89
2025-07-09 10:54:00,ATM-1,PUT,334.95,335,332.4,334.7,10180,410020,10.171502,83600,83691.89
2025-07-09 10:54:00,ATM,CALL,471.35,474.05,470,470.05,7400,285220,9.196905,83700,83691.89
2025-07-09 10:54:00,ATM,PUT,378,378.8,376,377.85,3860,276260,10.161003,83700,83691.89
2025-07-09 10:54:00,ATM+1,CALL,419.2,421.35,417.25,417.9,3720,225940,9.21658,83800,83691.89
2025-07-09 10:54:00,ATM+1,PUT,425.05,426.35,422.75,426,2660,168080,10.183657,83800,83691.89
2025-07-09 10:54:00,ATM+2,CALL,371,371.65,367.8,369.15,2620,118100,9.223329,83900,83691.89
2025-07-09 10:54:00,ATM+2,PUT,476.65,477.5,474.5,477.5,1780,55900,10.200869,83900,83691.89
2025-07-09 10:54:00,ATM+3,CALL,324.85,326.2,323.05,323.05,5880,290040,9.200157,84000,83691.89
2025-07-09 10:54:00,ATM+3,PUT,531,532.4,529,531.95,1420,112080,10.20401,84000,83691.89
2025-07-09 10:54:00,ATM+4,CALL,283.65,284.95,281.6,282.1,1480,73440,9.206052,84100,83691.89
2025-07-09 10:54:00,ATM+4,PUT,590.8,591.25,589.4,589.4,220,16540,10.194893,84100,83691.89
2025-07-09 10:54:00,ATM+5,CALL,246,247.1,244.85,245.1,3780,107240,9.215808,84200,83691.89
2025-07-09 10:54:00,ATM+5,PUT,650,650,650,650,20,10120,10.177913,84200,83691.89
2025-07-09 10:54:00,ATM+6,CALL,212.65,212.65,210.75,211.45,1820,81480,9.217888,84300,83691.89
2025-07-09 10:54:00,ATM+6,PUT,706.9,706.9,706.9,706.9,0,5500,10.23266,84300,83691.89
2025-07-09 10:54:00,ATM+7,CALL,182.45,182.95,180.45,181.05,1900,90020,9.212784,84400,83691.89
2025-07-09 10:54:00,ATM+7,PUT,786,786,785,785,40,5220,10.239534,84400,83691.89
2025-07-09 10:54:00,ATM+8,CALL,156.1,156.9,154.85,154.85,3380,224100,9.231358,84500,83691.89
2025-07-09 10:54:00,ATM+8,PUT,861.35,861.35,861.35,861.35,0,37640,10.489305,84500,83691.89
2025-07-09 10:54:00,ATM+9,CALL,132.75,132.8,131.2,131.4,3360,69140,9.240494,84600,83691.89
2025-07-09 10:54:00,ATM+9,PUT,930.25,930.25,930.25,930.25,0,2300,10.518028,84600,83691.89
2025-07-09 10:54:00,ATM+10,CALL,112.2,112.2,110.6,111.5,3700,92740,9.271613,84700,83691.89
2025-07-09 10:54:00,ATM+10,PUT,1014.8,1014.8,1014.8,1014.8,0,420,10.837179,84700,83691.89
2025-07-09 10:55:00,ATM-10,CALL,1220.15,1220.15,1220.15,1220.15,0,2100,8.658403,82700,83697.54
2025-07-09 10:55:00,ATM-10,PUT,96.95,97.4,96.3,96.3,920,75160,10.566342,82700,83697.54
2025-07-09 10:55:00,ATM-9,CALL,1095.95,1095.95,1095.95,1095.95,0,3140,8.547963,82800,83697.54
2025-07-09 10:55:00,ATM-9,PUT,112,112.2,111.15,111.35,480,86440,10.489547,82800,83697.54
2025-07-09 10:55:00,ATM-8,CALL,1025,1025,1025,1025,0,3620,8.992776,82900,83697.54
2025-07-09 10:55:00,ATM-8,PUT,129.55,129.8,128.35,128.35,500,69100,10.411359,82900,83697.54
2025-07-09 10:55:00,ATM-7,CALL,940,940,940,940,0,42620,9.021493,83000,83697.54
2025-07-09 10:55:00,ATM-7,PUT,150,150.35,148.8,148.8,4060,229520,10.372009,83000,83697.54
2025-07-09 10:55:00,ATM-6,CALL,876.45,876.45,876.45,876.45,0,7480,9.178057,83100,83697.54
2025-07-09 10:55:00,ATM-6,PUT,172.85,173,171.1,171.1,940,83200,10.313025,83100,83697.54
2025-07-09 10:55:00,ATM-5,CALL,789,794.95,789,794.95,120,11940,9.154185,83200,83697.54
2025-07-09 10:55:00,ATM-5,PUT,198,199.2,197,197,2520,97240,10.280082,83200,83697.54
2025-07-09 10:55:00,ATM-4,CALL,716.9,722.05,715,722.05,560,39320,9.129502,83300,83697.54
2025-07-09 10:55:00,ATM-4,PUT,228.1,228.55,226.75,227.65,1580,264360,10.294531,83300,83697.54
2025-07-09 10:55:00,ATM-3,CALL,650,654.1,648,654,1080,55540,9.142258,83400,83697.54
2025-07-09 10:55:00,ATM-3,PUT,260.35,261.3,258.75,259.35,1880,129480,10.254618,83400,83697.54
2025-07-09 10:55:00,ATM-2,CALL,586.05,590.2,585.1,590.2,2600,359260,9.168679,83500,83697.54
2025-07-09 10:55:00,ATM-2,PUT,295.15,296.75,293.65,294.3,5400,465560,10.215864,83500,83697.54
2025-07-09 10:55:00,ATM-1,CALL,524,527.65,522.3,526.35,7180,274460,9.102658,83600,83697.54
2025-07-09 10:55:00,ATM-1,PUT,334,336.65,333,333.4,9920,410020,10.196261,83600,83697.54
2025-07-09 10:55:00,ATM,CALL,470.75,473.85,468.05,473.85,8780,285220,9.212853,83700,83697.54
2025-07-09 10:55:00,ATM,PUT,377.9,380,376.6,377.3,7860,276260,10.207401,83700,83697.54
2025-07-09 10:55:00,ATM+1,CALL,416.35,421.6,415.2,421.05,10560,225940,9.222557,83800,83697.54
2025-07-09 10:55:00,ATM+1,PUT,426,428.95,423.3,423.3,7560,168080,10.184865,83800,83697.54
2025-07-09 10:55:00,ATM+2,CALL,367.85,371,366.55,370.65,2880,118100,9.196448,83900,83697.54
2025-07-09 10:55:00,ATM+2,PUT,478.9,479,474.3,474.9,3700,55900,10.209026,83900,83697.54
2025-07-09 10:55:00,ATM+3,CALL,323,326.2,321.65,326.2,7100,290040,9.21656,84000,83697.54
2025-07-09 10:55:00,ATM+3,PUT,533,534.9,529.35,529.55,6960,112080,10.221525,84000,83697.54
2025-07-09 10:55:00,ATM+4,CALL,280.8,284.95,280.1,284.95,1780,73440,9.220832,84100,83697.54
2025-07-09 10:55:00,ATM+4,PUT,590.15,590.15,589,589.45,80,16540,10.275155,84100,83697.54
2025-07-09 10:55:00,ATM+5,CALL,244,247.5,243.5,247.1,1980,107240,9.21541,84200,83697.54
2025-07-09 10:55:00,ATM+5,PUT,655.5,655.5,650.8,650.8,140,10120,10.282957,84200,83697.54
2025-07-09 10:55:00,ATM+6,CALL,211.25,213.45,209.7,213.45,3000,81480,9.222659,84300,83697.54
2025-07-09 10:55:00,ATM+6,PUT,706.9,706.9,706.9,706.9,0,5500,10.23266,84300,83697.54
2025-07-09 10:55:00,ATM+7,CALL,180.4,183,179.6,182.5,1800,90020,9.208311,84400,83697.54
2025-07-09 10:55:00,ATM+7,PUT,785,785,785,785,0,5220,10.239534,84400,83697.54
2025-07-09 10:55:00,ATM+8,CALL,154.1,156.6,153.65,156.55,4300,224100,9.238847,84500,83697.54
2025-07-09 10:55:00,ATM+8,PUT,857.85,862.4,857.85,862.4,220,37640,10.52496,84500,83697.54
2025-07-09 10:55:00,ATM+9,CALL,130.8,132.75,130.5,132.75,1600,69140,9.243074,84600,83697.54
2025-07-09 10:55:00,ATM+9,PUT,934.05,934.05,934.05,934.05,20,2300,10.481271,84600,83697.54
2025-07-09 10:55:00,ATM+10,CALL,110.6,112.45,110,112.45,2220,92740,9.266379,84700,83697.54
2025-07-09 10:55:00,ATM+10,PUT,1014.8,1014.8,1014.8,1014.8,0,420,10.837179,84700,83697.54
2025-07-09 10:56:00,ATM-10,CALL,1220.15,1220.15,1220.15,1220.15,0,2100,8.658403,82700,83694.53
2025-07-09 10:56:00,ATM-10,PUT,96.6,96.95,95.85,96.95,1620,75160,10.57337,82700,83694.53
2025-07-09 10:56:00,ATM-9,CALL,1095.95,1095.95,1095.95,1095.95,0,3140,8.547963,82800,83694.53
2025-07-09 10:56:00,ATM-9,PUT,111.3,112,110.7,111.45,920,86440,10.474644,82800,83694.53
2025-07-09 10:56:00,ATM-8,CALL,1025,1025,1025,1025,0,3620,8.992776,82900,83694.53
2025-07-09 10:56:00,ATM-8,PUT,128.3,129.95,128.3,129.75,780,69100,10.437692,82900,83694.53
2025-07-09 10:56:00,ATM-7,CALL,945.6,945.6,940,940,540,42620,8.952476,83000,83694.53
2025-07-09 10:56:00,ATM-7,PUT,149.25,150.3,148.5,149.1,1940,229520,10.360855,83000,83694.53
2025-07-09 10:56:00,ATM-6,CALL,862.75,862.75,862.75,862.75,80,7480,8.998538,83100,83694.53
2025-07-09 10:56:00,ATM-6,PUT,171.65,172.7,171.3,171.9,840,83200,10.31459,83100,83694.53
2025-07-09 10:56:00,ATM-5,CALL,786.55,786.55,786.55,786.55,20,11940,8.979615,83200,83694.53
2025-07-09 10:56:00,ATM-5,PUT,197.2,199.6,196.75,198.3,1900,97240,10.292795,83200,83694.53
2025-07-09 10:56:00,ATM-4,CALL,718,718,715.6,715.8,120,39320,9.020165,83300,83694.53
2025-07-09 10:56:00,ATM-4,PUT,227.1,228.95,226.85,226.9,1220,264360,10.251161,83300,83694.53
2025-07-09 10:56:00,ATM-3,CALL,651.9,651.9,649.35,651.8,280,55540,9.138554,83400,83694.53
2025-07-09 10:56:00,ATM-3,PUT,258,261.55,258,260.3,1460,129480,10.252857,83400,83694.53
2025-07-09 10:56:00,ATM-2,CALL,590.65,591.95,585,586.05,2760,359260,9.114797,83500,83694.53
2025-07-09 10:56:00,ATM-2,PUT,293.6,296.45,293.15,295.25,5280,465560,10.21175,83500,83694.53
2025-07-09 10:56:00,ATM-1,CALL,527,528.75,522.35,523.75,4880,274460,9.08437,83600,83694.53
2025-07-09 10:56:00,ATM-1,PUT,334.05,336.6,333.1,335.6,8660,410020,10.219245,83600,83694.53
2025-07-09 10:56:00,ATM,CALL,472.95,474,467.45,470.6,7040,285220,9.177022,83700,83694.53
2025-07-09 10:56:00,ATM,PUT,376.9,380.8,376.1,379.4,5360,276260,10.225233,83700,83694.53
2025-07-09 10:56:00,ATM+1,CALL,420.4,422.3,416,418.35,3620,225940,9.196967,83800,83694.53
2025-07-09 10:56:00,ATM+1,PUT,424.6,428.1,423.25,426.4,5640,168080,10.223097,83800,83694.53
2025-07-09 10:56:00,ATM+2,CALL,370.1,372,366.05,367.55,4080,118100,9.158858,83900,83694.53
2025-07-09 10:56:00,ATM+2,PUT,474.05,479.6,474.05,477.95,1160,55900,10.243631,83900,83694.53
2025-07-09 10:56:00,ATM+3,CALL,325.4,326.4,321.2,323,3080,290040,9.173467,84000,83694.53
2025-07-09 10:56:00,ATM+3,PUT,530.4,533.55,528.5,531.6,2640,112080,10.230704,84000,83694.53
2025-07-09 10:56:00,ATM+4,CALL,283.8,285.15,280.55,282.3,1020,73440,9.187129,84100,83694.53
2025-07-09 10:56:00,ATM+4,PUT,588.25,592.15,588.25,591.1,140,16540,10.272568,84100,83694.53
2025-07-09 10:56:00,ATM+5,CALL,246.3,247.65,243.2,244.9,1380,107240,9.188877,84200,83694.53
2025-07-09 10:56:00,ATM+5,PUT,651.35,655,651.35,655,140,10120,10.339439,84200,83694.53
2025-07-09 10:56:00,ATM+6,CALL,212.55,213.7,209.7,211.3,980,81480,9.193505,84300,83694.53
2025-07-09 10:56:00,ATM+6,PUT,722.25,722.25,722.25,722.25,20,5580,10.410644,84300,83694.53
2025-07-09 10:56:00,ATM+7,CALL,182.9,183.3,179.7,181.25,2160,90020,9.198912,84400,83694.53
2025-07-09 10:56:00,ATM+7,PUT,785,785,785,785,0,5220,10.239534,84400,83694.53
2025-07-09 10:56:00,ATM+8,CALL,156.15,157,153.5,154.5,3580,224100,9.203354,84500,83694.53
2025-07-09 10:56:00,ATM+8,PUT,858.1,858.1,858.1,858.1,40,37640,10.350407,84500,83694.53
2025-07-09 10:56:00,ATM+9,CALL,132.75,133.3,130,130.9,940,69140,9.208287,84600,83694.53
2025-07-09 10:56:00,ATM+9,PUT,934.05,934.05,934.05,934.05,0,2300,10.481271,84600,83694.53
2025-07-09 10:56:00,ATM+10,CALL,112.5,112.7,110.05,111.05,7640,92740,9.240799,84700,83694.53
2025-07-09 10:56:00,ATM+10,PUT,1014.8,1014.8,1014.8,1014.8,0,420,10.837179,84700,83694.53
2025-07-09 10:57:00,ATM-10,CALL,1220.15,1220.15,1220.15,1220.15,0,2100,8.658403,82700,83693.05
2025-07-09 10:57:00,ATM-10,PUT,97.25,97.25,96.4,96.4,100,75040,10.544124,82700,83693.05
2025-07-09 10:57:00,ATM-9,CALL,1095.95,1095.95,1095.95,1095.95,0,3140,8.547963,82800,83693.05
2025-07-09 10:57:00,ATM-9,PUT,111.75,112.3,111.2,111.5,980,85960,10.467585,82800,83693.05
2025-07-09 10:57:00,ATM-8,CALL,1025,1025,1025,1025,0,3620,8.992776,82900,83693.05
2025-07-09 10:57:00,ATM-8,PUT,129.4,130,128.8,128.9,380,69400,10.400748,82900,83693.05
2025-07-09 10:57:00,ATM-7,CALL,937.4,937.4,935.9,935.9,400,42580,8.855882,83000,83693.05
2025-07-09 10:57:00,ATM-7,PUT,149.85,150.3,148.65,149.2,2400,230340,10.35415,83000,83693.05
2025-07-09 10:57:00,ATM-6,CALL,862.75,862.75,862.75,862.75,0,7480,8.998538,83100,83693.05
2025-07-09 10:57:00,ATM-6,PUT,173,173.5,171.9,172.35,1760,83640,10.317188,83100,83693.05
2025-07-09 10:57:00,ATM-5,CALL,786.9,786.9,784.45,784.45,340,11920,8.951959,83200,83693.05
2025-07-09 10:57:00,ATM-5,PUT,198.95,199.6,197.4,198.1,1780,96220,10.276472,83200,83693.05
2025-07-09 10:57:00,ATM-4,CALL,714.05,716.75,714.05,716.75,140,39280,9.074459,83300,83693.05
2025-07-09 10:57:00,ATM-4,PUT,228.85,229.1,226.7,227.1,2440,265300,10.244786,83300,83693.05
2025-07-09 10:57:00,ATM-3,CALL,648,649.9,646.3,649.9,440,55700,9.116336,83400,83693.05
2025-07-09 10:57:00,ATM-3,PUT,261,261.9,259.2,260.1,1380,130660,10.235589,83400,83693.05
2025-07-09 10:57:00,ATM-2,CALL,587.15,587.15,582.75,585.8,2340,365140,9.132365,83500,83693.05
2025-07-09 10:57:00,ATM-2,PUT,295.05,297.5,294.65,295,3400,466820,10.192624,83500,83693.05
2025-07-09 10:57:00,ATM-1,CALL,523.3,525,521,525,5680,273120,9.135618,83600,83693.05
2025-07-09 10:57:00,ATM-1,PUT,335.65,337,334.45,334.75,7800,409400,10.185225,83600,83693.05
2025-07-09 10:57:00,ATM,CALL,469.7,470.55,466.2,469.6,8560,287780,9.173637,83700,83693.05
2025-07-09 10:57:00,ATM,PUT,379.15,381.3,378,379.35,5780,274480,10.209075,83700,83693.05
2025-07-09 10:57:00,ATM+1,CALL,418,418.1,413.3,416.15,9880,226940,9.16463,83800,83693.05
2025-07-09 10:57:00,ATM+1,PUT,426.65,429.1,425.75,426.85,6640,164940,10.217344,83800,83693.05
2025-07-09 10:57:00,ATM+2,CALL,367.25,368,364.9,367.25,5760,117160,9.168892,83900,83693.05
2025-07-09 10:57:00,ATM+2,PUT,478,480.8,477.15,477.15,3960,57140,10.207858,83900,83693.05
2025-07-09 10:57:00,ATM+3,CALL,321.55,323,320,322,4600,292560,9.165927,84000,83693.05
2025-07-09 10:57:00,ATM+3,PUT,534,534.3,531,532.2,2200,111760,10.225902,84000,83693.05
2025-07-09 10:57:00,ATM+4,CALL,280.5,282.15,279.45,280.9,2380,75060,9.168533,84100,83693.05
2025-07-09 10:57:00,ATM+4,PUT,592.4,594,592.4,592.45,160,16000,10.284164,84100,83693.05
2025-07-09 10:57:00,ATM+5,CALL,242.75,245,242.25,244.2,580,108460,9.185464,84200,83693.05
2025-07-09 10:57:00,ATM+5,PUT,655,655,655,655,0,10120,10.339439,84200,83693.05
2025-07-09 10:57:00,ATM+6,CALL,210.85,212.15,209,211.2,3200,77680,9.203853,84300,83693.05
2025-07-09 10:57:00,ATM+6,PUT,722.25,722.25,722.25,722.25,0,5580,10.410644,84300,83693.05
2025-07-09 10:57:00,ATM+7,CALL,180,180.95,179,180.75,1080,90040,9.197646,84400,83693.05
2025-07-09 10:57:00,ATM+7,PUT,793.5,793.5,793.5,793.5,20,5000,10.481712,84400,83693.05
2025-07-09 10:57:00,ATM+8,CALL,153.7,155.1,153,154.2,3160,224920,9.206277,84500,83693.05
2025-07-09 10:57:00,ATM+8,PUT,865,865,863.8,863.8,260,37660,10.476534,84500,83693.05
2025-07-09 10:57:00,ATM+9,CALL,129.9,131.45,129.9,130.75,860,71800,9.214558,84600,83693.05
2025-07-09 10:57:00,ATM+9,PUT,942,942,942,942,40,2300,10.613053,84600,83693.05
2025-07-09 10:57:00,ATM+10,CALL,110.3,110.9,109.65,110.9,1780,93560,9.246164,84700,83693.05
2025-07-09 10:57:00,ATM+10,PUT,1014.8,1014.8,1014.8,1014.8,0,420,10.837179,84700,83693.05
2025-07-09 10:58:00,ATM-10,CALL,1220.15,1220.15,1220.15,1220.15,0,2100,8.658403,82700,83690.92
2025-07-09 10:58:00,ATM-10,PUT,96.6,96.9,96,96,1540,75040,10.516635,82700,83690.92
2025-07-09 10:58:00,ATM-9,CALL,1095.95,1095.95,1095.95,1095.95,0,3140,8.547963,82800,83690.92
2025-07-09 10:58:00,ATM-9,PUT,111.5,112,111.45,111.45,300,85960,10.45293,82800,83690.92
2025-07-09 10:58:00,ATM-8,CALL,1025,1025,1025,1025,0,3620,8.992776,82900,83690.92
2025-07-09 10:58:00,ATM-8,PUT,129.5,129.7,128.55,128.55,200,69400,10.375803,82900,83690.92
2025-07-09 10:58:00,ATM-7,CALL,935,935,928.25,931.95,1340,42580,8.781651,83000,83690.92
2025-07-09 10:58:00,ATM-7,PUT,149.4,150.45,148.9,149.3,4180,230340,10.342943,83000,83690.92
2025-07-09 10:58:00,ATM-6,CALL,862.75,862.75,862.75,862.75,0,7480,8.998538,83100,83690.92
2025-07-09 10:58:00,ATM-6,PUT,172.85,173.5,172,172.05,1540,83640,10.293568,83100,83690.92
2025-07-09 10:58:00,ATM-5,CALL,787.85,787.85,782.65,782.65,40,11920,8.94668,83200,83690.92
2025-07-09 10:58:00,ATM-5,PUT,198.1,199.55,198,198.15,2900,96220,10.261939,83200,83690.92
2025-07-09 10:58:00,ATM-4,CALL,714.5,714.5,709.55,712.5,700,39280,9.001972,83300,83690.92
2025-07-09 10:58:00,ATM-4,PUT,227.4,229.05,227.4,227.9,980,265300,10.248646,83300,83690.92
2025-07-09 10:58:00,ATM-3,CALL,647,648.65,640.6,647.05,2940,55700,9.081077,83400,83690.92
2025-07-09 10:58:00,ATM-3,PUT,260,262,259.3,260.2,2540,130660,10.220181,83400,83690.92
2025-07-09 10:58:00,ATM-2,CALL,583.65,584.7,577,583.95,9120,365140,9.120927,83500,83690.92
2025-07-09 10:58:00,ATM-2,PUT,296,297.65,295.1,295.1,6400,466820,10.175984,83500,83690.92
2025-07-09 10:58:00,ATM-1,CALL,522.15,522.6,515.5,522,12300,273120,9.095341,83600,83690.92
2025-07-09 10:58:00,ATM-1,PUT,335.95,338.6,335.2,335.75,10720,409400,10.188425,83600,83690.92
2025-07-09 10:58:00,ATM,CALL,468.75,468.75,460.9,466.6,18220,287780,9.132167,83700,83690.92
2025-07-09 10:58:00,ATM,PUT,378.55,382.8,378.55,379.85,12620,274480,10.198875,83700,83690.92
2025-07-09 10:58:00,ATM+1,CALL,415.05,416,408.65,414,19700,226940,9.141138,83800,83690.92
2025-07-09 10:58:00,ATM+1,PUT,426.6,431.05,426.15,426.85,9060,164940,10.193951,83800,83690.92
2025-07-09 10:58:00,ATM+2,CALL,365.5,365.9,360,364.05,7740,117160,9.119207,83900,83690.92
2025-07-09 10:58:00,ATM+2,PUT,478,482.65,478,478.4,2120,57140,10.211471,83900,83690.92
2025-07-09 10:58:00,ATM+3,CALL,322,322,316,320.85,12860,292560,9.161471,84000,83690.92
2025-07-09 10:58:00,ATM+3,PUT,533,537.75,532,532.35,3260,111760,10.202212,84000,83690.92
2025-07-09 10:58:00,ATM+4,CALL,280.65,280.8,275.85,279.35,3880,75060,9.15247,84100,83690.92
2025-07-09 10:58:00,ATM+4,PUT,593.45,594.25,593.45,593.75,60,16000,10.285494,84100,83690.92
2025-07-09 10:58:00,ATM+5,CALL,243.1,243.25,239.2,242,4900,108460,9.150952,84200,83690.92
2025-07-09 10:58:00,ATM+5,PUT,657.35,657.35,656.7,656.7,60,10140,10.326738,84200,83690.92
2025-07-09 10:58:00,ATM+6,CALL,210.3,210.45,206.85,209.45,3740,77680,9.177424,84300,83690.92
2025-07-09 10:58:00,ATM+6,PUT,722.25,722.25,722.25,722.25,0,5580,10.410644,84300,83690.92
2025-07-09 10:58:00,ATM+7,CALL,180,180.05,176.8,179.55,2840,90040,9.182594,84400,83690.92
2025-07-09 10:58:00,ATM+7,PUT,793.5,793.5,793.5,793.5,0,5000,10.481712,84400,83690.92
2025-07-09 10:58:00,ATM+8,CALL,153.65,153.7,151,153.2,4280,224920,9.193976,84500,83690.92
2025-07-09 10:58:00,ATM+8,PUT,870,870,869.45,869.45,40,37660,10.588444,84500,83690.92
2025-07-09 10:58:00,ATM+9,CALL,130.65,130.7,128.45,129.5,2280,71800,9.191694,84600,83690.92
2025-07-09 10:58:00,ATM+9,PUT,940,940,940,940,100,2300,10.51119,84600,83690.92
2025-07-09 10:58:00,ATM+10,CALL,110.3,110.3,108.2,109.6,2720,93560,9.217824,84700,83690.92
2025-07-09 10:58:00,ATM+10,PUT,1014.8,1014.8,1014.8,1014.8,0,420,10.837179,84700,83690.92
2025-07-09 10:59:00,ATM-10,CALL,1220.15,1220.15,1220.15,1220.15,0,2100,8.658403,82700,83687.93
2025-07-09 10:59:00,ATM-10,PUT,95.7,97.3,95.05,97.3,1400,75040,10.548304,82700,83687.93
2025-07-09 10:59:00,ATM-9,CALL,1095.95,1095.95,1095.95,1095.95,0,3140,8.547963,82800,83687.93
2025-07-09 10:59:00,ATM-9,PUT,111.35,112.5,109.8,112.5,840,85960,10.471324,82800,83687.93
2025-07-09 10:59:00,ATM-8,CALL,1016.25,1016.25,1016.25,1016.25,20,3600,8.960598,82900,83687.93
2025-07-09 10:59:00,ATM-8,PUT,128.5,129.2,127.2,129.2,1540,69400,10.377756,82900,83687.93
2025-07-09 10:59:00,ATM-7,CALL,936.75,936.75,936.75,936.75,20,42580,9.023875,83000,83687.93
2025-07-09 10:59:00,ATM-7,PUT,148.5,150,147.05,150,3280,230340,10.344006,83000,83687.93
2025-07-09 10:59:00,ATM-6,CALL,858.4,858.4,858.4,858.4,20,7440,9.024507,83100,83687.93
2025-07-09 10:59:00,ATM-6,PUT,172.35,173.3,170.45,173.3,1060,83640,10.308007,83100,83687.93
2025-07-09 10:59:00,ATM-5,CALL,782.95,782.95,782,782,40,11920,8.992278,83200,83687.93
2025-07-09 10:59:00,ATM-5,PUT,197.6,199.45,196,199.45,1360,96220,10.274639,83200,83687.93
2025-07-09 10:59:00,ATM-4,CALL,715.05,719,715.05,719,80,39280,9.23215,83300,83687.93
2025-07-09 10:59:00,ATM-4,PUT,226.8,229.2,225,229.2,1980,265300,10.258383,83300,83687.93
2025-07-09 10:59:00,ATM-3,CALL,648.35,652.35,645,645,1820,55700,9.080735,83400,83687.93
2025-07-09 10:59:00,ATM-3,PUT,259.3,260.8,257,260.8,1460,130660,10.209768,83400,83687.93
2025-07-09 10:59:00,ATM-2,CALL,583.05,588.25,580,580,3900,365140,9.07155,83500,83687.93
2025-07-09 10:59:00,ATM-2,PUT,296,296.45,292.1,296.4,6300,466820,10.180357,83500,83687.93
2025-07-09 10:59:00,ATM-1,CALL,521.45,525,517.35,517.35,4440,273120,9.028094,83600,83687.93
2025-07-09 10:59:00,ATM-1,PUT,335.8,337.2,332.5,336.7,7260,409400,10.182003,83600,83687.93
2025-07-09 10:59:00,ATM,CALL,465.6,470.65,465,465,7800,287780,9.134252,83700,83687.93
2025-07-09 10:59:00,ATM,PUT,379.25,381,375.55,381,6340,274480,10.194724,83700,83687.93
2025-07-09 10:59:00,ATM+1,CALL,413.95,417.9,410.9,410.9,5760,226940,9.105922,83800,83687.93
2025-07-09 10:59:00,ATM+1,PUT,426.3,428.05,423.8,428.05,2720,164940,10.188511,83800,83687.93
2025-07-09 10:59:00,ATM+2,CALL,364.85,368,361.4,361.4,2800,117160,9.091539,83900,83687.93
2025-07-09 10:59:00,ATM+2,PUT,478.6,478.6,475,475.35,420,57140,10.105627,83900,83687.93
2025-07-09 10:59:00,ATM+3,CALL,320.25,323.75,317.6,317.6,3860,292560,9.116729,84000,83687.93
2025-07-09 10:59:00,ATM+3,PUT,533.4,536,528.35,536,2660,111760,10.248681,84000,83687.93
2025-07-09 10:59:00,ATM+4,CALL,280,282.6,276.95,276.95,2360,75060,9.124202,84100,83687.93
2025-07-09 10:59:00,ATM+4,PUT,588.9,589.9,587.8,589.5,660,16000,10.143496,84100,83687.93
2025-07-09 10:59:00,ATM+5,CALL,242.4,245.65,240.75,240.75,1920,108460,9.147236,84200,83687.93
2025-07-09 10:59:00,ATM+5,PUT,654.65,657.25,654.65,657.25,320,10140,10.295106,84200,83687.93
2025-07-09 10:59:00,ATM+6,CALL,209.25,212.25,207.7,207.7,4260,77680,9.157964,84300,83687.93
2025-07-09 10:59:00,ATM+6,PUT,719.25,719.25,718.5,718.5,40,5580,10.209393,84300,83687.93
2025-07-09 10:59:00,ATM+7,CALL,179.45,182.25,178,178,5720,90040,9.164678,84400,83687.93
2025-07-09 10:59:00,ATM+7,PUT,790.35,790.95,790.35,790.95,40,5000,10.32466,84400,83687.93
2025-07-09 10:59:00,ATM+8,CALL,153.15,156,153,153,4080,224920,9.210714,84500,83687.93
2025-07-09 10:59:00,ATM+8,PUT,862,862,862,862,60,37660,10.328062,84500,83687.93
2025-07-09 10:59:00,ATM+9,CALL,129.8,132.15,128.9,128.9,2580,71800,9.194519,84600,83687.93
2025-07-09 10:59:00,ATM+9,PUT,940,940,940,940,0,2300,10.51119,84600,83687.93
2025-07-09 10:59:00,ATM+10,CALL,109.55,111.65,109.55,109.65,3340,93560,9.239589,84700,83687.93
2025-07-09 10:59:00,ATM+10,PUT,1017.55,1017.55,1017.55,1017.55,20,440,10.483795,84700,83687.93
2025-07-09 11:00:00,ATM-10,CALL,1220.15,1220.15,1220.15,1220.15,0,2100,8.658403,82700,83703.82
2025-07-09 11:00:00,ATM-10,PUT,97.35,98.05,97.15,97.65,1940,75140,10.657803,82700,83703.82
2025-07-09 11:00:00,ATM-9,CALL,1095.95,1095.95,1095.95,1095.95,0,3140,8.547963,82800,83703.82
2025-07-09 11:00:00,ATM-9,PUT,112.5,113.5,112.35,112.45,840,86860,10.570042,82800,83703.82
2025-07-09 11:00:00,ATM-8,CALL,1010.45,1010.45,1010.45,1010.45,20,3620,8.224206,82900,83703.82
2025-07-09 11:00:00,ATM-8,PUT,130.65,131.2,130.2,130.4,1080,70340,10.521939,82900,83703.82
2025-07-09 11:00:00,ATM-7,CALL,933.7,935.9,928,935.4,240,42020,8.540177,83000,83703.82
2025-07-09 11:00:00,ATM-7,PUT,149.8,151.75,149.8,150.3,12100,228460,10.463453,83000,83703.82
2025-07-09 11:00:00,ATM-6,CALL,853.95,854.1,853.95,854.1,60,7440,8.503294,83100,83703.82
2025-07-09 11:00:00,ATM-6,PUT,173.55,174.55,173.25,173.75,1640,83240,10.436974,83100,83703.82
2025-07-09 11:00:00,ATM-5,CALL,780,783.8,780,783.8,100,12040,8.702868,83200,83703.82
2025-07-09 11:00:00,ATM-5,PUT,199.35,201,199.35,199.8,2760,96220,10.406542,83200,83703.82
2025-07-09 11:00:00,ATM-4,CALL,708.6,714,708.6,713.7,440,39280,8.787899,83300,83703.82
2025-07-09 11:00:00,ATM-4,PUT,229.15,230.6,228.75,229,2120,263880,10.382622,83300,83703.82
2025-07-09 11:00:00,ATM-3,CALL,642.2,646.85,640,646.85,1980,55840,8.855057,83400,83703.82
2025-07-09 11:00:00,ATM-3,PUT,261.45,263.5,260.85,261.85,2200,130660,10.373006,83400,83703.82
2025-07-09 11:00:00,ATM-2,CALL,580,584,576.95,583,10680,365140,8.897973,83500,83703.82
2025-07-09 11:00:00,ATM-2,PUT,296.2,299.25,296.2,297.3,8020,468840,10.347683,83500,83703.82
2025-07-09 11:00:00,ATM-1,CALL,518.45,521.5,514.4,521.5,8100,273540,8.90166,83600,83703.82
2025-07-09 11:00:00,ATM-1,PUT,336.75,339.55,335.8,336.25,8520,409400,10.326502,83600,83703.82
2025-07-09 11:00:00,ATM,CALL,463,466.15,460.2,465.3,13380,287060,8.935815,83700,83703.82
2025-07-09 11:00:00,ATM,PUT,380.75,384,380.35,380.4,11320,277100,10.346484,83700,83703.82
2025-07-09 11:00:00,ATM+1,CALL,410.3,414.05,407.8,413,9700,222600,8.965571,83800,83703.82
2025-07-09 11:00:00,ATM+1,PUT,428.25,432.3,428.25,428.55,8700,163900,10.377421,83800,83703.82
2025-07-09 11:00:00,ATM+2,CALL,361.25,364.3,359.4,364,4940,117000,8.977402,83900,83703.82
2025-07-09 11:00:00,ATM+2,PUT,482,484.15,480,480,3540,55640,10.403193,83900,83703.82
2025-07-09 11:00:00,ATM+3,CALL,317.35,320.1,315.25,319.15,7120,291680,8.991678,84000,83703.82
2025-07-09 11:00:00,ATM+3,PUT,534.95,538.6,534.15,534.65,4120,109760,10.422259,84000,83703.82
2025-07-09 11:00:00,ATM+4,CALL,277.4,279.55,275.05,278.7,1980,75020,9.016054,84100,83703.82
2025-07-09 11:00:00,ATM+4,PUT,595.25,596.4,595.25,595.7,100,16040,10.51104,84100,83703.82
2025-07-09 11:00:00,ATM+5,CALL,241.2,242.75,238,242.1,3600,107520,9.040644,84200,83703.82
2025-07-09 11:00:00,ATM+5,PUT,658,658,658,658,580,10280,10.552161,84200,83703.82
2025-07-09 11:00:00,ATM+6,CALL,208.05,209.45,205.95,208.8,2680,80860,9.055366,84300,83703.82
2025-07-09 11:00:00,ATM+6,PUT,718.5,718.5,718.5,718.5,0,5580,10.209393,84300,83703.82
2025-07-09 11:00:00,ATM+7,CALL,178.5,179.7,176.05,179.7,1560,90320,9.087664,84400,83703.82
2025-07-09 11:00:00,ATM+7,PUT,790.95,790.95,790.95,790.95,0,5000,10.32466,84400,83703.82
2025-07-09 11:00:00,ATM+8,CALL,152.45,153.7,151,153.7,5420,229700,9.115103,84500,83703.82
2025-07-09 11:00:00,ATM+8,PUT,870,870,870,870,60,37700,10.849831,84500,83703.82
2025-07-09 11:00:00,ATM+9,CALL,129.2,130.55,127.75,130.5,840,72780,9.134403,84600,83703.82
2025-07-09 11:00:00,ATM+9,PUT,951.8,951.8,951.8,951.8,20,2200,11.11129,84600,83703.82
2025-07-09 11:00:00,ATM+10,CALL,109.25,110.75,108.25,109.9,1480,95320,9.144701,84700,83703.82
2025-07-09 11:00:00,ATM+10,PUT,1017.55,1017.55,1017.55,1017.55,0,440,10.483795,84700,83703.82
2025-07-09 11:01:00,ATM-10,CALL,1220.15,1220.15,1220.15,1220.15,0,2100,8.658403,82700,83687.8
2025-07-09 11:01:00,ATM-10,PUT,97.7,98.1,96.8,98.1,820,75140,10.578658,82700,83687.8
2025-07-09 11:01:00,ATM-9,CALL,1095.95,1095.95,1095.95,1095.95,0,3140,8.547963,82800,83687.8
2025-07-09 11:01:00,ATM-9,PUT,112.15,113.4,111.5,113.15,660,86860,10.494153,82800,83687.8
2025-07-09 11:01:00,ATM-8,CALL,1010.45,1010.45,1010.45,1010.45,0,3620,8.224206,82900,83687.8
2025-07-09 11:01:00,ATM-8,PUT,129.35,130.95,129,130.95,1520,70340,10.434668,82900,83687.8
2025-07-09 11:01:00,ATM-7,CALL,937.35,937.35,929.1,929.1,120,42020,8.7735,83000,83687.8
2025-07-09 11:01:00,ATM-7,PUT,150.3,151.9,149.5,151.9,2520,228460,10.401666,83000,83687.8
2025-07-09 11:01:00,ATM-6,CALL,854.1,854.1,854.1,854.1,20,7440,8.897766,83100,83687.8
2025-07-09 11:01:00,ATM-6,PUT,172.95,173.85,172.2,173.85,380,83240,10.323691,83100,83687.8
2025-07-09 11:01:00,ATM-5,CALL,783.8,783.8,783.8,783.8,0,12040,8.702868,83200,83687.8
2025-07-09 11:01:00,ATM-5,PUT,199.3,200.35,197.95,200.35,1780,96220,10.298899,83200,83687.8
2025-07-09 11:01:00,ATM-4,CALL,715.9,715.9,715.9,715.9,20,39280,9.153881,83300,83687.8
2025-07-09 11:01:00,ATM-4,PUT,229.15,230.6,227,230.1,2140,263880,10.281457,83300,83687.8
2025-07-09 11:01:00,ATM-3,CALL,647.35,649.45,642.05,642.05,280,55840,9.009657,83400,83687.8
2025-07-09 11:01:00,ATM-3,PUT,260.1,261.4,259.1,261.25,1020,130660,10.2207,83400,83687.8
2025-07-09 11:01:00,ATM-2,CALL,583,585.65,577.05,577.05,3360,365140,9.003133,83500,83687.8
2025-07-09 11:01:00,ATM-2,PUT,297.25,299,294.65,299,6340,468840,10.242641,83500,83687.8
2025-07-09 11:01:00,ATM-1,CALL,521.5,523.6,515.65,516.6,5440,273540,9.013624,83600,83687.8
2025-07-09 11:01:00,ATM-1,PUT,336.35,339.2,334.15,338.2,6240,409400,10.216864,83600,83687.8
2025-07-09 11:01:00,ATM,CALL,465.3,468,460.95,460.95,12020,287060,9.043305,83700,83687.8
2025-07-09 11:01:00,ATM,PUT,381.3,383.85,377.6,383.85,6520,277100,10.260239,83700,83687.8
2025-07-09 11:01:00,ATM+1,CALL,412.35,415.25,408,408,6300,222600,9.042096,83800,83687.8
2025-07-09 11:01:00,ATM+1,PUT,427.2,431.55,425.7,431.55,4900,163900,10.268404,83800,83687.8
2025-07-09 11:01:00,ATM+2,CALL,363.5,366,360,360.2,2560,117000,9.06666,83900,83687.8
2025-07-09 11:01:00,ATM+2,PUT,479.35,483.5,478.8,483.5,1280,55640,10.292605,83900,83687.8
2025-07-09 11:01:00,ATM+3,CALL,319.05,321.85,315.45,315.95,3580,291680,9.080907,84000,83687.8
2025-07-09 11:01:00,ATM+3,PUT,534.05,536.95,531.5,536.95,3400,109760,10.269815,84000,83687.8
2025-07-09 11:01:00,ATM+4,CALL,278.8,280.4,275.4,275.4,960,75020,9.089811,84100,83687.8
2025-07-09 11:01:00,ATM+4,PUT,592,596,591.55,596,160,16040,10.296091,84100,83687.8
2025-07-09 11:01:00,ATM+5,CALL,241.7,243.4,238.45,238.45,960,107520,9.093123,84200,83687.8
2025-07-09 11:01:00,ATM+5,PUT,658,658,655.5,655.5,80,10280,10.251386,84200,83687.8
2025-07-09 11:01:00,ATM+6,CALL,209,209.9,206.05,206.2,940,80860,9.12189,84300,83687.8
2025-07-09 11:01:00,ATM+6,PUT,727.05,727.05,724.35,724.35,40,5620,10.354311,84300,83687.8
2025-07-09 11:01:00,ATM+7,CALL,179.6,180.4,176.75,176.85,1620,90320,9.135956,84400,83687.8
2025-07-09 11:01:00,ATM+7,PUT,789.3,792.55,789.3,792.55,40,4980,10.364543,84400,83687.8
2025-07-09 11:01:00,ATM+8,CALL,153.65,154.3,151,151.3,2200,229700,9.164309,84500,83687.8
2025-07-09 11:01:00,ATM+8,PUT,867.95,872.55,866.05,872.55,200,37700,10.612777,84500,83687.8
2025-07-09 11:01:00,ATM+9,CALL,131,131,128.25,128.25,960,72780,9.176721,84600,83687.8
2025-07-09 11:01:00,ATM+9,PUT,939.55,939.55,939.55,939.55,20,2200,10.432321,84600,83687.8
2025-07-09 11:01:00,ATM+10,CALL,110.5,110.8,108.25,108.25,1100,95320,9.195279,84700,83687.8
2025-07-09 11:01:00,ATM+10,PUT,1017.55,1017.55,1017.55,1017.55,0,440,10.483795,84700,83687.8
2025-07-09 11:02:00,ATM-10,CALL,1163.1,1163.1,1163.1,1163.1,20,2100,8.208403,82700,83679.05
2025-07-09 11:02:00,ATM-10,PUT,98.05,101,97.8,100.95,5500,75140,10.632699,82700,83679.05
2025-07-09 11:02:00,ATM-9,CALL,1080,1086.55,1072.95,1086.55,160,3140,8.713418,82800,83679.05
2025-07-09 11:02:00,ATM-9,PUT,113.15,116.2,112.5,115.5,4240,86860,10.52083,82800,83679.05
2025-07-09 11:02:00,ATM-8,CALL,1010.45,1010.45,999.25,999.25,100,3620,8.608496,82900,83679.05
2025-07-09 11:02:00,ATM-8,PUT,130.9,134.2,130.15,133.25,2600,70340,10.451446,82900,83679.05
2025-07-09 11:02:00,ATM-7,CALL,921.4,924.8,915.8,919.35,5900,42020,8.684359,83000,83679.05
2025-07-09 11:02:00,ATM-7,PUT,151.35,155.25,151.35,154.2,9620,228460,10.410684,83000,83679.05
2025-07-09 11:02:00,ATM-6,CALL,851.75,851.75,839.35,845.9,300,7440,8.855333,83100,83679.05
2025-07-09 11:02:00,ATM-6,PUT,173.95,178.65,173.95,177.15,6600,83240,10.354062,83100,83679.05
2025-07-09 11:02:00,ATM-5,CALL,775,775,766.5,772.65,800,12040,8.9163,83200,83679.05
2025-07-09 11:02:00,ATM-5,PUT,200,204.75,199.9,203.75,7300,96220,10.323526,83200,83679.05
2025-07-09 11:02:00,ATM-4,CALL,710.1,710.1,697,697,880,39280,8.815526,83300,83679.05
2025-07-09 11:02:00,ATM-4,PUT,229.7,235,229.45,233.35,5240,263880,10.294178,83300,83679.05
2025-07-09 11:02:00,ATM-3,CALL,640.65,644.45,627.2,628.45,6120,55840,8.814288,83400,83679.05
2025-07-09 11:02:00,ATM-3,PUT,262.3,267.7,260.35,266.05,8520,130660,10.264471,83400,83679.05
2025-07-09 11:02:00,ATM-2,CALL,576.9,581.8,565.5,568.2,15840,365140,8.92313,83500,83679.05
2025-07-09 11:02:00,ATM-2,PUT,297.6,303.95,296.95,302.4,20120,468840,10.244296,83500,83679.05
2025-07-09 11:02:00,ATM-1,CALL,516.55,519.75,504,507.3,27280,273540,8.917173,83600,83679.05
2025-07-09 11:02:00,ATM-1,PUT,338,344.55,336.75,342.45,21720,409400,10.231366,83600,83679.05
2025-07-09 11:02:00,ATM,CALL,462,464.25,449.85,452.8,39260,287060,8.967169,83700,83679.05
2025-07-09 11:02:00,ATM,PUT,381.8,388.8,380.8,386.8,33980,277100,10.237218,83700,83679.05
2025-07-09 11:02:00,ATM+1,CALL,409.15,411.45,396.95,401.6,26680,222600,8.998717,83800,83679.05
2025-07-09 11:02:00,ATM+1,PUT,429.8,437.45,427.6,434.7,15000,163900,10.24296,83800,83679.05
2025-07-09 11:02:00,ATM+2,CALL,360.3,362.4,349.75,353.2,13780,117000,9.001182,83900,83679.05
2025-07-09 11:02:00,ATM+2,PUT,483,490.25,479.75,486.95,6200,55640,10.266859,83900,83679.05
2025-07-09 11:02:00,ATM+3,CALL,316.4,318.1,305.2,308.9,29220,291680,9.005264,84000,83679.05
2025-07-09 11:02:00,ATM+3,PUT,536.6,545,533.4,540,13260,109760,10.227274,84000,83679.05
2025-07-09 11:02:00,ATM+4,CALL,276.95,277.65,266,268.9,8060,75020,9.01738,84100,83679.05
2025-07-09 11:02:00,ATM+4,PUT,599.8,605.25,597.3,601.25,600,16040,10.29773,84100,83679.05
2025-07-09 11:02:00,ATM+5,CALL,239.1,240.35,229.9,233.05,15320,107520,9.03721,84200,83679.05
2025-07-09 11:02:00,ATM+5,PUT,664.65,668.7,660.1,668.7,240,10280,10.438749,84200,83679.05
2025-07-09 11:02:00,ATM+6,CALL,205.95,206.9,197.95,201.2,18260,80860,9.065712,84300,83679.05
2025-07-09 11:02:00,ATM+6,PUT,729.6,729.6,729.6,729.6,80,5620,10.341482,84300,83679.05
2025-07-09 11:02:00,ATM+7,CALL,176.85,177.2,169.2,171.95,12040,90320,9.071246,84400,83679.05
2025-07-09 11:02:00,ATM+7,PUT,805,805,801.5,801.5,180,4980,10.440535,84400,83679.05
2025-07-09 11:02:00,ATM+8,CALL,151.65,151.95,143.65,146.8,25220,229700,9.098913,84500,83679.05
2025-07-09 11:02:00,ATM+8,PUT,871.5,880,871.45,880,860,37700,10.645068,84500,83679.05
2025-07-09 11:02:00,ATM+9,CALL,128.15,128.45,121.65,123.95,6980,72780,9.104423,84600,83679.05
2025-07-09 11:02:00,ATM+9,PUT,950,954.05,950,954.05,40,2200,10.661007,84600,83679.05
2025-07-09 11:02:00,ATM+10,CALL,108.3,108.9,102.85,104.3,9820,95320,9.120468,84700,83679.05
2025-07-09 11:02:00,ATM+10,PUT,1029.9,1029.9,1029.9,1029.9,20,440,10.651422,84700,83679.05
2025-07-09 11:03:00,ATM-10,CALL,1163.1,1163.1,1163.1,1163.1,0,2100,8.208403,82700,83673.94
2025-07-09 11:03:00,ATM-10,PUT,100.1,100.1,97.5,98,2380,75340,10.492035,82700,83673.94
2025-07-09 11:03:00,ATM-9,CALL,1091.6,1091.6,1091.6,1091.6,20,3140,9.094933,82800,83673.94
2025-07-09 11:03:00,ATM-9,PUT,114.95,114.95,112.45,112.95,1220,87280,10.400611,82800,83673.94
2025-07-09 11:03:00,ATM-8,CALL,1007.8,1007.8,1007.8,1007.8,20,3600,9.077891,82900,83673.94
2025-07-09 11:03:00,ATM-8,PUT,132.95,132.95,129.3,130.15,2320,70360,10.318051,82900,83673.94
2025-07-09 11:03:00,ATM-7,CALL,919.5,933,919.5,933,160,42200,9.269193,83000,83673.94
2025-07-09 11:03:00,ATM-7,PUT,154.15,154.15,149.35,150,8240,230000,10.24882,83000,83673.94
2025-07-09 11:03:00,ATM-6,CALL,845.9,845.9,845.9,845.9,0,7440,8.855333,83100,83673.94
2025-07-09 11:03:00,ATM-6,PUT,177.45,177.45,172.65,172.8,1480,83140,10.193409,83100,83673.94
2025-07-09 11:03:00,ATM-5,CALL,771.85,783.45,771.85,783.45,120,12040,9.325631,83200,83673.94
2025-07-09 11:03:00,ATM-5,PUT,203.45,203.45,198.25,198.65,2440,96580,10.146991,83200,83673.94
2025-07-09 11:03:00,ATM-4,CALL,698.5,711.15,698.5,711.15,780,39500,9.286797,83300,83673.94
2025-07-09 11:03:00,ATM-4,PUT,232.9,232.9,227.4,227.85,3820,264260,10.111215,83300,83673.94
2025-07-09 11:03:00,ATM-3,CALL,633.55,644.7,633.55,641.6,2860,56140,9.233372,83400,83673.94
2025-07-09 11:03:00,ATM-3,PUT,265,265.05,258.95,259.65,3600,130320,10.06197,83400,83673.94
2025-07-09 11:03:00,ATM-2,CALL,568.45,580.3,568.45,578.25,9960,373820,9.245888,83500,83673.94
2025-07-09 11:03:00,ATM-2,PUT,302.05,302.05,294.7,296.95,19360,467720,10.066572,83500,83673.94
2025-07-09 11:03:00,ATM-1,CALL,508.15,518.85,508.15,516.35,12540,274900,9.202767,83600,83673.94
2025-07-09 11:03:00,ATM-1,PUT,342,342,334,336,17860,408840,10.029912,83600,83673.94
2025-07-09 11:03:00,ATM,CALL,453.8,463.85,453.8,461,21780,296000,9.223228,83700,83673.94
2025-07-09 11:03:00,ATM,PUT,385.95,385.95,377.75,380.75,17640,276660,10.04368,83700,83673.94
2025-07-09 11:03:00,ATM+1,CALL,402,411,401.2,408.5,13840,224180,9.218197,83800,83673.94
2025-07-09 11:03:00,ATM+1,PUT,433.3,433.45,425,428.05,8200,161860,10.032564,83800,83673.94
2025-07-09 11:03:00,ATM+2,CALL,353.95,362.1,353.95,359.3,7060,118960,9.198023,83900,83673.94
2025-07-09 11:03:00,ATM+2,PUT,486.4,486.4,476.2,478.4,5000,56580,10.007965,83900,83673.94
2025-07-09 11:03:00,ATM+3,CALL,309.6,317,308.75,314.45,14560,293100,9.186995,84000,83673.94
2025-07-09 11:03:00,ATM+3,PUT,540.4,541.2,530.75,534.1,1900,111600,10.023187,84000,83673.94
2025-07-09 11:03:00,ATM+4,CALL,270.4,276.05,270.4,274.7,2660,75340,9.204483,84100,83673.94
2025-07-09 11:03:00,ATM+4,PUT,597.8,597.8,590.55,592.35,420,15800,10.01448,84100,83673.94
2025-07-09 11:03:00,ATM+5,CALL,234,238.6,234,237.6,3620,107180,9.194844,84200,83673.94
2025-07-09 11:03:00,ATM+5,PUT,652.55,654.6,652.55,654.6,100,10300,10.017474,84200,83673.94
2025-07-09 11:03:00,ATM+6,CALL,200.9,205.9,200.9,204.45,12860,80620,9.191863,84300,83673.94
2025-07-09 11:03:00,ATM+6,PUT,729.6,729.6,729.6,729.6,0,5620,10.341482,84300,83673.94
2025-07-09 11:03:00,ATM+7,CALL,172.2,176.05,172.2,175.35,10400,90760,9.203401,84400,83673.94
2025-07-09 11:03:00,ATM+7,PUT,788.1,788.1,788.1,788.1,20,5020,9.995669,84400,83673.94
2025-07-09 11:03:00,ATM+8,CALL,146.8,150.45,146.8,149.4,6740,228320,9.211529,84500,83673.94
2025-07-09 11:03:00,ATM+8,PUT,875.2,875.2,865.1,865.1,60,37740,10.135438,84500,83673.94
2025-07-09 11:03:00,ATM+9,CALL,124.1,127.5,124.1,126.45,1900,73080,9.217414,84600,83673.94
2025-07-09 11:03:00,ATM+9,PUT,954.05,954.05,954.05,954.05,0,2200,10.661007,84600,83673.94
2025-07-09 11:03:00,ATM+10,CALL,105.3,107.4,105.25,106.85,3140,96380,9.239718,84700,83673.94
2025-07-09 11:03:00,ATM+10,PUT,1029.9,1029.9,1029.9,1029.9,0,440,10.651422,84700,83673.94
2025-07-09 11:04:00,ATM-10,CALL,1163.1,1163.1,1163.1,1163.1,0,2100,8.208403,82700,83677.23
2025-07-09 11:04:00,ATM-10,PUT,98.45,99.3,98.45,98.5,1140,75340,10.531201,82700,83677.23
2025-07-09 11:04:00,ATM-9,CALL,1092.95,1092.95,1092.95,1092.95,20,3140,9.038629,82800,83677.23
2025-07-09 11:04:00,ATM-9,PUT,112.75,114.75,112.75,113.9,240,87280,10.454886,82800,83677.23
2025-07-09 11:04:00,ATM-8,CALL,1007.8,1007.8,1007.8,1007.8,0,3600,9.077891,82900,83677.23
2025-07-09 11:04:00,ATM-8,PUT,130.7,132.2,130.7,131.2,480,70360,10.374247,82900,83677.23
2025-07-09 11:04:00,ATM-7,CALL,930.25,931,928.5,928.5,260,42200,9.039176,83000,83677.23
2025-07-09 11:04:00,ATM-7,PUT,150.6,152.8,150.6,151.9,5920,230000,10.329599,83000,83677.23
2025-07-09 11:04:00,ATM-6,CALL,845.9,845.9,845.9,845.9,0,7440,8.855333,83100,83677.23
2025-07-09 11:04:00,ATM-6,PUT,174,175.3,174,174.55,600,83140,10.267764,83100,83677.23
2025-07-09 11:04:00,ATM-5,CALL,770.55,772.2,770.55,772.2,60,12040,8.943383,83200,83677.23
2025-07-09 11:04:00,ATM-5,PUT,199.15,202,199.15,200.95,1680,96580,10.234913,83200,83677.23
2025-07-09 11:04:00,ATM-4,CALL,708.9,708.9,700.05,704.4,340,39500,9.048472,83300,83677.23
2025-07-09 11:04:00,ATM-4,PUT,228.9,231.2,228.2,229.8,1180,264260,10.18879,83300,83677.23
2025-07-09 11:04:00,ATM-3,CALL,640,640,632.5,640,2440,56140,9.138879,83400,83677.23
2025-07-09 11:04:00,ATM-3,PUT,259.95,263.8,259.95,262.5,1620,130320,10.161584,83400,83677.23
2025-07-09 11:04:00,ATM-2,CALL,577.15,577.15,569.2,575.25,7940,373820,9.123894,83500,83677.23
2025-07-09 11:04:00,ATM-2,PUT,297,300.35,296.55,298.65,10400,467720,10.138217,83500,83677.23
2025-07-09 11:04:00,ATM-1,CALL,515,516,509,515,6460,274900,9.125958,83600,83677.23
2025-07-09 11:04:00,ATM-1,PUT,336.45,340.35,335.7,338.05,10700,408840,10.11088,83600,83677.23
2025-07-09 11:04:00,ATM,CALL,460.95,462,453.8,458.85,8720,296000,9.132198,83700,83677.23
2025-07-09 11:04:00,ATM,PUT,380.1,385.3,379.2,382.45,13480,276660,10.118109,83700,83677.23
2025-07-09 11:04:00,ATM+1,CALL,408,408.65,401.75,407.3,10540,224180,9.152701,83800,83677.23
2025-07-09 11:04:00,ATM+1,PUT,427.6,433,427.6,430,4200,161860,10.11502,83800,83677.23
2025-07-09 11:04:00,ATM+2,CALL,360.35,360.35,353.5,358.55,3200,118960,9.145745,83900,83677.23
2025-07-09 11:04:00,ATM+2,PUT,479.15,484.9,479.15,480.45,2000,56580,10.095642,83900,83677.23
2025-07-09 11:04:00,ATM+3,CALL,314.85,315.65,309.65,314.15,11120,293100,9.147588,84000,83677.23
2025-07-09 11:04:00,ATM+3,PUT,538.2,539.6,535.4,535.4,3380,111600,10.09704,84000,83677.23
2025-07-09 11:04:00,ATM+4,CALL,273.65,273.75,269.1,273.45,1740,75340,9.144486,84100,83677.23
2025-07-09 11:04:00,ATM+4,PUT,594.3,599.15,594.3,594.95,120,15800,10.123326,84100,83677.23
2025-07-09 11:04:00,ATM+5,CALL,237.55,237.55,233.25,236.6,1320,107180,9.142073,84200,83677.23
2025-07-09 11:04:00,ATM+5,PUT,659.2,663.1,659.2,662.8,340,10300,10.268311,84200,83677.23
2025-07-09 11:04:00,ATM+6,CALL,203.85,203.85,200.2,203.8,2240,80620,9.148861,84300,83677.23
2025-07-09 11:04:00,ATM+6,PUT,727.7,727.7,727.7,727.7,20,5640,10.264083,84300,83677.23
2025-07-09 11:04:00,ATM+7,CALL,174.65,174.65,171.35,172.35,1960,90760,9.097327,84400,83677.23
2025-07-09 11:04:00,ATM+7,PUT,788.1,788.1,788.1,788.1,0,5020,9.995669,84400,83677.23
2025-07-09 11:04:00,ATM+8,CALL,149.2,149.85,146,149.5,6080,228320,9.191231,84500,83677.23
2025-07-09 11:04:00,ATM+8,PUT,865.1,865.1,865.1,865.1,0,37740,10.135438,84500,83677.23
2025-07-09 11:04:00,ATM+9,CALL,126.85,127.05,123.95,126.15,1320,73080,9.186281,84600,83677.23
2025-07-09 11:04:00,ATM+9,PUT,954.05,954.05,954.05,954.05,0,2200,10.661007,84600,83677.23
2025-07-09 11:04:00,ATM+10,CALL,107.2,107.3,104.5,106,2340,96380,9.190576,84700,83677.23
2025-07-09 11:04:00,ATM+10,PUT,1029.9,1029.9,1029.9,1029.9,0,440,10.651422,84700,83677.23
2025-07-09 11:05:00,ATM-10,CALL,1163.1,1163.1,1163.1,1163.1,0,2100,8.208403,82700,83688.41
2025-07-09 11:05:00,ATM-10,PUT,98.4,99.1,96,96,2180,75340,10.504984,82700,83688.41
2025-07-09 11:05:00,ATM-9,CALL,1092.95,1092.95,1092.95,1092.95,0,3140,9.038629,82800,83688.41
2025-07-09 11:05:00,ATM-9,PUT,113.75,113.95,110.8,110.8,1300,87280,10.417751,82800,83688.41
2025-07-09 11:05:00,ATM-8,CALL,1007.8,1007.8,1007.8,1007.8,0,3600,9.077891,82900,83688.41
2025-07-09 11:05:00,ATM-8,PUT,131.25,131.65,128.4,128.4,420,70360,10.357727,82900,83688.41
2025-07-09 11:05:00,ATM-7,CALL,928.5,940,928.5,940,240,42200,9.123891,83000,83688.41
2025-07-09 11:05:00,ATM-7,PUT,151.9,152.45,148.15,148.2,7040,230000,10.295376,83000,83688.41
2025-07-09 11:05:00,ATM-6,CALL,845.9,845.9,845.9,845.9,0,7440,8.855333,83100,83688.41
2025-07-09 11:05:00,ATM-6,PUT,174.25,175,170.55,170.55,2020,83140,10.23555,83100,83688.41
2025-07-09 11:05:00,ATM-5,CALL,778.85,778.85,777.05,778,60,12040,8.873091,83200,83688.41
2025-07-09 11:05:00,ATM-5,PUT,200.9,201.4,196.25,196.25,4040,96580,10.194277,83200,83688.41
2025-07-09 11:05:00,ATM-4,CALL,703.9,716,703.9,716,580,39500,9.148339,83300,83688.41
2025-07-09 11:05:00,ATM-4,PUT,229.8,230.7,225.6,225.75,2760,264260,10.175721,83300,83688.41
2025-07-09 11:05:00,ATM-3,CALL,640,650.05,638.45,648.75,3160,56140,9.172268,83400,83688.41
2025-07-09 11:05:00,ATM-3,PUT,262.25,263.25,257,257,2760,130320,10.121964,83400,83688.41
2025-07-09 11:05:00,ATM-2,CALL,576.7,585.95,572.55,585.95,11160,373820,9.213608,83500,83688.41
2025-07-09 11:05:00,ATM-2,PUT,298.4,299.85,292.2,292.65,10580,467720,10.096885,83500,83688.41
2025-07-09 11:05:00,ATM-1,CALL,514.55,524,513.35,523.2,8660,274900,9.164198,83600,83688.41
2025-07-09 11:05:00,ATM-1,PUT,337.9,339.75,331.3,331.5,13000,408840,10.06672,83600,83688.41
2025-07-09 11:05:00,ATM,CALL,459.25,469.15,457,469.15,16040,296000,9.228751,83700,83688.41
2025-07-09 11:05:00,ATM,PUT,382.2,384,374.9,374.9,17520,276660,10.060707,83700,83688.41
2025-07-09 11:05:00,ATM+1,CALL,406.5,416.2,405.5,416.2,8920,224180,9.226462,83800,83688.41
2025-07-09 11:05:00,ATM+1,PUT,429.8,430.65,421.9,423.15,5520,161860,10.08342,83800,83688.41
2025-07-09 11:05:00,ATM+2,CALL,358.65,366,356.7,366,3500,118960,9.196453,83900,83688.41
2025-07-09 11:05:00,ATM+2,PUT,482.1,483.1,473.15,473.6,2020,56580,10.073315,83900,83688.41
2025-07-09 11:05:00,ATM+3,CALL,313.85,321.7,312.65,321.7,11700,293100,9.211509,84000,83688.41
2025-07-09 11:05:00,ATM+3,PUT,536.2,536.55,527,527.25,2260,111600,10.05359,84000,83688.41
2025-07-09 11:05:00,ATM+4,CALL,273.45,280.2,272.85,280.2,1720,75340,9.201067,84100,83688.41
2025-07-09 11:05:00,ATM+4,PUT,596.85,597.8,590,590,280,15800,10.164129,84100,83688.41
2025-07-09 11:05:00,ATM+5,CALL,236,243.1,235.5,242.9,7820,107180,9.19976,84200,83688.41
2025-07-09 11:05:00,ATM+5,PUT,655.55,655.55,651.2,651.2,40,10300,10.157681,84200,83688.41
2025-07-09 11:05:00,ATM+6,CALL,203.1,209.35,202.8,209.35,3060,80620,9.200112,84300,83688.41
2025-07-09 11:05:00,ATM+6,PUT,727.7,727.7,727.7,727.7,0,5640,10.264083,84300,83688.41
2025-07-09 11:05:00,ATM+7,CALL,173.65,178.65,173.65,178.6,4640,90760,9.180947,84400,83688.41
2025-07-09 11:05:00,ATM+7,PUT,788.1,788.1,788.1,788.1,0,5020,9.995669,84400,83688.41
2025-07-09 11:05:00,ATM+8,CALL,148.45,153.15,147.95,152.75,8620,228320,9.203864,84500,83688.41
2025-07-09 11:05:00,ATM+8,PUT,865.1,865.1,860,860,200,37740,10.284433,84500,83688.41
2025-07-09 11:05:00,ATM+9,CALL,125.65,130,125.65,129.6,3380,73080,9.216415,84600,83688.41
2025-07-09 11:05:00,ATM+9,PUT,954.05,954.05,954.05,954.05,0,2200,10.661007,84600,83688.41
2025-07-09 11:05:00,ATM+10,CALL,106.15,109.85,105.95,109.45,2520,96380,9.233572,84700,83688.41
2025-07-09 11:05:00,ATM+10,PUT,1029.9,1029.9,1029.9,1029.9,0,440,10.651422,84700,83688.41
2025-07-09 11:06:00,ATM-10,CALL,1163.1,1163.1,1163.1,1163.1,0,2100,8.208403,82700,83685.19
2025-07-09 11:06:00,ATM-10,PUT,96.1,96.1,94.5,95.55,3180,76700,10.469021,82700,83685.19
2025-07-09 11:06:00,ATM-9,CALL,1092.95,1092.95,1092.95,1092.95,0,3140,9.038629,82800,83685.19
2025-07-09 11:06:00,ATM-9,PUT,110.15,110.85,109.15,110.85,2580,85620,10.39974,82800,83685.19
2025-07-09 11:06:00,ATM-8,CALL,1007.8,1007.8,1007.8,1007.8,0,3600,9.077891,82900,83685.19
2025-07-09 11:06:00,ATM-8,PUT,127.55,128.4,126.6,127.75,2040,71820,10.31581,82900,83685.19
2025-07-09 11:06:00,ATM-7,CALL,940.25,943.7,928,941,5180,45820,9.241516,83000,83685.19
2025-07-09 11:06:00,ATM-7,PUT,148.2,148.4,145.8,148,7440,227560,10.267491,83000,83685.19
2025-07-09 11:06:00,ATM-6,CALL,845.9,845.9,845.9,845.9,0,7440,8.855333,83100,83685.19
2025-07-09 11:06:00,ATM-6,PUT,170.85,171.2,168.55,171.2,4440,82820,10.231203,83100,83685.19
2025-07-09 11:06:00,ATM-5,CALL,789,796.1,789,792,220,11720,9.336955,83200,83685.19
2025-07-09 11:06:00,ATM-5,PUT,196.05,197.1,193.9,196.2,2920,96580,10.168655,83200,83685.19
2025-07-09 11:06:00,ATM-4,CALL,718,722.7,718,718.8,560,39500,9.283505,83300,83685.19
2025-07-09 11:06:00,ATM-4,PUT,225.6,225.7,222.2,225.5,2880,265180,10.143534,83300,83685.19
2025-07-09 11:06:00,ATM-3,CALL,651.95,655.95,649.8,649.8,1360,56240,9.253945,83400,83685.19
2025-07-09 11:06:00,ATM-3,PUT,256.8,257.6,254.05,256.4,3140,130320,10.079733,83400,83685.19
2025-07-09 11:06:00,ATM-2,CALL,585.9,590.25,585.25,589,8720,373820,9.337827,83500,83685.19
2025-07-09 11:06:00,ATM-2,PUT,292.65,293.3,288.8,292.75,15320,475340,10.070222,83500,83685.19
2025-07-09 11:06:00,ATM-1,CALL,524.8,529.2,523.65,527.6,16600,274360,9.314072,83600,83685.19
2025-07-09 11:06:00,ATM-1,PUT,331.85,332.95,327.45,330.65,14140,408840,10.015659,83600,83685.19
2025-07-09 11:06:00,ATM,CALL,467.25,472.8,466.95,469.45,22320,296120,9.277793,83700,83685.19
2025-07-09 11:06:00,ATM,PUT,374.6,376.5,370.8,374.75,15180,281840,10.023975,83700,83685.19
2025-07-09 11:06:00,ATM+1,CALL,416.5,419.95,415.1,417.4,12940,219680,9.29289,83800,83685.19
2025-07-09 11:06:00,ATM+1,PUT,422.55,423.6,417.8,421.6,10480,161940,10.012014,83800,83685.19
2025-07-09 11:06:00,ATM+2,CALL,366.6,370.25,365.7,366.9,8180,118160,9.253107,83900,83685.19
2025-07-09 11:06:00,ATM+2,PUT,473,474.7,468.35,473.45,3160,58480,10.031386,83900,83685.19
2025-07-09 11:06:00,ATM+3,CALL,321.95,324.85,321.2,322.3,11360,286960,9.258845,84000,83685.19
2025-07-09 11:06:00,ATM+3,PUT,527,528,522.85,526.65,3240,110420,9.998047,84000,83685.19
2025-07-09 11:06:00,ATM+4,CALL,279.95,283.55,279.75,282.05,2800,75500,9.276206,84100,83685.19
2025-07-09 11:06:00,ATM+4,PUT,586.75,586.75,581.45,585.2,340,15340,10.005445,84100,83685.19
2025-07-09 11:06:00,ATM+5,CALL,243.35,245.7,242.8,243.9,4420,104360,9.253365,84200,83685.19
2025-07-09 11:06:00,ATM+5,PUT,650.2,650.2,645.2,648.45,520,10200,10.041963,84200,83685.19
2025-07-09 11:06:00,ATM+6,CALL,209.7,211.7,208.85,210.6,2260,80820,9.259319,84300,83685.19
2025-07-09 11:06:00,ATM+6,PUT,714.1,714.1,714.1,714.1,20,5580,10.055415,84300,83685.19
2025-07-09 11:06:00,ATM+7,CALL,179.15,181.55,179.15,180.7,5960,87620,9.263055,84400,83685.19
2025-07-09 11:06:00,ATM+7,PUT,783,783,783,783,80,4820,10.069145,84400,83685.19
2025-07-09 11:06:00,ATM+8,CALL,153.05,155.35,152.9,154.4,7400,228360,9.275119,84500,83685.19
2025-07-09 11:06:00,ATM+8,PUT,859.25,859.25,855,855,220,37460,10.083279,84500,83685.19
2025-07-09 11:06:00,ATM+9,CALL,130.3,131.8,129.65,131,4140,72920,9.282063,84600,83685.19
2025-07-09 11:06:00,ATM+9,PUT,954.05,954.05,954.05,954.05,0,2200,10.661007,84600,83685.19
2025-07-09 11:06:00,ATM+10,CALL,109.95,111.4,109.55,110,5060,95800,9.273387,84700,83685.19
2025-07-09 11:06:00,ATM+10,PUT,1013.65,1013.65,1013.65,1013.65,20,480,10.300449,84700,83685.19
2025-07-09 11:07:00,ATM-10,CALL,1163.1,1163.1,1163.1,1163.1,0,2100,8.208403,82700,83695.24
2025-07-09 11:07:00,ATM-10,PUT,95.5,96.7,95.5,96.7,500,76700,10.573641,82700,83695.24
2025-07-09 11:07:00,ATM-9,CALL,1092.95,1092.95,1092.95,1092.95,0,3140,9.038629,82800,83695.24
2025-07-09 11:07:00,ATM-9,PUT,111.55,111.55,110.45,111.4,1360,85620,10.482711,82800,83695.24
2025-07-09 11:07:00,ATM-8,CALL,1007.8,1007.8,1007.8,1007.8,0,3600,9.077891,82900,83695.24
2025-07-09 11:07:00,ATM-8,PUT,127.9,129.35,127.6,129.35,1160,71820,10.43462,82900,83695.24
2025-07-09 11:07:00,ATM-7,CALL,941,941,941,941,0,45820,9.241516,83000,83695.24
2025-07-09 11:07:00,ATM-7,PUT,147.95,149.05,147.8,148.5,4120,227560,10.352635,83000,83695.24
2025-07-09 11:07:00,ATM-6,CALL,845.9,845.9,845.9,845.9,0,7440,8.855333,83100,83695.24
2025-07-09 11:07:00,ATM-6,PUT,171,171.85,170.6,171.7,2160,82820,10.319099,83100,83695.24
2025-07-09 11:07:00,ATM-5,CALL,792,792,792,792,0,11720,9.336955,83200,83695.24
2025-07-09 11:07:00,ATM-5,PUT,196,198.35,196,198.25,1660,96580,10.301885,83200,83695.24
2025-07-09 11:07:00,ATM-4,CALL,714.25,717.25,714.25,715.3,380,39500,9.0021,83300,83695.24
2025-07-09 11:07:00,ATM-4,PUT,225.25,227,224.75,226.65,2420,265180,10.255336,83300,83695.24
2025-07-09 11:07:00,ATM-3,CALL,648.4,651.3,648.3,651.3,1260,56240,9.122324,83400,83695.24
2025-07-09 11:07:00,ATM-3,PUT,257.45,259,256.8,258.55,2560,130320,10.220172,83400,83695.24
2025-07-09 11:07:00,ATM-2,CALL,586.8,586.85,583.2,583.55,2880,373820,9.051005,83500,83695.24
2025-07-09 11:07:00,ATM-2,PUT,291.7,295,291.7,294.3,7220,475340,10.199993,83500,83695.24
2025-07-09 11:07:00,ATM-1,CALL,524.45,525.05,521.6,521.6,7500,274360,9.031387,83600,83695.24
2025-07-09 11:07:00,ATM-1,PUT,332.7,335.25,332.15,333.6,7980,408840,10.1836,83600,83695.24
2025-07-09 11:07:00,ATM,CALL,470,470,466.9,467.75,11260,296120,9.109482,83700,83695.24
2025-07-09 11:07:00,ATM,PUT,376.4,379.2,375.7,378.2,4660,281840,10.20925,83700,83695.24
2025-07-09 11:07:00,ATM+1,CALL,415.95,416.35,413.7,414.5,6280,219680,9.10758,83800,83695.24
2025-07-09 11:07:00,ATM+1,PUT,422.75,426,422.7,424.65,5160,161940,10.195052,83800,83695.24
2025-07-09 11:07:00,ATM+2,CALL,368,368,364.35,365.4,2940,118160,9.109058,83900,83695.24
2025-07-09 11:07:00,ATM+2,PUT,473.95,477.75,473.9,476.35,1600,58480,10.219476,83900,83695.24
2025-07-09 11:07:00,ATM+3,CALL,323.2,323.2,320,320.95,3940,286960,9.125904,84000,83695.24
2025-07-09 11:07:00,ATM+3,PUT,527.85,530.75,527.85,530,2420,110420,10.20672,84000,83695.24
2025-07-09 11:07:00,ATM+4,CALL,282.4,282.4,278.9,279.8,2340,75500,9.128259,84100,83695.24
2025-07-09 11:07:00,ATM+4,PUT,588.9,588.9,588.9,588.9,40,15340,10.234378,84100,83695.24
2025-07-09 11:07:00,ATM+5,CALL,243.5,244.3,242.3,243.05,1920,104360,9.144447,84200,83695.24
2025-07-09 11:07:00,ATM+5,PUT,650.8,651.5,650.8,651.5,40,10200,10.26921,84200,83695.24
2025-07-09 11:07:00,ATM+6,CALL,209.8,210.2,208.35,209.35,1540,80820,9.144964,84300,83695.24
2025-07-09 11:07:00,ATM+6,PUT,715.5,716.5,715.5,716.5,40,5580,10.282325,84300,83695.24
2025-07-09 11:07:00,ATM+7,CALL,180,180.1,178.3,179.15,1740,87620,9.144065,84400,83695.24
2025-07-09 11:07:00,ATM+7,PUT,783,783,783,783,0,4820,10.069145,84400,83695.24
2025-07-09 11:07:00,ATM+8,CALL,153.35,154,152.25,152.9,4320,228360,9.159543,84500,83695.24
2025-07-09 11:07:00,ATM+8,PUT,862.75,862.75,862.75,862.75,60,37460,10.493316,84500,83695.24
2025-07-09 11:07:00,ATM+9,CALL,130.6,130.65,129.65,129.8,1520,72920,9.176709,84600,83695.24
2025-07-09 11:07:00,ATM+9,PUT,938.5,938.5,938.5,938.5,20,2180,10.562293,84600,83695.24
2025-07-09 11:07:00,ATM+10,CALL,110.3,110.45,109.5,109.5,1500,95800,9.191915,84700,83695.24
2025-07-09 11:07:00,ATM+10,PUT,1013.65,1013.65,1013.65,1013.65,0,480,10.300449,84700,83695.24
2025-07-09 11:08:00,ATM-10,CALL,1163.1,1163.1,1163.1,1163.1,0,2100,8.208403,82700,83682.07
2025-07-09 11:08:00,ATM-10,PUT,96.65,97.4,96.65,97.4,100,76700,10.52114,82700,83682.07
2025-07-09 11:08:00,ATM-9,CALL,1092.95,1092.95,1092.95,1092.95,0,3140,9.038629,82800,83682.07
2025-07-09 11:08:00,ATM-9,PUT,111.8,112.05,111.5,112.05,220,85620,10.423037,82800,83682.07
2025-07-09 11:08:00,ATM-8,CALL,1007.8,1007.8,1007.8,1007.8,0,3600,9.077891,82900,83682.07
2025-07-09 11:08:00,ATM-8,PUT,128.95,130.4,128.95,130.4,40,71820,10.382316,82900,83682.07
2025-07-09 11:08:00,ATM-7,CALL,935.9,935.9,935.9,935.9,40,45820,9.158352,83000,83682.07
2025-07-09 11:08:00,ATM-7,PUT,149.5,150.6,149.25,150.6,6880,227560,10.325796,83000,83682.07
2025-07-09 11:08:00,ATM-6,CALL,858.75,858.75,855.5,855.5,80,7480,9.081684,83100,83682.07
2025-07-09 11:08:00,ATM-6,PUT,172.15,174,172.15,173.15,980,82820,10.265105,83100,83682.07
2025-07-09 11:08:00,ATM-5,CALL,784.6,784.6,784.6,784.6,20,11720,9.195546,83200,83682.07
2025-07-09 11:08:00,ATM-5,PUT,198,199.95,197.9,199.65,3740,96580,10.238985,83200,83682.07
2025-07-09 11:08:00,ATM-4,CALL,713.95,713.95,708.75,708.85,80,39500,9.079415,83300,83682.07
2025-07-09 11:08:00,ATM-4,PUT,227,229.25,226.65,229.25,1000,265180,10.21591,83300,83682.07
2025-07-09 11:08:00,ATM-3,CALL,645.85,645.85,641.2,642.25,1000,56240,9.117351,83400,83682.07
2025-07-09 11:08:00,ATM-3,PUT,258.95,261.45,258.85,261,900,130320,10.168019,83400,83682.07
2025-07-09 11:08:00,ATM-2,CALL,583.9,583.9,577.25,580.05,4340,373820,9.16958,83500,83682.07
2025-07-09 11:08:00,ATM-2,PUT,294.05,297.8,294.05,297.3,7780,475340,10.152019,83500,83682.07
2025-07-09 11:08:00,ATM-1,CALL,520.6,520.6,516.1,519.35,6300,274360,9.164159,83600,83682.07
2025-07-09 11:08:00,ATM-1,PUT,335,337.35,334.15,336.65,6380,408840,10.127152,83600,83682.07
2025-07-09 11:08:00,ATM,CALL,466,466,461.8,463.55,15900,296120,9.182258,83700,83682.07
2025-07-09 11:08:00,ATM,PUT,377.65,382,377.65,380.3,5900,281840,10.120751,83700,83682.07
2025-07-09 11:08:00,ATM+1,CALL,413,413,409,410.45,7320,219680,9.171085,83800,83682.07
2025-07-09 11:08:00,ATM+1,PUT,425.7,429,425.2,427.4,4600,161940,10.111263,83800,83682.07
2025-07-09 11:08:00,ATM+2,CALL,363.75,363.75,360.3,361.7,3140,118160,9.168563,83900,83682.07
2025-07-09 11:08:00,ATM+2,PUT,478,481.2,478,479.3,3240,58480,10.129294,83900,83682.07
2025-07-09 11:08:00,ATM+3,CALL,319.6,319.6,316.1,317.8,7420,286960,9.186748,84000,83682.07
2025-07-09 11:08:00,ATM+3,PUT,533.1,535.65,533.1,533.25,1220,110420,10.111707,84000,83682.07
2025-07-09 11:08:00,ATM+4,CALL,278.7,278.7,275.6,277.6,960,75500,9.200835,84100,83682.07
2025-07-09 11:08:00,ATM+4,PUT,595,595,595,595,260,15340,10.194335,84100,83682.07
2025-07-09 11:08:00,ATM+5,CALL,241.35,241.35,238.8,240.15,1200,104360,9.189849,84200,83682.07
2025-07-09 11:08:00,ATM+5,PUT,658,658,658,658,20,10200,10.227027,84200,83682.07
2025-07-09 11:08:00,ATM+6,CALL,208,208,206,207.4,980,80820,9.204305,84300,83682.07
2025-07-09 11:08:00,ATM+6,PUT,716.5,716.5,716.5,716.5,0,5580,10.282325,84300,83682.07
2025-07-09 11:08:00,ATM+7,CALL,177.5,178.1,176.2,176.6,1300,87620,9.177879,84400,83682.07
2025-07-09 11:08:00,ATM+7,PUT,783,783,783,783,0,4820,10.069145,84400,83682.07
2025-07-09 11:08:00,ATM+8,CALL,152,152.35,150.5,151.4,4460,228360,9.213267,84500,83682.07
2025-07-09 11:08:00,ATM+8,PUT,862.75,862.75,862.75,862.75,0,37460,10.493316,84500,83682.07
2025-07-09 11:08:00,ATM+9,CALL,129.15,129.15,127.85,128.35,480,72920,9.223514,84600,83682.07
2025-07-09 11:08:00,ATM+9,PUT,938.5,938.5,938.5,938.5,0,2180,10.562293,84600,83682.07
2025-07-09 11:08:00,ATM+10,CALL,109,109,107.9,108.3,3080,95800,9.238526,84700,83682.07
2025-07-09 11:08:00,ATM+10,PUT,1020.4,1020.4,1020.4,1020.4,20,480,10.433969,84700,83682.07
2025-07-09 11:09:00,ATM-10,CALL,1163.1,1163.1,1163.1,1163.1,0,2100,8.208403,82700,83681.23
2025-07-09 11:09:00,ATM-10,PUT,97.1,97.8,97.1,97.8,2420,77840,10.531612,82700,83681.23
2025-07-09 11:09:00,ATM-9,CALL,1092.95,1092.95,1092.95,1092.95,0,3140,9.038629,82800,83681.23
2025-07-09 11:09:00,ATM-9,PUT,112.05,112.4,111.95,112.4,220,86140,10.430433,82800,83681.23
2025-07-09 11:09:00,ATM-8,CALL,1007.8,1007.8,1007.8,1007.8,0,3600,9.077891,82900,83681.23
2025-07-09 11:09:00,ATM-8,PUT,129.5,130.2,129.35,130.2,220,72220,10.370756,82900,83681.23
2025-07-09 11:09:00,ATM-7,CALL,936.45,936.85,929.2,929.2,180,42000,8.961293,83000,83681.23
2025-07-09 11:09:00,ATM-7,PUT,150,151.15,149.3,151.15,1620,231240,10.337089,83000,83681.23
2025-07-09 11:09:00,ATM-6,CALL,855.5,855.5,855.5,855.5,0,7480,9.081684,83100,83681.23
2025-07-09 11:09:00,ATM-6,PUT,172.75,174.2,172.65,174.2,360,81560,10.289372,83100,83681.23
2025-07-09 11:09:00,ATM-5,CALL,782.95,782.95,782.95,782.95,20,11720,9.167409,83200,83681.23
2025-07-09 11:09:00,ATM-5,PUT,199.35,201,198.25,200,2380,99700,10.242417,83200,83681.23
2025-07-09 11:09:00,ATM-4,CALL,713.5,713.5,707,707,80,39700,9.046763,83300,83681.23
2025-07-09 11:09:00,ATM-4,PUT,227.95,229.75,227.1,229.75,440,266340,10.222396,83300,83681.23
2025-07-09 11:09:00,ATM-3,CALL,646.65,646.8,638.15,638.2,1160,55960,9.029862,83400,83681.23
2025-07-09 11:09:00,ATM-3,PUT,259.6,262.95,259.3,262.95,1100,132300,10.209585,83400,83681.23
2025-07-09 11:09:00,ATM-2,CALL,579.95,582.8,575,576.55,5860,370440,9.098093,83500,83681.23
2025-07-09 11:09:00,ATM-2,PUT,296,299,295.2,299,6560,477920,10.185625,83500,83681.23
2025-07-09 11:09:00,ATM-1,CALL,520,521.7,513.35,515,3740,275500,9.073802,83600,83681.23
2025-07-09 11:09:00,ATM-1,PUT,336,339.25,334.7,339.05,6620,410100,10.175775,83600,83681.23
2025-07-09 11:09:00,ATM,CALL,464.75,466.4,458.75,460.15,7200,294660,9.114809,83700,83681.23
2025-07-09 11:09:00,ATM,PUT,379.65,383.8,379,382.85,5360,279040,10.171439,83700,83681.23
2025-07-09 11:09:00,ATM+1,CALL,412.4,413.3,407,408,4800,225860,9.125267,83800,83681.23
2025-07-09 11:09:00,ATM+1,PUT,427,431.8,427,430.15,4160,161440,10.165517,83800,83681.23
2025-07-09 11:09:00,ATM+2,CALL,361.95,363.6,358.35,359.85,3880,118560,9.135706,83900,83681.23
2025-07-09 11:09:00,ATM+2,PUT,479,482.7,478.7,482.5,1220,58360,10.193301,83900,83681.23
2025-07-09 11:09:00,ATM+3,CALL,319.1,319.7,314.6,314.9,4060,290200,9.128174,84000,83681.23
2025-07-09 11:09:00,ATM+3,PUT,535,536.4,531.6,535.3,580,111180,10.148836,84000,83681.23
2025-07-09 11:09:00,ATM+4,CALL,278.5,279.15,273.45,274,1340,74860,9.123445,84100,83681.23
2025-07-09 11:09:00,ATM+4,PUT,595,595,595,595,100,15700,10.182825,84100,83681.23
2025-07-09 11:09:00,ATM+5,CALL,240.6,241.15,236.5,237.3,3200,108300,9.127618,84200,83681.23
2025-07-09 11:09:00,ATM+5,PUT,653.9,653.9,653.9,653.9,20,10340,10.114762,84200,83681.23
2025-07-09 11:09:00,ATM+6,CALL,207.85,208.1,203.95,203.95,1380,79520,9.123187,84300,83681.23
2025-07-09 11:09:00,ATM+6,PUT,726.3,726.3,726.3,726.3,200,5620,10.29703,84300,83681.23
2025-07-09 11:09:00,ATM+7,CALL,177.8,177.85,174.05,175.1,2300,87780,9.144395,84400,83681.23
2025-07-09 11:09:00,ATM+7,PUT,797,797,797,797,80,4900,10.364529,84400,83681.23
2025-07-09 11:09:00,ATM+8,CALL,151.65,152.35,148.6,149.4,4340,228040,9.16252,84500,83681.23
2025-07-09 11:09:00,ATM+8,PUT,865,870,865,870,260,37520,10.417282,84500,83681.23
2025-07-09 11:09:00,ATM+9,CALL,128.75,128.75,125.95,125.95,4000,73740,9.15587,84600,83681.23
2025-07-09 11:09:00,ATM+9,PUT,938.5,938.5,938.5,938.5,0,2180,10.562293,84600,83681.23
2025-07-09 11:09:00,ATM+10,CALL,109.05,109.45,106.3,106.6,3600,97020,9.18788,84700,83681.23
2025-07-09 11:09:00,ATM+10,PUT,1020.4,1020.4,1020.4,1020.4,0,480,10.433969,84700,83681.23
2025-07-09 11:10:00,ATM-10,CALL,1163.1,1163.1,1163.1,1163.1,0,2100,8.208403,82700,83696.57
2025-07-09 11:10:00,ATM-10,PUT,97.8,97.85,94.9,94.9,2980,77840,10.514646,82700,83696.57
2025-07-09 11:10:00,ATM-9,CALL,1092.95,1092.95,1092.95,1092.95,0,3140,9.038629,82800,83696.57
2025-07-09 11:10:00,ATM-9,PUT,112.6,112.6,109.7,109.7,1260,86140,10.432671,82800,83696.57
2025-07-09 11:10:00,ATM-8,CALL,1007.8,1007.8,1007.8,1007.8,0,3600,9.077891,82900,83696.57
2025-07-09 11:10:00,ATM-8,PUT,129.5,129.8,127.2,127.2,400,72220,10.374536,82900,83696.57
2025-07-09 11:10:00,ATM-7,CALL,937,944.3,937,944.3,80,42000,9.054105,83000,83696.57
2025-07-09 11:10:00,ATM-7,PUT,150.4,150.75,146.8,146.8,2200,231240,10.311243,83000,83696.57
2025-07-09 11:10:00,ATM-6,CALL,855.5,855.5,855.5,855.5,0,7480,9.081684,83100,83696.57
2025-07-09 11:10:00,ATM-6,PUT,173.15,173.75,169.5,169.5,1420,81560,10.266912,83100,83696.57
2025-07-09 11:10:00,ATM-5,CALL,776.4,776.4,776.4,776.4,80,11720,8.654837,83200,83696.57
2025-07-09 11:10:00,ATM-5,PUT,201,201,195.45,195.7,2800,99700,10.244087,83200,83696.57
2025-07-09 11:10:00,ATM-4,CALL,711.7,719.7,711.7,719.25,200,39700,9.085115,83300,83696.57
2025-07-09 11:10:00,ATM-4,PUT,229.7,229.7,224.05,224.85,1920,266340,10.220743,83300,83696.57
2025-07-09 11:10:00,ATM-3,CALL,645.05,653.15,645.05,651.55,460,55960,9.108272,83400,83696.57
2025-07-09 11:10:00,ATM-3,PUT,262.4,262.4,255.2,255.2,4100,132300,10.149317,83400,83696.57
2025-07-09 11:10:00,ATM-2,CALL,577,588.7,576.8,588.7,5120,370440,9.158473,83500,83696.57
2025-07-09 11:10:00,ATM-2,PUT,297.9,298.2,291,291,7980,477920,10.133674,83500,83696.57
2025-07-09 11:10:00,ATM-1,CALL,514.2,525.35,514.2,525.35,5960,275500,9.103701,83600,83696.57
2025-07-09 11:10:00,ATM-1,PUT,337.85,338.35,330.6,330.6,10180,410100,10.127021,83600,83696.57
2025-07-09 11:10:00,ATM,CALL,459.5,471,459.5,471,21580,294660,9.169973,83700,83696.57
2025-07-09 11:10:00,ATM,PUT,382.85,383.15,374.05,374.05,13620,279040,10.127962,83700,83696.57
2025-07-09 11:10:00,ATM+1,CALL,407.75,418,407.75,418,7520,225860,9.174455,83800,83696.57
2025-07-09 11:10:00,ATM+1,PUT,430.65,430.65,422,422,7220,161440,10.150012,83800,83696.57
2025-07-09 11:10:00,ATM+2,CALL,361,368.4,361,368.4,2740,118560,9.165631,83900,83696.57
2025-07-09 11:10:00,ATM+2,PUT,482.25,482.25,471.6,471.6,960,58360,10.127092,83900,83696.57
2025-07-09 11:10:00,ATM+3,CALL,314.65,322.85,314.65,322.65,8320,290200,9.153968,84000,83696.57
2025-07-09 11:10:00,ATM+3,PUT,534.8,534.8,527.1,527.1,1900,111180,10.157588,84000,83696.57
2025-07-09 11:10:00,ATM+4,CALL,274.85,282.35,274.4,282.35,1160,74860,9.178276,84100,83696.57
2025-07-09 11:10:00,ATM+4,PUT,588,588,586.7,586.7,160,15700,10.202004,84100,83696.57
2025-07-09 11:10:00,ATM+5,CALL,239.55,245,238.95,245,2200,108300,9.182442,84200,83696.57
2025-07-09 11:10:00,ATM+5,PUT,650.8,650.8,650.8,650.8,40,10340,10.273351,84200,83696.57
2025-07-09 11:10:00,ATM+6,CALL,204.5,211,204.5,211,1520,79520,9.178001,84300,83696.57
2025-07-09 11:10:00,ATM+6,PUT,726.3,726.3,726.3,726.3,0,5620,10.29703,84300,83696.57
2025-07-09 11:10:00,ATM+7,CALL,174.6,180.65,174.6,180.35,4260,87780,9.167856,84400,83696.57
2025-07-09 11:10:00,ATM+7,PUT,797,797,797,797,0,4900,10.364529,84400,83696.57
2025-07-09 11:10:00,ATM+8,CALL,150.25,154.4,150.25,154.4,4440,228040,9.194424,84500,83696.57
2025-07-09 11:10:00,ATM+8,PUT,870,870,858.1,858.1,200,37520,10.39392,84500,83696.57
2025-07-09 11:10:00,ATM+9,CALL,126.4,131,126.4,131,1500,73740,9.206003,84600,83696.57
2025-07-09 11:10:00,ATM+9,PUT,938.5,938.5,938.5,938.5,0,2180,10.562293,84600,83696.57
2025-07-09 11:10:00,ATM+10,CALL,107.35,110.25,107.35,110.25,1900,97020,9.209826,84700,83696.57
2025-07-09 11:10:00,ATM+10,PUT,1020.4,1020.4,1020.4,1020.4,0,480,10.433969,84700,83696.57
2025-07-09 11:11:00,ATM-10,CALL,1163.1,1163.1,1163.1,1163.1,0,2100,8.208403,82700,83695.7
2025-07-09 11:11:00,ATM-10,PUT,95.2,97,95.2,96.8,660,77840,10.582193,82700,83695.7
2025-07-09 11:11:00,ATM-9,CALL,1092.95,1092.95,1092.95,1092.95,0,3140,9.038629,82800,83695.7
2025-07-09 11:11:00,ATM-9,PUT,110.3,111.05,110.3,111.05,60,86140,10.475256,82800,83695.7
2025-07-09 11:11:00,ATM-8,CALL,1014.65,1014.65,1014.65,1014.65,20,3580,8.670461,82900,83695.7
2025-07-09 11:11:00,ATM-8,PUT,127.2,129.2,127.2,129.1,660,72220,10.431418,82900,83695.7
2025-07-09 11:11:00,ATM-7,CALL,940,940,940,940,200,42000,8.934719,83000,83695.7
2025-07-09 11:11:00,ATM-7,PUT,147.4,149.15,147.35,149.15,2760,231240,10.377529,83000,83695.7
2025-07-09 11:11:00,ATM-6,CALL,855.5,855.5,855.5,855.5,0,7480,9.081684,83100,83695.7
2025-07-09 11:11:00,ATM-6,PUT,169.65,172.05,169.65,171.3,620,81560,10.312811,83100,83695.7
2025-07-09 11:11:00,ATM-5,CALL,787.95,787.95,787.95,787.95,20,11720,9.007306,83200,83695.7
2025-07-09 11:11:00,ATM-5,PUT,195.7,198,195.7,197.95,840,99700,10.299085,83200,83695.7
2025-07-09 11:11:00,ATM-4,CALL,719.2,719.2,718.75,718.75,220,39700,9.089052,83300,83695.7
2025-07-09 11:11:00,ATM-4,PUT,224,226.85,224,226.85,660,266340,10.266035,83300,83695.7
2025-07-09 11:11:00,ATM-3,CALL,651.8,651.8,649.2,649.2,580,55960,9.064141,83400,83695.7
2025-07-09 11:11:00,ATM-3,PUT,255.8,259.2,255.6,258.8,960,132300,10.232102,83400,83695.7
2025-07-09 11:11:00,ATM-2,CALL,587.95,587.95,583,584.8,3060,370440,9.07743,83500,83695.7
2025-07-09 11:11:00,ATM-2,PUT,291.35,294.8,290.9,293.85,3040,477920,10.19503,83500,83695.7
2025-07-09 11:11:00,ATM-1,CALL,525.6,526.25,521.5,523,9540,275500,9.061009,83600,83695.7
2025-07-09 11:11:00,ATM-1,PUT,330.6,334.5,330.6,333.95,2600,410100,10.197994,83600,83695.7
2025-07-09 11:11:00,ATM,CALL,469.6,470.9,466.05,467.05,6360,294660,9.090102,83700,83695.7
2025-07-09 11:11:00,ATM,PUT,374.5,378,373.85,377.4,5600,279040,10.197091,83700,83695.7
2025-07-09 11:11:00,ATM+1,CALL,417.3,417.8,413.1,413.95,3880,225860,9.092225,83800,83695.7
2025-07-09 11:11:00,ATM+1,PUT,421.95,425.4,421.95,424.95,2780,161440,10.208664,83800,83695.7
2025-07-09 11:11:00,ATM+2,CALL,367.1,368.05,364.75,365.85,2940,118560,9.117113,83900,83695.7
2025-07-09 11:11:00,ATM+2,PUT,471.7,477.7,471.4,475.8,1500,58360,10.213837,83900,83695.7
2025-07-09 11:11:00,ATM+3,CALL,322.55,324,319.65,321.35,7080,290200,9.13323,84000,83695.7
2025-07-09 11:11:00,ATM+3,PUT,527.05,531.45,527.05,530.4,1860,111180,10.223416,84000,83695.7
2025-07-09 11:11:00,ATM+4,CALL,281.65,282.15,279.4,280.2,820,74860,9.136064,84100,83695.7
2025-07-09 11:11:00,ATM+4,PUT,585.2,588.15,585.2,588.15,140,15700,10.224476,84100,83695.7
2025-07-09 11:11:00,ATM+5,CALL,244.05,244.05,241.7,241.7,2180,108300,9.10987,84200,83695.7
2025-07-09 11:11:00,ATM+5,PUT,650.4,650.4,650,650,100,10340,10.241191,84200,83695.7
2025-07-09 11:11:00,ATM+6,CALL,211.4,211.4,208.5,209,800,79520,9.134793,84300,83695.7
2025-07-09 11:11:00,ATM+6,PUT,715.65,715.65,715.65,715.65,20,5620,10.269894,84300,83695.7
2025-07-09 11:11:00,ATM+7,CALL,180.65,180.65,177.95,178.45,880,87780,9.124227,84400,83695.7
2025-07-09 11:11:00,ATM+7,PUT,785.95,785.95,785.95,785.95,20,4900,10.337403,84400,83695.7
2025-07-09 11:11:00,ATM+8,CALL,153.9,154.3,152.55,152.6,3740,228040,9.150145,84500,83695.7
2025-07-09 11:11:00,ATM+8,PUT,858.1,858.1,858.1,858.1,0,37520,10.39392,84500,83695.7
2025-07-09 11:11:00,ATM+9,CALL,130.45,130.6,129,129.15,580,73740,9.156166,84600,83695.7
2025-07-09 11:11:00,ATM+9,PUT,938.5,938.5,938.5,938.5,0,2180,10.562293,84600,83695.7
2025-07-09 11:11:00,ATM+10,CALL,110.55,110.55,109,109.55,1420,97020,9.193042,84700,83695.7
2025-07-09 11:11:00,ATM+10,PUT,1020.4,1020.4,1020.4,1020.4,0,480,10.433969,84700,83695.7
2025-07-09 11:12:00,ATM-10,CALL,1163.1,1163.1,1163.1,1163.1,0,2100,8.208403,82700,83702.35
2025-07-09 11:12:00,ATM-10,PUT,96.75,96.75,95.85,95.95,2280,78220,10.590391,82700,83702.35
2025-07-09 11:12:00,ATM-9,CALL,1092.95,1092.95,1092.95,1092.95,0,3140,9.038629,82800,83702.35
2025-07-09 11:12:00,ATM-9,PUT,111.2,111.55,110.8,110.8,1140,86160,10.508683,82800,83702.35
2025-07-09 11:12:00,ATM-8,CALL,1014.65,1014.65,1014.65,1014.65,0,3580,8.670461,82900,83702.35
2025-07-09 11:12:00,ATM-8,PUT,128.65,129.3,127.9,128.25,720,72800,10.447835,82900,83702.35
2025-07-09 11:12:00,ATM-7,CALL,936.25,936.25,936.25,936.25,60,41940,8.623018,83000,83702.35
2025-07-09 11:12:00,ATM-7,PUT,148.65,149.1,147.85,147.85,1440,229840,10.384146,83000,83702.35
2025-07-09 11:12:00,ATM-6,CALL,855.5,855.5,855.5,855.5,0,7480,9.081684,83100,83702.35
2025-07-09 11:12:00,ATM-6,PUT,171.45,171.65,169.75,169.75,140,81640,10.316905,83100,83702.35
2025-07-09 11:12:00,ATM-5,CALL,787.95,787.95,787.95,787.95,0,11720,9.007306,83200,83702.35
2025-07-09 11:12:00,ATM-5,PUT,197.6,197.75,195.55,195.55,460,99700,10.285086,83200,83702.35
2025-07-09 11:12:00,ATM-4,CALL,714,719.2,714,719.2,120,39700,8.974878,83300,83702.35
2025-07-09 11:12:00,ATM-4,PUT,226.3,226.95,224.55,224.55,420,265420,10.260566,83300,83702.35
2025-07-09 11:12:00,ATM-3,CALL,647.15,652,647.15,652,720,56920,9.021821,83400,83702.35
2025-07-09 11:12:00,ATM-3,PUT,258.5,259.2,256.65,256.65,680,132300,10.235913,83400,83702.35
2025-07-09 11:12:00,ATM-2,CALL,583.55,588.15,583,588.15,2680,370440,9.056448,83500,83702.35
2025-07-09 11:12:00,ATM-2,PUT,293.45,294.85,291.2,291.2,2840,478140,10.191976,83500,83702.35
2025-07-09 11:12:00,ATM-1,CALL,523.65,525.65,520.6,525,3620,275840,9.01465,83600,83702.35
2025-07-09 11:12:00,ATM-1,PUT,334.2,334.2,330.6,330.6,4000,410100,10.183938,83600,83702.35
2025-07-09 11:12:00,ATM,CALL,466.8,470.1,465.5,469.65,4020,298520,9.064826,83700,83702.35
2025-07-09 11:12:00,ATM,PUT,376.7,377.75,374.1,374.95,5340,281760,10.209629,83700,83702.35
2025-07-09 11:12:00,ATM+1,CALL,415.25,417.05,413,417,2780,228360,9.083708,83800,83702.35
2025-07-09 11:12:00,ATM+1,PUT,424.1,425.7,421.3,422.1,2940,166280,10.217355,83800,83702.35
2025-07-09 11:12:00,ATM+2,CALL,365.9,368,364.4,367.6,2160,118200,9.084773,83900,83702.35
2025-07-09 11:12:00,ATM+2,PUT,475.9,476,471.75,471.75,1580,59660,10.200352,83900,83702.35
2025-07-09 11:12:00,ATM+3,CALL,320.3,322.6,319.4,321.95,4020,293160,9.079919,84000,83702.35
2025-07-09 11:12:00,ATM+3,PUT,529.9,530.45,525.25,525.25,1360,110240,10.189752,84000,83702.35
2025-07-09 11:12:00,ATM+4,CALL,280,280.5,278.85,280.5,2020,75780,9.080689,84100,83702.35
2025-07-09 11:12:00,ATM+4,PUT,588.1,588.1,585,585.2,80,15600,10.247656,84100,83702.35
2025-07-09 11:12:00,ATM+5,CALL,242.45,243,241.6,242.65,260,109580,9.074932,84200,83702.35
2025-07-09 11:12:00,ATM+5,PUT,652.5,652.5,652.25,652.25,120,10360,10.395893,84200,83702.35
2025-07-09 11:12:00,ATM+6,CALL,208.95,210.1,208.05,210.05,320,80500,9.10711,84300,83702.35
2025-07-09 11:12:00,ATM+6,PUT,715.65,715.65,715.65,715.65,0,5620,10.269894,84300,83702.35
2025-07-09 11:12:00,ATM+7,CALL,178.45,180.05,178.35,179.6,700,89100,9.104038,84400,83702.35
2025-07-09 11:12:00,ATM+7,PUT,785.95,785.95,785.95,785.95,0,4900,10.337403,84400,83702.35
2025-07-09 11:12:00,ATM+8,CALL,153,154.1,151.85,153.65,1400,229480,9.131998,84500,83702.35
2025-07-09 11:12:00,ATM+8,PUT,860,860,860,860,20,37620,10.557525,84500,83702.35
2025-07-09 11:12:00,ATM+9,CALL,129.2,130.1,128.9,130.1,220,75140,9.139867,84600,83702.35
2025-07-09 11:12:00,ATM+9,PUT,938.5,938.5,938.5,938.5,0,2180,10.562293,84600,83702.35
2025-07-09 11:12:00,ATM+10,CALL,109.6,110.4,109,110.25,1860,97540,9.173245,84700,83702.35
2025-07-09 11:12:00,ATM+10,PUT,1020.4,1020.4,1020.4,1020.4,0,480,10.433969,84700,83702.35
2025-07-09 11:13:00,ATM-10,CALL,1163.1,1163.1,1163.1,1163.1,0,2100,8.208403,82700,83713.2
2025-07-09 11:13:00,ATM-10,PUT,95.3,95.75,94.1,94.1,3280,78220,10.585062,82700,83713.2
2025-07-09 11:13:00,ATM-9,CALL,1092.95,1092.95,1092.95,1092.95,0,3140,9.038629,82800,83713.2
2025-07-09 11:13:00,ATM-9,PUT,110.8,110.8,108.55,108.55,1840,86160,10.497323,82800,83713.2
2025-07-09 11:13:00,ATM-8,CALL,1014.65,1014.65,1014.65,1014.65,0,3580,8.670461,82900,83713.2
2025-07-09 11:13:00,ATM-8,PUT,127.1,127.35,126.15,126.15,900,72800,10.450325,82900,83713.2
2025-07-09 11:13:00,ATM-7,CALL,948.9,948.9,948.9,948.9,40,41940,8.755098,83000,83713.2
2025-07-09 11:13:00,ATM-7,PUT,146.9,148,145.7,145.7,2760,229840,10.39309,83000,83713.2
2025-07-09 11:13:00,ATM-6,CALL,855.5,855.5,855.5,855.5,0,7480,9.081684,83100,83713.2
2025-07-09 11:13:00,ATM-6,PUT,169.5,170.9,168.05,168.05,1260,81640,10.346604,83100,83713.2
2025-07-09 11:13:00,ATM-5,CALL,793.65,798.2,793.65,798.2,80,11700,8.9271,83200,83713.2
2025-07-09 11:13:00,ATM-5,PUT,194.95,195.25,193.95,194,3480,99700,10.325833,83200,83713.2
2025-07-09 11:13:00,ATM-4,CALL,720.85,725.6,719.2,725.6,760,39700,8.938715,83300,83713.2
2025-07-09 11:13:00,ATM-4,PUT,223.45,224.95,222.7,222.7,1620,265420,10.300206,83300,83713.2
2025-07-09 11:13:00,ATM-3,CALL,650.5,658.15,650.5,658.15,1360,56920,8.991419,83400,83713.2
2025-07-09 11:13:00,ATM-3,PUT,256.35,256.8,254.2,254.2,3340,132300,10.267636,83400,83713.2
2025-07-09 11:13:00,ATM-2,CALL,588.4,594.6,587.7,592.2,5420,370440,8.985752,83500,83713.2
2025-07-09 11:13:00,ATM-2,PUT,290.4,292.3,289.3,289.5,7340,478140,10.249583,83500,83713.2
2025-07-09 11:13:00,ATM-1,CALL,526,531.95,525.5,531.95,8660,275840,9.025205,83600,83713.2
2025-07-09 11:13:00,ATM-1,PUT,331.8,332,328,328,7380,410100,10.227694,83600,83713.2
2025-07-09 11:13:00,ATM,CALL,468.6,475.4,468.6,474.85,13320,298520,9.044481,83700,83713.2
2025-07-09 11:13:00,ATM,PUT,374,375.65,371,371,9080,281760,10.23019,83700,83713.2
2025-07-09 11:13:00,ATM+1,CALL,416.3,422.25,416.3,422,11100,228360,9.069025,83800,83713.2
2025-07-09 11:13:00,ATM+1,PUT,421.2,423.45,419,419,4700,166280,10.266242,83800,83713.2
2025-07-09 11:13:00,ATM+2,CALL,367.65,372.95,367.65,372.9,4600,118200,9.087058,83900,83713.2
2025-07-09 11:13:00,ATM+2,PUT,472.2,473.65,469.6,470.1,3860,59660,10.291514,83900,83713.2
2025-07-09 11:13:00,ATM+3,CALL,324.1,326.55,322.75,325.8,10120,293160,9.0586,84000,83713.2
2025-07-09 11:13:00,ATM+3,PUT,525.1,527.35,521.6,521.6,3540,110240,10.244148,84000,83713.2
2025-07-09 11:13:00,ATM+4,CALL,280.45,285.5,280.45,285.5,2500,75780,9.096302,84100,83713.2
2025-07-09 11:13:00,ATM+4,PUT,586.8,586.8,582.55,582.55,560,15600,10.335245,84100,83713.2
2025-07-09 11:13:00,ATM+5,CALL,243.15,248,243.15,248,2660,109580,9.109697,84200,83713.2
2025-07-09 11:13:00,ATM+5,PUT,646.65,647.45,642.8,642.8,120,10360,10.330336,84200,83713.2
2025-07-09 11:13:00,ATM+6,CALL,210.35,213.45,210.35,213.45,4080,80500,9.103799,84300,83713.2
2025-07-09 11:13:00,ATM+6,PUT,714.45,714.45,714.45,714.45,20,5760,10.524561,84300,83713.2
2025-07-09 11:13:00,ATM+7,CALL,181,182.65,180.3,182.65,2440,89100,9.10141,84400,83713.2
2025-07-09 11:13:00,ATM+7,PUT,785.95,785.95,785.95,785.95,0,4900,10.337403,84400,83713.2
2025-07-09 11:13:00,ATM+8,CALL,153.5,156.55,153.5,156.55,2580,229480,9.134957,84500,83713.2
2025-07-09 11:13:00,ATM+8,PUT,854,854,854,854,80,37620,10.603634,84500,83713.2
2025-07-09 11:13:00,ATM+9,CALL,131.3,132.55,130.75,131.95,2080,75140,9.121414,84600,83713.2
2025-07-09 11:13:00,ATM+9,PUT,929.7,929.7,929.7,929.7,20,2200,10.69024,84600,83713.2
2025-07-09 11:13:00,ATM+10,CALL,110.3,112.2,110.3,112.2,2400,97540,9.16648,84700,83713.2
2025-07-09 11:13:00,ATM+10,PUT,1020.4,1020.4,1020.4,1020.4,0,480,10.433969,84700,83713.2
2025-07-09 11:14:00,ATM-10,CALL,1163.1,1163.1,1163.1,1163.1,0,2100,8.208403,82700,83727.98
2025-07-09 11:14:00,ATM-10,PUT,93.75,94.05,92.5,92.5,4140,78220,10.611753,82700,83727.98
2025-07-09 11:14:00,ATM-9,CALL,1112.6,1112.6,1112.6,1112.6,120,3140,7.963278,82800,83727.98
2025-07-09 11:14:00,ATM-9,PUT,108.9,109.05,106.8,107.05,2940,86160,10.536106,82800,83727.98
2025-07-09 11:14:00,ATM-8,CALL,1041.45,1041.45,1041.45,1041.45,20,3580,8.653429,82900,83727.98
2025-07-09 11:14:00,ATM-8,PUT,125.8,125.85,123.8,123.8,1920,72800,10.469082,82900,83727.98
2025-07-09 11:14:00,ATM-7,CALL,950.6,962,950.6,960.15,740,41940,8.725721,83000,83727.98
2025-07-09 11:14:00,ATM-7,PUT,145.65,145.9,143.15,143.15,10080,229840,10.415531,83000,83727.98
2025-07-09 11:14:00,ATM-6,CALL,873.85,883.45,873.85,883.45,80,7440,8.842676,83100,83727.98
2025-07-09 11:14:00,ATM-6,PUT,168.15,168.15,165.6,165.6,3240,81640,10.381975,83100,83727.98
2025-07-09 11:14:00,ATM-5,CALL,797.7,808.35,797.7,808.35,500,11700,8.898579,83200,83727.98
2025-07-09 11:14:00,ATM-5,PUT,193.75,193.75,190.05,190.05,5300,99700,10.329556,83200,83727.98
2025-07-09 11:14:00,ATM-4,CALL,726.5,736.6,726.25,735.9,480,39700,8.929946,83300,83727.98
2025-07-09 11:14:00,ATM-4,PUT,222.25,222.35,218.8,218.8,7380,265420,10.316799,83300,83727.98
2025-07-09 11:14:00,ATM-3,CALL,659,669,658.15,668.05,3060,56920,8.986834,83400,83727.98
2025-07-09 11:14:00,ATM-3,PUT,253.95,254.05,250.3,250.3,8060,132300,10.29533,83400,83727.98
2025-07-09 11:14:00,ATM-2,CALL,594.7,604.7,592.7,604.7,8740,370440,9.059356,83500,83727.98
2025-07-09 11:14:00,ATM-2,PUT,289.1,289.5,284.55,284.55,18380,478140,10.262705,83500,83727.98
2025-07-09 11:14:00,ATM-1,CALL,532.5,541.55,531,540.25,17900,275840,9.009698,83600,83727.98
2025-07-09 11:14:00,ATM-1,PUT,328.3,329,323.45,324.25,17220,410100,10.280938,83600,83727.98
2025-07-09 11:14:00,ATM,CALL,475.35,485,474.5,484.2,25400,298520,9.067614,83700,83727.98
2025-07-09 11:14:00,ATM,PUT,371,372.2,366.2,366.2,18440,281760,10.270109,83700,83727.98
2025-07-09 11:14:00,ATM+1,CALL,422.45,431.1,421.55,430.45,21720,228360,9.084808,83800,83727.98
2025-07-09 11:14:00,ATM+1,PUT,417.55,418.55,413.55,414.2,15620,166280,10.317901,83800,83727.98
2025-07-09 11:14:00,ATM+2,CALL,373,380.4,371.6,380.15,13080,118200,9.088863,83900,83727.98
2025-07-09 11:14:00,ATM+2,PUT,468.05,469.05,462.5,462.5,4360,59660,10.290701,83900,83727.98
2025-07-09 11:14:00,ATM+3,CALL,327.05,335.7,326.6,335.7,22060,293160,9.135646,84000,83727.98
2025-07-09 11:14:00,ATM+3,PUT,522.5,523.5,517,517,7120,110240,10.324949,84000,83727.98
2025-07-09 11:14:00,ATM+4,CALL,285.4,293.15,285.1,293.15,6600,75780,9.135254,84100,83727.98
2025-07-09 11:14:00,ATM+4,PUT,582.35,582.35,576,578,1040,15600,10.430206,84100,83727.98
2025-07-09 11:14:00,ATM+5,CALL,247.4,254.85,247.4,254.85,5980,109580,9.144021,84200,83727.98
2025-07-09 11:14:00,ATM+5,PUT,644.45,644.45,637,637,1300,10360,10.409481,84200,83727.98
2025-07-09 11:14:00,ATM+6,CALL,213,220.15,213,219.3,7060,80500,9.128072,84300,83727.98
2025-07-09 11:14:00,ATM+6,PUT,705,706.5,705,706.5,80,5760,10.564036,84300,83727.98
2025-07-09 11:14:00,ATM+7,CALL,182.5,188.9,182.5,188.9,2920,89100,9.151264,84400,83727.98
2025-07-09 11:14:00,ATM+7,PUT,785.95,785.95,785.95,785.95,0,4900,10.337403,84400,83727.98
2025-07-09 11:14:00,ATM+8,CALL,156.85,162,156.35,161.9,9000,229480,9.176069,84500,83727.98
2025-07-09 11:14:00,ATM+8,PUT,850,850,844.5,844.5,580,37620,10.628796,84500,83727.98
2025-07-09 11:14:00,ATM+9,CALL,132.25,137.1,132.25,137.1,4080,75140,9.173404,84600,83727.98
2025-07-09 11:14:00,ATM+9,PUT,929.7,929.7,929.7,929.7,0,2200,10.69024,84600,83727.98
2025-07-09 11:14:00,ATM+10,CALL,112.55,116.2,111.65,116.2,12400,97540,9.19877,84700,83727.98
2025-07-09 11:14:00,ATM+10,PUT,1020.4,1020.4,1020.4,1020.4,0,480,10.433969,84700,83727.98
2025-07-09 11:15:00,ATM-10,CALL,1138.45,1160,1138.45,1160,100,3140,8.764096,82800,83762.5
2025-07-09 11:15:00,ATM-10,PUT,107.45,107.45,99.6,103.55,8020,85920,10.622411,82800,83762.5
2025-07-09 11:15:00,ATM-9,CALL,1050,1050,1050,1050,20,3600,7.735487,82900,83762.5
2025-07-09 11:15:00,ATM-9,PUT,124.4,124.6,115.8,119.8,7740,73220,10.557481,82900,83762.5
2025-07-09 11:15:00,ATM-8,CALL,963.7,1002,963.7,985,3780,41880,8.590894,83000,83762.5
2025-07-09 11:15:00,ATM-8,PUT,143.95,144,134.25,138.5,31100,229440,10.503364,83000,83762.5
2025-07-09 11:15:00,ATM-7,CALL,880.7,923.65,880.7,901.9,300,7460,8.544371,83100,83762.5
2025-07-09 11:15:00,ATM-7,PUT,166.5,166.5,154.85,159.75,12220,81680,10.455413,83100,83762.5
2025-07-09 11:15:00,ATM-6,CALL,805.65,847,805.65,830,1020,11680,8.757574,83200,83762.5
2025-07-09 11:15:00,ATM-6,PUT,191.75,191.75,178.8,184.25,14900,99840,10.426963,83200,83762.5
2025-07-09 11:15:00,ATM-5,CALL,740.8,773.6,740.8,759.75,2520,39680,8.893727,83300,83762.5
2025-07-09 11:15:00,ATM-5,PUT,220.3,220.3,204.95,211.5,12880,265840,10.396955,83300,83762.5
2025-07-09 11:15:00,ATM-4,CALL,668.5,704.95,668.5,688.8,8920,56480,8.904065,83400,83762.5
2025-07-09 11:15:00,ATM-4,PUT,251.05,251.4,235.05,242,17680,130380,10.37416,83400,83762.5
2025-07-09 11:15:00,ATM-3,CALL,601.75,637.25,601.75,624.1,39180,372280,8.979718,83500,83762.5
2025-07-09 11:15:00,ATM-3,PUT,285.85,286.45,266.8,275.1,52840,480200,10.338115,83500,83762.5
2025-07-09 11:15:00,ATM-2,CALL,540.8,574.6,540.05,560.85,65160,273880,8.993313,83600,83762.5
2025-07-09 11:15:00,ATM-2,PUT,324.3,325.1,303.45,313.95,50720,411380,10.362154,83600,83762.5
2025-07-09 11:15:00,ATM-1,CALL,484.55,515.95,483.95,502,93160,297100,9.018198,83700,83762.5
2025-07-09 11:15:00,ATM-1,PUT,368,368,345,354.8,57300,286540,10.351981,83700,83762.5
2025-07-09 11:15:00,ATM,CALL,429.9,458.2,429.9,447.25,80460,226920,9.045013,83800,83762.5
2025-07-09 11:15:00,ATM,PUT,413.55,414.7,390,401.15,41600,169260,10.388889,83800,83762.5
2025-07-09 11:15:00,ATM+1,CALL,380,407.5,380,395.6,45880,118520,9.050165,83900,83762.5
2025-07-09 11:15:00,ATM+1,PUT,463.25,464.3,437.5,449.6,18040,60660,10.392915,83900,83762.5
2025-07-09 11:15:00,ATM+2,CALL,334,357.1,334,347.6,67760,292340,9.046563,84000,83762.5
2025-07-09 11:15:00,ATM+2,PUT,517.35,518.85,490,501.85,21500,109860,10.403653,84000,83762.5
2025-07-09 11:15:00,ATM+3,CALL,292.55,315.85,292.3,305.25,26580,75740,9.081456,84100,83762.5
2025-07-09 11:15:00,ATM+3,PUT,576.05,576.05,546.65,559.4,2760,15820,10.456825,84100,83762.5
2025-07-09 11:15:00,ATM+4,CALL,254.35,274.45,254.05,267,29140,107400,9.121945,84200,83762.5
2025-07-09 11:15:00,ATM+4,PUT,635.15,635.3,605.05,620.7,2500,10500,10.519264,84200,83762.5
2025-07-09 11:15:00,ATM+5,CALL,220.15,236.75,219.6,231.35,17240,79540,9.134936,84300,83762.5
2025-07-09 11:15:00,ATM+5,PUT,694.55,694.55,671,685.45,1060,5780,10.58721,84300,83762.5
2025-07-09 11:15:00,ATM+6,CALL,188.4,204.45,187.7,197.7,17720,88840,9.105794,84400,83762.5
2025-07-09 11:15:00,ATM+6,PUT,768.45,768.45,738.4,748.6,600,4920,10.537851,84400,83762.5
2025-07-09 11:15:00,ATM+7,CALL,160.95,176.15,160.95,170.85,33820,230120,9.163763,84500,83762.5
2025-07-09 11:15:00,ATM+7,PUT,838.55,839.35,807.75,820.6,720,37660,10.634464,84500,83762.5
2025-07-09 11:15:00,ATM+8,CALL,137,150.05,137,145.25,21180,75480,9.1691,84600,83762.5
2025-07-09 11:15:00,ATM+8,PUT,915,915,893.1,895,120,2200,10.723754,84600,83762.5
2025-07-09 11:15:00,ATM+9,CALL,115.7,127.1,115.7,122.85,20180,96600,9.178596,84700,83762.5
2025-07-09 11:15:00,ATM+9,PUT,929.7,929.7,929.7,929.7,0,2200,10.69024,84700,83762.5
2025-07-09 11:15:00,ATM+10,CALL,97.45,107.55,97.45,104.6,51500,154160,9.233149,84800,83762.5
2025-07-09 11:15:00,ATM+10,PUT,1020.4,1020.4,1020.4,1020.4,0,480,10.433969,84800,83762.5
2025-07-09 11:16:00,ATM-10,CALL,1160,1160,1160,1160,0,3140,8.764096,82800,83753.08
2025-07-09 11:16:00,ATM-10,PUT,104.2,104.3,103.05,103.5,1660,85920,10.563311,82800,83753.08
2025-07-09 11:16:00,ATM-9,CALL,1058.7,1058.7,1058.7,1058.7,20,3600,8.484148,82900,83753.08
2025-07-09 11:16:00,ATM-9,PUT,120.8,120.8,119.75,120.75,880,73220,10.529744,82900,83753.08
2025-07-09 11:16:00,ATM-8,CALL,985.8,988.65,980,980.9,320,41880,8.728568,83000,83753.08
2025-07-09 11:16:00,ATM-8,PUT,139.6,139.6,138.25,138.6,5440,229440,10.443713,83000,83753.08
2025-07-09 11:16:00,ATM-7,CALL,902.75,904.8,901.1,901.1,60,7460,8.770081,83100,83753.08
2025-07-09 11:16:00,ATM-7,PUT,160.8,160.9,159.65,160,1180,81680,10.396813,83100,83753.08
2025-07-09 11:16:00,ATM-6,CALL,831.55,833.65,826,826,180,11680,8.856425,83200,83753.08
2025-07-09 11:16:00,ATM-6,PUT,185.85,185.85,183.85,184.15,4380,99840,10.354608,83200,83753.08
2025-07-09 11:16:00,ATM-5,CALL,756,760.1,751.7,754.1,580,39680,8.929862,83300,83753.08
2025-07-09 11:16:00,ATM-5,PUT,212.7,213.05,211.35,211.9,4860,265840,10.334125,83300,83753.08
2025-07-09 11:16:00,ATM-4,CALL,687,690.4,682.85,684.45,1760,56480,8.963548,83400,83753.08
2025-07-09 11:16:00,ATM-4,PUT,242.75,243.5,241.5,242.05,3200,130380,10.297669,83400,83753.08
2025-07-09 11:16:00,ATM-3,CALL,622.45,625,618,621.5,9820,372280,9.071102,83500,83753.08
2025-07-09 11:16:00,ATM-3,PUT,275.95,278,275,276.15,9980,480200,10.281399,83500,83753.08
2025-07-09 11:16:00,ATM-2,CALL,558.05,562,555.15,556.9,15840,273880,9.040169,83600,83753.08
2025-07-09 11:16:00,ATM-2,PUT,315.4,315.4,312.05,313.45,18200,411380,10.262395,83600,83753.08
2025-07-09 11:16:00,ATM-1,CALL,500.7,504.35,497,499.15,29540,297100,9.08092,83700,83753.08
2025-07-09 11:16:00,ATM-1,PUT,356.75,357,353.7,355.25,13940,286540,10.268835,83700,83753.08
2025-07-09 11:16:00,ATM,CALL,445,448.75,442.75,445.5,29980,226920,9.123446,83800,83753.08
2025-07-09 11:16:00,ATM,PUT,402.35,403,399,400.2,13800,169260,10.266748,83800,83753.08
2025-07-09 11:16:00,ATM+1,CALL,395.55,397.05,391.4,394.1,13020,118520,9.125188,83900,83753.08
2025-07-09 11:16:00,ATM+1,PUT,449.8,451.4,447,449.1,4480,60660,10.274003,83900,83753.08
2025-07-09 11:16:00,ATM+2,CALL,347.05,349.8,344.7,346.65,24760,292340,9.12588,84000,83753.08
2025-07-09 11:16:00,ATM+2,PUT,504.1,505,501,502,3480,109860,10.291665,84000,83753.08
2025-07-09 11:16:00,ATM+3,CALL,304.25,307.1,302,303.6,8200,75740,9.136772,84100,83753.08
2025-07-09 11:16:00,ATM+3,PUT,558.25,562.1,558.25,558.7,780,15820,10.316108,84100,83753.08
2025-07-09 11:16:00,ATM+4,CALL,265,267,262.55,263.6,9700,107400,9.127815,84200,83753.08
2025-07-09 11:16:00,ATM+4,PUT,622.5,622.5,616.85,621.55,620,10500,10.405266,84200,83753.08
2025-07-09 11:16:00,ATM+5,CALL,228.9,231.55,226.75,228.5,9880,79540,9.145915,84300,83753.08
2025-07-09 11:16:00,ATM+5,PUT,685.65,685.65,684.25,684.4,340,5780,10.416361,84300,83753.08
2025-07-09 11:16:00,ATM+6,CALL,197,198.8,194.75,196.3,6740,88840,9.146045,84400,83753.08
2025-07-09 11:16:00,ATM+6,PUT,751.65,754.9,751.3,754.9,200,4920,10.53901,84400,83753.08
2025-07-09 11:16:00,ATM+7,CALL,170.3,170.95,167.1,168.5,14820,230120,9.171496,84500,83753.08
2025-07-09 11:16:00,ATM+7,PUT,822.85,826.65,820.2,824.6,280,37660,10.568027,84500,83753.08
2025-07-09 11:16:00,ATM+8,CALL,144,145.75,142,143.45,5680,75480,9.184552,84600,83753.08
2025-07-09 11:16:00,ATM+8,PUT,895,895,895,895,0,2200,10.723754,84600,83753.08
2025-07-09 11:16:00,ATM+9,CALL,123.4,123.45,120.4,121.55,10800,96600,9.202073,84700,83753.08
2025-07-09 11:16:00,ATM+9,PUT,929.7,929.7,929.7,929.7,0,2200,10.69024,84700,83753.08
2025-07-09 11:16:00,ATM+10,CALL,103.85,104.7,101.1,102.15,40260,154160,9.210816,84800,83753.08
2025-07-09 11:16:00,ATM+10,PUT,1020.4,1020.4,1020.4,1020.4,0,480,10.433969,84800,83753.08
2025-07-09 11:17:00,ATM-10,CALL,1141.65,1141.65,1141.65,1141.65,20,3140,8.002274,82800,83759.62
2025-07-09 11:17:00,ATM-10,PUT,103.65,106,103.65,105.75,2300,85920,10.686093,82800,83759.62
2025-07-09 11:17:00,ATM-9,CALL,1061.6,1061.6,1061.6,1061.6,40,3600,8.369703,82900,83759.62
2025-07-09 11:17:00,ATM-9,PUT,120.35,122.8,119.9,122.25,3340,73220,10.622978,82900,83759.62
2025-07-09 11:17:00,ATM-8,CALL,979.05,980,976,976,580,41880,8.346072,83000,83759.62
2025-07-09 11:17:00,ATM-8,PUT,139,141.6,138.45,141.1,10820,229440,10.567095,83000,83759.62
2025-07-09 11:17:00,ATM-7,CALL,899.85,899.85,899.85,899.85,100,7460,8.555481,83100,83759.62
2025-07-09 11:17:00,ATM-7,PUT,160.3,163.35,160,162.3,6400,81680,10.511609,83100,83759.62
2025-07-09 11:17:00,ATM-6,CALL,827,827,826,826,240,11680,8.705319,83200,83759.62
2025-07-09 11:17:00,ATM-6,PUT,184.55,187.8,184.25,187.15,5560,99840,10.487598,83200,83759.62
2025-07-09 11:17:00,ATM-5,CALL,755.35,757.75,750,751.95,1500,39680,8.735631,83300,83759.62
2025-07-09 11:17:00,ATM-5,PUT,212.25,215.05,211.4,214.75,5280,265840,10.461696,83300,83759.62
2025-07-09 11:17:00,ATM-4,CALL,684.3,687.1,679.3,680.15,2520,56480,8.730165,83400,83759.62
2025-07-09 11:17:00,ATM-4,PUT,242.25,246,241.5,245.2,4480,130380,10.432651,83400,83759.62
2025-07-09 11:17:00,ATM-3,CALL,619.7,622.9,611.65,615.45,9940,372280,8.81178,83500,83759.62
2025-07-09 11:17:00,ATM-3,PUT,276.25,279.35,275,279.35,15480,480200,10.418092,83500,83759.62
2025-07-09 11:17:00,ATM-2,CALL,557.1,559.2,548.7,550.75,17340,273880,8.793911,83600,83759.62
2025-07-09 11:17:00,ATM-2,PUT,313.8,317.85,312,315.8,15760,411380,10.380264,83600,83759.62
2025-07-09 11:17:00,ATM-1,CALL,498.6,501,492.5,493.9,31620,297100,8.868618,83700,83759.62
2025-07-09 11:17:00,ATM-1,PUT,356.25,359.6,354.05,358.4,20100,286540,10.408362,83700,83759.62
2025-07-09 11:17:00,ATM,CALL,443.45,446.8,438.5,440.4,27220,226920,8.924137,83800,83759.62
2025-07-09 11:17:00,ATM,PUT,402,405.6,399.45,404.55,13100,169260,10.437603,83800,83759.62
2025-07-09 11:17:00,ATM+1,CALL,393,394.95,387.6,389.8,17300,118520,8.951469,83900,83759.62
2025-07-09 11:17:00,ATM+1,PUT,451,454.75,448.4,453.95,7200,60660,10.460914,83900,83759.62
2025-07-09 11:17:00,ATM+2,CALL,345.05,347.75,340.65,343.4,30900,292340,8.981687,84000,83759.62
2025-07-09 11:17:00,ATM+2,PUT,504.25,508.95,502,506.95,8020,109860,10.486816,84000,83759.62
2025-07-09 11:17:00,ATM+3,CALL,302.05,304.9,298.35,300.2,9940,75740,8.99298,84100,83759.62
2025-07-09 11:17:00,ATM+3,PUT,559.4,565,559.4,565,1100,15820,10.550195,84100,83759.62
2025-07-09 11:17:00,ATM+4,CALL,262.65,265,259.15,260.1,9560,107400,8.984082,84200,83759.62
2025-07-09 11:17:00,ATM+4,PUT,621.85,626.6,618.25,626.6,1160,10500,10.619106,84200,83759.62
2025-07-09 11:17:00,ATM+5,CALL,227.6,229,223.95,225.95,8340,79540,9.02682,84300,83759.62
2025-07-09 11:17:00,ATM+5,PUT,686.95,690.9,686,690.9,500,5780,10.67629,84300,83759.62
2025-07-09 11:17:00,ATM+6,CALL,195.8,197.15,192.4,193.3,7620,88840,9.015871,84400,83759.62
2025-07-09 11:17:00,ATM+6,PUT,757.75,757.75,753.8,753.8,180,4920,10.621219,84400,83759.62
2025-07-09 11:17:00,ATM+7,CALL,167.4,169,165.2,165.8,10240,230120,9.048392,84500,83759.62
2025-07-09 11:17:00,ATM+7,PUT,828.2,831.6,826.25,831.6,420,37660,10.869931,84500,83759.62
2025-07-09 11:17:00,ATM+8,CALL,142.75,143.55,140.4,141.9,4140,75480,9.093124,84600,83759.62
2025-07-09 11:17:00,ATM+8,PUT,895,901.8,895,901.8,960,2200,10.85318,84600,83759.62
2025-07-09 11:17:00,ATM+9,CALL,121,122,118.8,120.2,5020,96600,9.116091,84700,83759.62
2025-07-09 11:17:00,ATM+9,PUT,980,980,978.35,978.35,40,500,10.936567,84700,83759.62
2025-07-09 11:17:00,ATM+10,CALL,102.2,103.25,100.75,101.6,8660,154160,9.150875,84800,83759.62
2025-07-09 11:17:00,ATM+10,PUT,1062.1,1062.1,1061.8,1061.8,120,480,11.157437,84800,83759.62
2025-07-09 11:18:00,ATM-10,CALL,1141.65,1141.65,1141.65,1141.65,0,3140,8.002274,82700,83742.64
2025-07-09 11:18:00,ATM-10,PUT,91.1,92.5,90.05,91.8,2420,77640,10.673422,82700,83742.64
2025-07-09 11:18:00,ATM-9,CALL,1061.6,1061.6,1061.6,1061.6,0,3600,8.369703,82800,83742.64
2025-07-09 11:18:00,ATM-9,PUT,105.3,106.8,103.5,106.2,3280,85360,10.59821,82800,83742.64
2025-07-09 11:18:00,ATM-8,CALL,976,976,976,976,0,41880,8.346072,82900,83742.64
2025-07-09 11:18:00,ATM-8,PUT,120.65,123.4,120.5,123.1,2680,71060,10.542572,82900,83742.64
2025-07-09 11:18:00,ATM-7,CALL,979.95,979.95,959.05,959.3,980,40920,8.255234,83000,83742.64
2025-07-09 11:18:00,ATM-7,PUT,139.75,142.55,139.2,141.95,8140,233500,10.479539,83000,83742.64
2025-07-09 11:18:00,ATM-6,CALL,826,826,826,826,0,11680,8.705319,83100,83742.64
2025-07-09 11:18:00,ATM-6,PUT,162.05,164.35,160.6,163.85,2860,80120,10.437266,83100,83742.64
2025-07-09 11:18:00,ATM-5,CALL,811.1,811.1,806.05,809,80,11500,8.587792,83200,83742.64
2025-07-09 11:18:00,ATM-5,PUT,184.6,189.3,184.6,188.65,5600,99840,10.402888,83200,83742.64
2025-07-09 11:18:00,ATM-4,CALL,752.1,752.1,734.35,742,700,39680,8.807241,83300,83742.64
2025-07-09 11:18:00,ATM-4,PUT,212.75,217.1,212,216.85,5600,268540,10.383744,83300,83742.64
2025-07-09 11:18:00,ATM-3,CALL,683,683,666.2,670.05,2660,55020,8.777894,83400,83742.64
2025-07-09 11:18:00,ATM-3,PUT,244.65,248,241.95,247,4320,130380,10.337046,83400,83742.64
2025-07-09 11:18:00,ATM-2,CALL,617.55,618.45,600.9,604.5,10300,372280,8.819399,83500,83742.64
2025-07-09 11:18:00,ATM-2,PUT,278.05,282.5,275.95,281.45,13880,479280,10.319634,83500,83742.64
2025-07-09 11:18:00,ATM-1,CALL,552.4,554.75,539.2,541.7,18700,261580,8.831172,83600,83742.64
2025-07-09 11:18:00,ATM-1,PUT,316,320.7,313.6,320.1,18020,411380,10.323336,83600,83742.64
2025-07-09 11:18:00,ATM,CALL,495.35,498,482,485,36880,287260,8.892122,83700,83742.64
2025-07-09 11:18:00,ATM,PUT,358.15,362.8,355.8,361.8,16100,281620,10.317768,83700,83742.64
2025-07-09 11:18:00,ATM+1,CALL,441.1,441.9,428.1,432.35,32020,209420,8.950837,83800,83742.64
2025-07-09 11:18:00,ATM+1,PUT,402,409.6,400.9,408.95,12380,174160,10.357398,83800,83742.64
2025-07-09 11:18:00,ATM+2,CALL,391.35,391.35,378.4,381.75,19100,121940,8.962062,83900,83742.64
2025-07-09 11:18:00,ATM+2,PUT,453.1,459,450.1,457.6,3900,61260,10.35003,83900,83742.64
2025-07-09 11:18:00,ATM+3,CALL,343.9,343.9,332.4,335.35,24260,288440,8.976372,84000,83742.64
2025-07-09 11:18:00,ATM+3,PUT,503.5,513,503.15,511.75,5280,112960,10.388354,84000,83742.64
2025-07-09 11:18:00,ATM+4,CALL,301.05,301.05,290,293.35,11800,72700,8.999805,84100,83742.64
2025-07-09 11:18:00,ATM+4,PUT,564.2,569.8,560.2,569.8,940,16720,10.437008,84100,83742.64
2025-07-09 11:18:00,ATM+5,CALL,261.3,261.6,251.75,253.35,9880,107240,8.977331,84200,83742.64
2025-07-09 11:18:00,ATM+5,PUT,621.6,631.7,620.6,631.15,420,11720,10.484365,84200,83742.64
2025-07-09 11:18:00,ATM+6,CALL,226.8,226.8,217.25,219.9,13920,77140,9.021474,84300,83742.64
2025-07-09 11:18:00,ATM+6,PUT,685.95,694.8,684.95,694.8,440,6100,10.5087,84300,83742.64
2025-07-09 11:18:00,ATM+7,CALL,194.8,195.05,186.25,188,7280,87340,9.013652,84400,83742.64
2025-07-09 11:18:00,ATM+7,PUT,752.75,752.75,752.75,752.75,140,4920,10.307699,84400,83742.64
2025-07-09 11:18:00,ATM+8,CALL,167,167,159.45,161.5,13260,229440,9.057891,84500,83742.64
2025-07-09 11:18:00,ATM+8,PUT,824.7,836.85,824.2,836.85,340,38100,10.699309,84500,83742.64
2025-07-09 11:18:00,ATM+9,CALL,142,142.45,135.8,136.8,8220,76160,9.063747,84600,83742.64
2025-07-09 11:18:00,ATM+9,PUT,901,909.9,899.15,909.9,100,2280,10.739227,84600,83742.64
2025-07-09 11:18:00,ATM+10,CALL,120.2,120.3,114.75,115.9,8880,92880,9.094011,84700,83742.64
2025-07-09 11:18:00,ATM+10,PUT,1061.8,1061.8,1061.8,1061.8,0,480,11.157437,84700,83742.64
2025-07-09 11:19:00,ATM-10,CALL,1223.1,1223.1,1223.1,1223.1,20,2100,8.350863,82700,83743.05
2025-07-09 11:19:00,ATM-10,PUT,91,91.1,90.05,90.05,760,77640,10.607569,82700,83743.05
2025-07-09 11:19:00,ATM-9,CALL,1134.95,1134.95,1134.95,1134.95,20,3020,8.402762,82800,83743.05
2025-07-09 11:19:00,ATM-9,PUT,106.1,106.1,104.05,104.65,720,85360,10.545042,82800,83743.05
2025-07-09 11:19:00,ATM-8,CALL,976,976,976,976,0,41880,8.346072,82900,83743.05
2025-07-09 11:19:00,ATM-8,PUT,122.3,122.3,120.5,120.5,460,71060,10.458239,82900,83743.05
2025-07-09 11:19:00,ATM-7,CALL,969.1,976.65,969.1,974.4,280,40920,8.795681,83000,83743.05
2025-07-09 11:19:00,ATM-7,PUT,140.5,141.25,139.45,140.15,7700,233500,10.426349,83000,83743.05
2025-07-09 11:19:00,ATM-6,CALL,889.25,889.25,889.25,889.25,80,7460,8.647342,83100,83743.05
2025-07-09 11:19:00,ATM-6,PUT,162.2,162.9,161.2,162,860,80120,10.38623,83100,83743.05
2025-07-09 11:19:00,ATM-5,CALL,818.4,820.3,815.8,818,320,11500,8.84926,83200,83743.05
2025-07-09 11:19:00,ATM-5,PUT,187.35,187.55,185.7,186.05,3320,99840,10.334155,83200,83743.05
2025-07-09 11:19:00,ATM-4,CALL,742.2,748.2,740.65,748,1060,39680,8.966171,83300,83743.05
2025-07-09 11:19:00,ATM-4,PUT,215.85,215.85,213.3,214,2020,268540,10.312109,83300,83743.05
2025-07-09 11:19:00,ATM-3,CALL,669.4,681.3,669.4,676.2,1000,55020,8.932314,83400,83743.05
2025-07-09 11:19:00,ATM-3,PUT,246,246.05,243.25,245,4280,130380,10.290249,83400,83743.05
2025-07-09 11:19:00,ATM-2,CALL,605,613.85,604.65,610.8,7280,372280,8.970691,83500,83743.05
2025-07-09 11:19:00,ATM-2,PUT,281.55,281.55,277.6,279.35,10280,479280,10.272334,83500,83743.05
2025-07-09 11:19:00,ATM-1,CALL,542.2,550.8,542.2,548,15940,261580,8.977438,83600,83743.05
2025-07-09 11:19:00,ATM-1,PUT,319.65,319.65,314.9,317.05,5900,411380,10.255023,83600,83743.05
2025-07-09 11:19:00,ATM,CALL,486.5,492.75,486.35,490.35,13360,287260,9.012774,83700,83743.05
2025-07-09 11:19:00,ATM,PUT,362.1,362.1,357,360,8540,281620,10.280286,83700,83743.05
2025-07-09 11:19:00,ATM+1,CALL,432.15,438.35,432.15,436.2,16780,209420,9.035432,83800,83743.05
2025-07-09 11:19:00,ATM+1,PUT,408.45,408.45,402.85,406.8,17700,174160,10.312585,83800,83743.05
2025-07-09 11:19:00,ATM+2,CALL,381.45,387.95,381.45,386,7880,121940,9.055879,83900,83743.05
2025-07-09 11:19:00,ATM+2,PUT,455.55,456.6,452.3,455.2,2300,61260,10.299934,83900,83743.05
2025-07-09 11:19:00,ATM+3,CALL,334.85,342.7,334.85,339.8,17780,288440,9.075764,84000,83743.05
2025-07-09 11:19:00,ATM+3,PUT,510.5,510.5,505.25,509.95,4400,112960,10.352223,84000,83743.05
2025-07-09 11:19:00,ATM+4,CALL,292.6,299,292.6,296.65,8500,72700,9.074129,84100,83743.05
2025-07-09 11:19:00,ATM+4,PUT,565.05,565.95,562.55,563.85,460,16720,10.303619,84100,83743.05
2025-07-09 11:19:00,ATM+5,CALL,254.75,259.55,254.4,257.9,3160,107240,9.084237,84200,83743.05
2025-07-09 11:19:00,ATM+5,PUT,625,625,623.6,623.6,200,11720,10.310417,84200,83743.05
2025-07-09 11:19:00,ATM+6,CALL,219.65,224.95,219.65,222.75,8020,77140,9.090069,84300,83743.05
2025-07-09 11:19:00,ATM+6,PUT,687.95,687.95,687.95,687.95,160,6100,10.347426,84300,83743.05
2025-07-09 11:19:00,ATM+7,CALL,189,193,188.35,191.25,6080,87340,9.096382,84400,83743.05
2025-07-09 11:19:00,ATM+7,PUT,756.2,756.2,756.2,756.2,40,5340,10.402804,84400,83743.05
2025-07-09 11:19:00,ATM+8,CALL,161.45,165.2,161.45,164.6,12840,229440,9.141462,84500,83743.05
2025-07-09 11:19:00,ATM+8,PUT,831.15,834,830,830,140,38100,10.526462,84500,83743.05
2025-07-09 11:19:00,ATM+9,CALL,137.5,140.65,137.15,140,2480,76160,9.156278,84600,83743.05
2025-07-09 11:19:00,ATM+9,PUT,903.65,903.65,903.65,903.65,20,2280,10.574953,84600,83743.05
2025-07-09 11:19:00,ATM+10,CALL,116.05,119.4,116.05,118.35,5820,92880,9.170069,84700,83743.05
2025-07-09 11:19:00,ATM+10,PUT,1061.8,1061.8,1061.8,1061.8,0,480,11.157437,84700,83743.05
2025-07-09 11:20:00,ATM-10,CALL,1223.1,1223.1,1223.1,1223.1,0,2100,8.350863,82700,83748.04
2025-07-09 11:20:00,ATM-10,PUT,90,91.05,90,90.8,520,77640,10.667093,82700,83748.04
2025-07-09 11:20:00,ATM-9,CALL,1134.95,1134.95,1134.95,1134.95,0,3020,8.402762,82800,83748.04
2025-07-09 11:20:00,ATM-9,PUT,104.5,105,103.75,105,520,85360,10.589005,82800,83748.04
2025-07-09 11:20:00,ATM-8,CALL,976,976,976,976,0,41880,8.346072,82900,83748.04
2025-07-09 11:20:00,ATM-8,PUT,120.85,121.8,120.55,121.75,1500,71060,10.533023,82900,83748.04
2025-07-09 11:20:00,ATM-7,CALL,968.5,974.85,968.5,974.85,40,40920,8.664744,83000,83748.04
2025-07-09 11:20:00,ATM-7,PUT,140.4,141,139.55,141,5320,233500,10.487248,83000,83748.04
2025-07-09 11:20:00,ATM-6,CALL,889.25,889.25,889.25,889.25,0,7460,8.647342,83100,83748.04
2025-07-09 11:20:00,ATM-6,PUT,162.5,162.9,160.9,162.6,440,80120,10.439818,83100,83748.04
2025-07-09 11:20:00,ATM-5,CALL,817.9,817.9,816.25,816.25,260,11500,8.682966,83200,83748.04
2025-07-09 11:20:00,ATM-5,PUT,186.9,187.95,185.7,187.5,1780,99840,10.4123,83200,83748.04
2025-07-09 11:20:00,ATM-4,CALL,751.75,751.75,745,746.3,280,39680,8.818568,83300,83748.04
2025-07-09 11:20:00,ATM-4,PUT,214.6,215.5,213,215.15,1420,268540,10.382422,83300,83748.04
2025-07-09 11:20:00,ATM-3,CALL,675.4,681.3,675.4,675.65,1720,55020,8.827764,83400,83748.04
2025-07-09 11:20:00,ATM-3,PUT,245.5,246.5,243.8,246.35,860,130380,10.366662,83400,83748.04
2025-07-09 11:20:00,ATM-2,CALL,610.15,616.25,609,609,9000,372280,8.844527,83500,83748.04
2025-07-09 11:20:00,ATM-2,PUT,279.9,280.8,277.5,280.2,8680,479280,10.337864,83500,83748.04
2025-07-09 11:20:00,ATM-1,CALL,547.9,553.5,545.4,546.3,5820,261580,8.862898,83600,83748.04
2025-07-09 11:20:00,ATM-1,PUT,317.2,318.75,315.25,318.55,7700,411380,10.338298,83600,83748.04
2025-07-09 11:20:00,ATM,CALL,489.95,495,488.65,488.65,14860,287260,8.905867,83700,83748.04
2025-07-09 11:20:00,ATM,PUT,361.3,362.15,357.5,361.6,7280,281620,10.368356,83700,83748.04
2025-07-09 11:20:00,ATM+1,CALL,435.75,441.4,435.15,435.15,11260,209420,8.94982,83800,83748.04
2025-07-09 11:20:00,ATM+1,PUT,405.8,409,403.4,407.65,8100,174160,10.386386,83800,83748.04
2025-07-09 11:20:00,ATM+2,CALL,385.5,390.75,384.5,384.8,5680,121940,8.97185,83900,83748.04
2025-07-09 11:20:00,ATM+2,PUT,455.65,458.4,452.4,458.4,1960,61260,10.431602,83900,83748.04
2025-07-09 11:20:00,ATM+3,CALL,339.35,344.4,338.2,338.35,11540,288440,8.990099,84000,83748.04
2025-07-09 11:20:00,ATM+3,PUT,510,510.75,505.75,510.7,5140,112960,10.431861,84000,83748.04
2025-07-09 11:20:00,ATM+4,CALL,295.8,299.85,295.8,296.25,1480,72700,9.016423,84100,83748.04
2025-07-09 11:20:00,ATM+4,PUT,566.3,567.35,564.35,564.35,60,16720,10.382465,84100,83748.04
2025-07-09 11:20:00,ATM+5,CALL,259.45,261.55,258,258.25,3820,107240,9.04775,84200,83748.04
2025-07-09 11:20:00,ATM+5,PUT,627.65,630,625.25,630,120,11720,10.53551,84200,83748.04
2025-07-09 11:20:00,ATM+6,CALL,223,226.45,222.15,222.15,5260,77140,9.033124,84300,83748.04
2025-07-09 11:20:00,ATM+6,PUT,687.95,687.95,687.95,687.95,0,6100,10.347426,84300,83748.04
2025-07-09 11:20:00,ATM+7,CALL,191.8,194.35,191.05,191.05,4240,87340,9.051891,84400,83748.04
2025-07-09 11:20:00,ATM+7,PUT,756.2,756.2,756.2,756.2,0,5340,10.402804,84400,83748.04
2025-07-09 11:20:00,ATM+8,CALL,163.9,166.9,163.6,163.6,7460,229440,9.076887,84500,83748.04
2025-07-09 11:20:00,ATM+8,PUT,827.6,833.8,827.6,833.8,60,38100,10.718679,84500,83748.04
2025-07-09 11:20:00,ATM+9,CALL,139.9,142.1,139.3,139.3,1980,76160,9.100862,84600,83748.04
2025-07-09 11:20:00,ATM+9,PUT,903.65,903.65,903.65,903.65,0,2280,10.574953,84600,83748.04
2025-07-09 11:20:00,ATM+10,CALL,118.35,120.45,118.25,118.8,2220,92880,9.151546,84700,83748.04
2025-07-09 11:20:00,ATM+10,PUT,1061.8,1061.8,1061.8,1061.8,0,480,11.157437,84700,83748.04
2025-07-09 11:21:00,ATM-10,CALL,1223.1,1223.1,1223.1,1223.1,0,2100,8.350863,82700,83736.79
2025-07-09 11:21:00,ATM-10,PUT,91,91.8,91,91.65,1840,78000,10.634402,82700,83736.79
2025-07-09 11:21:00,ATM-9,CALL,1134.95,1134.95,1134.95,1134.95,0,3020,8.402762,82800,83736.79
2025-07-09 11:21:00,ATM-9,PUT,105.2,106.5,105.2,106,700,85160,10.556306,82800,83736.79
2025-07-09 11:21:00,ATM-8,CALL,976,976,976,976,0,41880,8.346072,82900,83736.79
2025-07-09 11:21:00,ATM-8,PUT,121.7,123,121.65,121.75,140,70960,10.460922,82900,83736.79
2025-07-09 11:21:00,ATM-7,CALL,970.75,971.75,968.05,971.75,280,41140,8.885781,83000,83736.79
2025-07-09 11:21:00,ATM-7,PUT,141,142.55,140.85,141.25,7420,234420,10.419428,83000,83736.79
2025-07-09 11:21:00,ATM-6,CALL,889.25,890.1,889.25,890.1,40,7440,8.838559,83100,83736.79
2025-07-09 11:21:00,ATM-6,PUT,162.75,164.25,162.25,162.25,820,79980,10.350012,83100,83736.79
2025-07-09 11:21:00,ATM-5,CALL,812.5,812.5,811.5,811.5,140,11560,8.799721,83200,83736.79
2025-07-09 11:21:00,ATM-5,PUT,187.3,189.35,187,187,4820,96100,10.314593,83200,83736.79
2025-07-09 11:21:00,ATM-4,CALL,743.6,745.2,739.7,743.3,260,39140,8.963636,83300,83736.79
2025-07-09 11:21:00,ATM-4,PUT,215.65,216.85,214.4,214.4,1540,265440,10.274058,83300,83736.79
2025-07-09 11:21:00,ATM-3,CALL,674.4,678.3,671.35,678.3,580,53780,9.101133,83400,83736.79
2025-07-09 11:21:00,ATM-3,PUT,246.05,247.75,244.75,244.75,800,127860,10.232364,83400,83736.79
2025-07-09 11:21:00,ATM-2,CALL,609.2,612.4,607,612.05,3680,370500,9.105012,83500,83736.79
2025-07-09 11:21:00,ATM-2,PUT,280.2,281.6,278.65,278.65,6640,480680,10.200415,83500,83736.79
2025-07-09 11:21:00,ATM-1,CALL,545,550.3,543.7,550.3,3580,262140,9.126576,83600,83736.79
2025-07-09 11:21:00,ATM-1,PUT,318.9,319.95,316,316,6840,405040,10.171634,83600,83736.79
2025-07-09 11:21:00,ATM,CALL,489.7,493.25,486.5,492.6,14940,284240,9.151314,83700,83736.79
2025-07-09 11:21:00,ATM,PUT,361.6,363.15,359.25,359.25,11260,288380,10.200353,83700,83736.79
2025-07-09 11:21:00,ATM+1,CALL,434.45,438.35,433,438.35,9540,214520,9.163931,83800,83736.79
2025-07-09 11:21:00,ATM+1,PUT,407.65,409.55,404.45,404.45,5140,178860,10.191452,83800,83736.79
2025-07-09 11:21:00,ATM+2,CALL,385.35,388.2,382.3,388.2,7020,125700,9.179233,83900,83736.79
2025-07-09 11:21:00,ATM+2,PUT,457.2,458.5,453.95,453.95,1980,61160,10.199339,83900,83736.79
2025-07-09 11:21:00,ATM+3,CALL,338,341.05,335.8,341.05,11380,288440,9.172064,84000,83736.79
2025-07-09 11:21:00,ATM+3,PUT,511.05,512,507.25,507.25,2300,115100,10.212443,84000,83736.79
2025-07-09 11:21:00,ATM+4,CALL,295.75,298.5,292.8,298.5,2880,77920,9.180284,84100,83736.79
2025-07-09 11:21:00,ATM+4,PUT,566.65,566.8,566.55,566.8,140,16980,10.289227,84100,83736.79
2025-07-09 11:21:00,ATM+5,CALL,256.8,259.1,254.45,259.1,4100,104340,9.171621,84200,83736.79
2025-07-09 11:21:00,ATM+5,PUT,627.45,627.45,625.95,626.85,160,12180,10.297705,84200,83736.79
2025-07-09 11:21:00,ATM+6,CALL,222.6,224.55,219.9,224.55,3040,76120,9.18981,84300,83736.79
2025-07-09 11:21:00,ATM+6,PUT,693.7,695.8,693.7,695.75,160,6160,10.441129,84300,83736.79
2025-07-09 11:21:00,ATM+7,CALL,191.15,193,189.15,193,3440,86420,9.193572,84400,83736.79
2025-07-09 11:21:00,ATM+7,PUT,756.2,756.2,756.2,756.2,0,5340,10.402804,84400,83736.79
2025-07-09 11:21:00,ATM+8,CALL,164.05,165.05,161.35,165.05,10540,228300,9.20223,84500,83736.79
2025-07-09 11:21:00,ATM+8,PUT,829.6,833,829.6,830.45,100,38300,10.422306,84500,83736.79
2025-07-09 11:21:00,ATM+9,CALL,139.2,140.55,137.45,140.55,1760,77480,9.218136,84600,83736.79
2025-07-09 11:21:00,ATM+9,PUT,912.3,912.3,911.15,911.15,40,1480,10.656882,84600,83736.79
2025-07-09 11:21:00,ATM+10,CALL,118.4,119.1,116.4,119.1,3320,93760,9.2371,84700,83736.79
2025-07-09 11:21:00,ATM+10,PUT,1061.8,1061.8,1061.8,1061.8,0,480,11.157437,84700,83736.79
2025-07-09 11:22:00,ATM-10,CALL,1223.1,1223.1,1223.1,1223.1,0,2100,8.350863,82700,83729.1
2025-07-09 11:22:00,ATM-10,PUT,91.15,91.5,90.45,91,1440,78000,10.563884,82700,83729.1
2025-07-09 11:22:00,ATM-9,CALL,1134.95,1134.95,1134.95,1134.95,0,3020,8.402762,82800,83729.1
2025-07-09 11:22:00,ATM-9,PUT,104.65,105.6,104.65,105.3,360,85160,10.483944,82800,83729.1
2025-07-09 11:22:00,ATM-8,CALL,976,976,976,976,0,41880,8.346072,82900,83729.1
2025-07-09 11:22:00,ATM-8,PUT,121,121,120.4,120.4,40,70960,10.366369,82900,83729.1
2025-07-09 11:22:00,ATM-7,CALL,975,976.35,969.9,969.9,340,41140,9.040533,83000,83729.1
2025-07-09 11:22:00,ATM-7,PUT,140.25,141.6,139.4,140.75,2360,234420,10.352113,83000,83729.1
2025-07-09 11:22:00,ATM-6,CALL,891.75,891.75,891.75,891.75,20,7440,9.084466,83100,83729.1
2025-07-09 11:22:00,ATM-6,PUT,161.8,163,161,162,620,79980,10.28835,83100,83729.1
2025-07-09 11:22:00,ATM-5,CALL,811.5,811.5,811.5,811.5,0,11560,8.799721,83200,83729.1
2025-07-09 11:22:00,ATM-5,PUT,186.3,187.65,185,186.9,700,96100,10.254528,83200,83729.1
2025-07-09 11:22:00,ATM-4,CALL,747.5,747.5,746.5,746.5,120,39140,9.203893,83300,83729.1
2025-07-09 11:22:00,ATM-4,PUT,213.35,215.3,211.95,214.25,8040,265440,10.209553,83300,83729.1
2025-07-09 11:22:00,ATM-3,CALL,682.5,682.5,677.5,678,700,53780,9.230404,83400,83729.1
2025-07-09 11:22:00,ATM-3,PUT,244,246.3,242.3,244.7,2320,127860,10.166955,83400,83729.1
2025-07-09 11:22:00,ATM-2,CALL,614,617.2,610.25,611.6,2840,370500,9.21815,83500,83729.1
2025-07-09 11:22:00,ATM-2,PUT,278.8,280,276,278,9020,480680,10.116398,83500,83729.1
2025-07-09 11:22:00,ATM-1,CALL,550.2,553.95,547.25,549.85,5140,262140,9.22898,83600,83729.1
2025-07-09 11:22:00,ATM-1,PUT,316.45,317.6,313,316.25,5880,405040,10.104984,83600,83729.1
2025-07-09 11:22:00,ATM,CALL,492.45,496,490,491.65,10460,284240,9.232657,83700,83729.1
2025-07-09 11:22:00,ATM,PUT,358.75,360.6,356,358.4,7540,288380,10.102932,83700,83729.1
2025-07-09 11:22:00,ATM+1,CALL,438.6,441.95,435.75,437.35,9720,214520,9.236039,83800,83729.1
2025-07-09 11:22:00,ATM+1,PUT,405.35,406.65,400.85,404.6,8640,178860,10.111795,83800,83729.1
2025-07-09 11:22:00,ATM+2,CALL,388.65,391,385.2,387.15,5200,125700,9.242926,83900,83729.1
2025-07-09 11:22:00,ATM+2,PUT,453.5,455.95,450,453.3,2940,61160,10.095081,83900,83729.1
2025-07-09 11:22:00,ATM+3,CALL,341,343.85,338.15,339.85,7740,288440,9.225635,84000,83729.1
2025-07-09 11:22:00,ATM+3,PUT,507.85,508.8,503.35,506.5,3700,115100,10.098886,84000,83729.1
2025-07-09 11:22:00,ATM+4,CALL,297.9,300,295.65,297.5,1460,77920,9.232374,84100,83729.1
2025-07-09 11:22:00,ATM+4,PUT,564.85,564.85,564.85,564.85,20,16980,10.139639,84100,83729.1
2025-07-09 11:22:00,ATM+5,CALL,260.1,261,256.9,258.35,1120,104340,9.224011,84200,83729.1
2025-07-09 11:22:00,ATM+5,PUT,623.4,627,622,625.45,700,12180,10.151671,84200,83729.1
2025-07-09 11:22:00,ATM+6,CALL,224.1,225.45,221.8,223.1,700,76120,9.21941,84300,83729.1
2025-07-09 11:22:00,ATM+6,PUT,686.85,686.85,686.15,686.15,40,6160,10.082159,84300,83729.1
2025-07-09 11:22:00,ATM+7,CALL,192.75,194,190.4,190.4,7280,86420,9.187067,84400,83729.1
2025-07-09 11:22:00,ATM+7,PUT,757.8,758.4,757.8,758.4,40,5440,10.219085,84400,83729.1
2025-07-09 11:22:00,ATM+8,CALL,164.95,166.1,162.85,163.85,8780,228300,9.227147,84500,83729.1
2025-07-09 11:22:00,ATM+8,PUT,831,831,831,831,20,38300,10.292082,84500,83729.1
2025-07-09 11:22:00,ATM+9,CALL,140.15,141.5,138.45,139.75,1080,77480,9.249423,84600,83729.1
2025-07-09 11:22:00,ATM+9,PUT,903,903,903,903,20,1480,10.270749,84600,83729.1
2025-07-09 11:22:00,ATM+10,CALL,118.6,120,117.15,117.15,1780,93760,9.226793,84700,83729.1
2025-07-09 11:22:00,ATM+10,PUT,983,983,980,980,280,540,10.311599,84700,83729.1
2025-07-09 11:23:00,ATM-10,CALL,1223.1,1223.1,1223.1,1223.1,0,2100,8.350863,82700,83731.2
2025-07-09 11:23:00,ATM-10,PUT,90.95,91.25,90.95,91.25,600,78000,10.586617,82700,83731.2
2025-07-09 11:23:00,ATM-9,CALL,1134.95,1134.95,1134.95,1134.95,0,3020,8.402762,82800,83731.2
2025-07-09 11:23:00,ATM-9,PUT,105.3,105.3,104.8,105.3,520,85160,10.497424,82800,83731.2
2025-07-09 11:23:00,ATM-8,CALL,976,976,976,976,0,41880,8.346072,82900,83731.2
2025-07-09 11:23:00,ATM-8,PUT,121.25,122.1,121.25,122.1,280,70960,10.437489,82900,83731.2
2025-07-09 11:23:00,ATM-7,CALL,969.9,969.9,969.9,969.9,0,41140,9.040533,83000,83731.2
2025-07-09 11:23:00,ATM-7,PUT,141.05,141.35,140.5,140.95,1360,234420,10.373089,83000,83731.2
2025-07-09 11:23:00,ATM-6,CALL,891.75,891.75,891.75,891.75,0,7440,9.084466,83100,83731.2
2025-07-09 11:23:00,ATM-6,PUT,162,162.4,161.8,162.4,120,79980,10.315528,83100,83731.2
2025-07-09 11:23:00,ATM-5,CALL,819.4,819.4,819.4,819.4,20,11560,9.158029,83200,83731.2
2025-07-09 11:23:00,ATM-5,PUT,186.65,187,186.2,186.75,180,96100,10.266608,83200,83731.2
2025-07-09 11:23:00,ATM-4,CALL,746,746,745.25,745.25,80,39140,9.129542,83300,83731.2
2025-07-09 11:23:00,ATM-4,PUT,214.25,214.75,213.4,214.75,1660,265440,10.239862,83300,83731.2
2025-07-09 11:23:00,ATM-3,CALL,678,680.2,674.95,674.95,1820,53780,9.115358,83400,83731.2
2025-07-09 11:23:00,ATM-3,PUT,245.05,245.8,244.25,245.65,860,127860,10.209069,83400,83731.2
2025-07-09 11:23:00,ATM-2,CALL,612.6,613.75,610.95,611.65,1760,370500,9.186566,83500,83731.2
2025-07-09 11:23:00,ATM-2,PUT,278.6,280,277.9,279.35,3420,480680,10.168544,83500,83731.2
2025-07-09 11:23:00,ATM-1,CALL,550,550,546.05,546.05,2580,262140,9.108152,83600,83731.2
2025-07-09 11:23:00,ATM-1,PUT,316.35,316.9,315.4,316.2,1880,405040,10.12418,83600,83731.2
2025-07-09 11:23:00,ATM,CALL,491.4,493,489.4,489.4,6140,284240,9.152743,83700,83731.2
2025-07-09 11:23:00,ATM,PUT,358.95,360,358,360,5120,288380,10.161999,83700,83731.2
2025-07-09 11:23:00,ATM+1,CALL,437.8,439,436,436.8,6520,214520,9.198307,83800,83731.2
2025-07-09 11:23:00,ATM+1,PUT,404.45,406.2,403.9,406.2,2980,178860,10.171973,83800,83731.2
2025-07-09 11:23:00,ATM+2,CALL,387.2,388.1,385.45,385.45,3800,125700,9.180721,83900,83731.2
2025-07-09 11:23:00,ATM+2,PUT,454.05,455.35,453,454.9,360,61160,10.156847,83900,83731.2
2025-07-09 11:23:00,ATM+3,CALL,340.55,341.2,339.2,339.2,7220,288440,9.189246,84000,83731.2
2025-07-09 11:23:00,ATM+3,PUT,507.95,508.4,507,507.9,1240,115100,10.158113,84000,83731.2
2025-07-09 11:23:00,ATM+4,CALL,297.1,298.05,296,296.8,1580,77920,9.196091,84100,83731.2
2025-07-09 11:23:00,ATM+4,PUT,564.85,564.85,564.85,564.85,0,16980,10.139639,84100,83731.2
2025-07-09 11:23:00,ATM+5,CALL,258.9,259,257.6,257.6,1400,104340,9.187444,84200,83731.2
2025-07-09 11:23:00,ATM+5,PUT,625.45,625.45,625.45,625.45,0,12180,10.151671,84200,83731.2
2025-07-09 11:23:00,ATM+6,CALL,223.6,224.3,222.3,223.8,980,76120,9.219832,84300,83731.2
2025-07-09 11:23:00,ATM+6,PUT,690.4,690.4,690.4,690.4,40,6160,10.221254,84300,83731.2
2025-07-09 11:23:00,ATM+7,CALL,192,192.3,190.4,191.25,1580,86420,9.193408,84400,83731.2
2025-07-09 11:23:00,ATM+7,PUT,758.4,758.4,758.4,758.4,0,5440,10.219085,84400,83731.2
2025-07-09 11:23:00,ATM+8,CALL,163.9,165,163.25,163.65,4760,228300,9.206502,84500,83731.2
2025-07-09 11:23:00,ATM+8,PUT,831,831,831,831,0,38300,10.292082,84500,83731.2
2025-07-09 11:23:00,ATM+9,CALL,139.1,140.15,139,139,1120,77480,9.212951,84600,83731.2
2025-07-09 11:23:00,ATM+9,PUT,903,903,903,903,0,1480,10.270749,84600,83731.2
2025-07-09 11:23:00,ATM+10,CALL,118.15,119,117.35,117.5,3280,93760,9.22463,84700,83731.2
2025-07-09 11:23:00,ATM+10,PUT,980,980,980,980,0,540,10.311599,84700,83731.2
2025-07-09 11:24:00,ATM-10,CALL,1223.1,1223.1,1223.1,1223.1,0,2100,8.350863,82700,83736.31
2025-07-09 11:24:00,ATM-10,PUT,91.5,91.5,90.2,91,2540,78480,10.607601,82700,83736.31
2025-07-09 11:24:00,ATM-9,CALL,1134.95,1134.95,1134.95,1134.95,0,3020,8.402762,82800,83736.31
2025-07-09 11:24:00,ATM-9,PUT,105.6,105.6,104.1,104.1,660,85900,10.485972,82800,83736.31
2025-07-09 11:24:00,ATM-8,CALL,1055.15,1055.15,1055.15,1055.15,20,3600,8.922572,82900,83736.31
2025-07-09 11:24:00,ATM-8,PUT,122,122,120.85,121.1,220,71040,10.437425,82900,83736.31
2025-07-09 11:24:00,ATM-7,CALL,972,975,972,975,100,41320,9.015535,83000,83736.31
2025-07-09 11:24:00,ATM-7,PUT,141.3,141.35,139.6,139.75,2640,242480,10.370597,83000,83736.31
2025-07-09 11:24:00,ATM-6,CALL,891.75,891.75,891.75,891.75,0,7440,9.084466,83100,83736.31
2025-07-09 11:24:00,ATM-6,PUT,162.65,162.85,161,161.8,680,80200,10.334764,83100,83736.31
2025-07-09 11:24:00,ATM-5,CALL,821.65,821.65,821.65,821.65,60,11620,9.112196,83200,83736.31
2025-07-09 11:24:00,ATM-5,PUT,187.4,187.45,185.25,185.85,1020,96100,10.280424,83200,83736.31
2025-07-09 11:24:00,ATM-4,CALL,745.2,748.2,745.2,748.2,100,39140,9.110257,83300,83736.31
2025-07-09 11:24:00,ATM-4,PUT,214.6,214.6,212.7,212.7,1760,266060,10.226673,83300,83736.31
2025-07-09 11:24:00,ATM-3,CALL,676.65,680,675.95,680,500,53340,9.156141,83400,83736.31
2025-07-09 11:24:00,ATM-3,PUT,245.6,245.6,243.15,244.05,1560,127860,10.211932,83400,83736.31
2025-07-09 11:24:00,ATM-2,CALL,610,615,610,612.5,2580,370500,9.126229,83500,83736.31
2025-07-09 11:24:00,ATM-2,PUT,279.5,280,276.4,277.6,4320,485120,10.171753,83500,83736.31
2025-07-09 11:24:00,ATM-1,CALL,545.7,551.4,545.55,550.9,4880,260500,9.150248,83600,83736.31
2025-07-09 11:24:00,ATM-1,PUT,316.85,316.85,314.25,314.65,5220,405040,10.136211,83600,83736.31
2025-07-09 11:24:00,ATM,CALL,489.3,494.05,489,492.3,13280,287640,9.152913,83700,83736.31
2025-07-09 11:24:00,ATM,PUT,359.6,360.4,356,357.1,7760,300500,10.146531,83700,83736.31
2025-07-09 11:24:00,ATM+1,CALL,435,439.65,435,438.5,7560,215180,9.175444,83800,83736.31
2025-07-09 11:24:00,ATM+1,PUT,405.65,405.65,402,402.6,4680,189380,10.14473,83800,83736.31
2025-07-09 11:24:00,ATM+2,CALL,385,389,385,387.35,7020,127580,9.167206,83900,83736.31
2025-07-09 11:24:00,ATM+2,PUT,455.2,455.2,451.2,451.7,2520,63340,10.143111,83900,83736.31
2025-07-09 11:24:00,ATM+3,CALL,338.2,342.3,338.2,341.1,8880,298660,9.18032,84000,83736.31
2025-07-09 11:24:00,ATM+3,PUT,508.9,508.9,504.25,506.55,2300,119160,10.191352,84000,83736.31
2025-07-09 11:24:00,ATM+4,CALL,295.75,299,295.35,298.1,2580,77380,9.177563,84100,83736.31
2025-07-09 11:24:00,ATM+4,PUT,564.35,564.35,560.65,560.65,220,16960,10.1396,84100,83736.31
2025-07-09 11:24:00,ATM+5,CALL,257,260,256.6,259.75,2320,105460,9.193696,84200,83736.31
2025-07-09 11:24:00,ATM+5,PUT,624.15,626.35,622.5,623.7,380,12620,10.216293,84200,83736.31
2025-07-09 11:24:00,ATM+6,CALL,222,224.6,221.4,223.95,1540,76900,9.180803,84300,83736.31
2025-07-09 11:24:00,ATM+6,PUT,691.35,691.35,690.4,690.4,220,6020,10.302877,84300,83736.31
2025-07-09 11:24:00,ATM+7,CALL,190.3,192.4,189.6,192.1,2720,94220,9.175696,84400,83736.31
2025-07-09 11:24:00,ATM+7,PUT,755,755,755,755,20,5420,10.257841,84400,83736.31
2025-07-09 11:24:00,ATM+8,CALL,162.95,165.1,162.2,164.1,4240,233780,9.181367,84500,83736.31
2025-07-09 11:24:00,ATM+8,PUT,830,830,828.05,828.05,60,38180,10.350205,84500,83736.31
2025-07-09 11:24:00,ATM+9,CALL,139.05,140,138.3,139.75,3120,78240,9.199736,84600,83736.31
2025-07-09 11:24:00,ATM+9,PUT,903,903,903,903,0,1480,10.270749,84600,83736.31
2025-07-09 11:24:00,ATM+10,CALL,117.3,119,116.55,118.5,2940,93800,9.223071,84700,83736.31
2025-07-09 11:24:00,ATM+10,PUT,980,980,980,980,0,540,10.311599,84700,83736.31
2025-07-09 11:25:00,ATM-10,CALL,1223.1,1223.1,1223.1,1223.1,100,2100,8.460308,82700,83740.96
2025-07-09 11:25:00,ATM-10,PUT,90.5,91.1,90.25,90.8,940,78480,10.627768,82700,83740.96
2025-07-09 11:25:00,ATM-9,CALL,1134.95,1134.95,1134.95,1134.95,0,3020,8.402762,82800,83740.96
2025-07-09 11:25:00,ATM-9,PUT,104.2,104.7,104.15,104.7,400,85900,10.536939,82800,83740.96
2025-07-09 11:25:00,ATM-8,CALL,1055.15,1055.15,1055.15,1055.15,0,3600,8.922572,82900,83740.96
2025-07-09 11:25:00,ATM-8,PUT,120.95,121.55,120.4,121.3,480,71040,10.474649,82900,83740.96
2025-07-09 11:25:00,ATM-7,CALL,976.65,978,974.05,978,420,41320,8.988587,83000,83740.96
2025-07-09 11:25:00,ATM-7,PUT,139.95,140.5,139,140,3840,242480,10.410375,83000,83740.96
2025-07-09 11:25:00,ATM-6,CALL,891.75,891.75,891.75,891.75,0,7440,9.084466,83100,83740.96
2025-07-09 11:25:00,ATM-6,PUT,161.45,161.8,160.8,161.4,680,80200,10.356518,83100,83740.96
2025-07-09 11:25:00,ATM-5,CALL,821.1,821.1,821.1,821.1,20,11620,8.99348,83200,83740.96
2025-07-09 11:25:00,ATM-5,PUT,185.35,187,185.05,186.4,4720,96100,10.331017,83200,83740.96
2025-07-09 11:25:00,ATM-4,CALL,749.05,750,748.6,750,160,39140,9.068131,83300,83740.96
2025-07-09 11:25:00,ATM-4,PUT,213.4,213.9,212.5,213.4,900,266060,10.282424,83300,83740.96
2025-07-09 11:25:00,ATM-3,CALL,678.6,682.45,678.6,680,620,53340,9.073855,83400,83740.96
2025-07-09 11:25:00,ATM-3,PUT,243.5,244.35,243,244.35,1100,127860,10.258938,83400,83740.96
2025-07-09 11:25:00,ATM-2,CALL,613.8,616.95,613.65,614.7,4120,370500,9.106399,83500,83740.96
2025-07-09 11:25:00,ATM-2,PUT,277.4,278.4,276.45,278.25,4860,485120,10.229445,83500,83740.96
2025-07-09 11:25:00,ATM-1,CALL,551.65,553,549.35,549.35,6300,260500,9.04529,83600,83740.96
2025-07-09 11:25:00,ATM-1,PUT,314.6,316.6,314.3,316,2740,405040,10.212797,83600,83740.96
2025-07-09 11:25:00,ATM,CALL,493.25,496.55,492.5,493.8,12700,287640,9.126229,83700,83740.96
2025-07-09 11:25:00,ATM,PUT,357.2,358.55,356,358,4680,300500,10.214964,83700,83740.96
2025-07-09 11:25:00,ATM+1,CALL,438.4,442,438.1,438.65,13140,215180,9.12219,83800,83740.96
2025-07-09 11:25:00,ATM+1,PUT,403.55,404,401.2,403.75,8260,189380,10.222002,83800,83740.96
2025-07-09 11:25:00,ATM+2,CALL,389,391,387.5,389.1,8420,127580,9.155249,83900,83740.96
2025-07-09 11:25:00,ATM+2,PUT,452.4,453.4,450.8,453.4,960,63340,10.236641,83900,83740.96
2025-07-09 11:25:00,ATM+3,CALL,341.2,343.65,340.6,340.6,9880,298660,9.120425,84000,83740.96
2025-07-09 11:25:00,ATM+3,PUT,506,506.3,503.2,505.35,960,119160,10.222077,84000,83740.96
2025-07-09 11:25:00,ATM+4,CALL,299.05,301.85,298,298.65,2860,77380,9.145688,84100,83740.96
2025-07-09 11:25:00,ATM+4,PUT,563.15,563.15,563.15,563.15,20,16960,10.261315,84100,83740.96
2025-07-09 11:25:00,ATM+5,CALL,259.9,261.8,258.7,259.4,3340,105460,9.143496,84200,83740.96
2025-07-09 11:25:00,ATM+5,PUT,623,624.95,623,624.95,160,12620,10.31439,84200,83740.96
2025-07-09 11:25:00,ATM+6,CALL,224.35,226,223.8,224.05,2060,76900,9.144344,84300,83740.96
2025-07-09 11:25:00,ATM+6,PUT,688.8,688.8,688,688,80,6020,10.317684,84300,83740.96
2025-07-09 11:25:00,ATM+7,CALL,192.55,193.8,191.7,192.05,2220,94220,9.137902,84400,83740.96
2025-07-09 11:25:00,ATM+7,PUT,753.6,753.6,753.6,753.6,80,5420,10.302615,84400,83740.96
2025-07-09 11:25:00,ATM+8,CALL,165,166.55,164.4,164.55,3640,233780,9.159585,84500,83740.96
2025-07-09 11:25:00,ATM+8,PUT,826.75,828.95,825.9,828.95,60,38180,10.461551,84500,83740.96
2025-07-09 11:25:00,ATM+9,CALL,140.4,141.4,139.55,139.65,1000,78240,9.164496,84600,83740.96
2025-07-09 11:25:00,ATM+9,PUT,903,903,903,903,0,1480,10.270749,84600,83740.96
2025-07-09 11:25:00,ATM+10,CALL,119.2,119.25,118.25,118.7,2960,93800,9.19894,84700,83740.96
2025-07-09 11:25:00,ATM+10,PUT,980.05,980.05,980.05,980.05,280,740,10.581848,84700,83740.96
2025-07-09 11:26:00,ATM-10,CALL,1223.1,1223.1,1223.1,1223.1,0,2100,8.460308,82700,83742.92
2025-07-09 11:26:00,ATM-10,PUT,90.7,91.2,89.7,89.7,1480,78480,10.596498,82700,83742.92
2025-07-09 11:26:00,ATM-9,CALL,1140.6,1140.6,1140.6,1140.6,20,3000,8.676058,82800,83742.92
2025-07-09 11:26:00,ATM-9,PUT,104.75,105.15,103.15,103.15,1160,85900,10.49304,82800,83742.92
2025-07-09 11:26:00,ATM-8,CALL,1055.15,1055.15,1055.15,1055.15,0,3600,8.922572,82900,83742.92
2025-07-09 11:26:00,ATM-8,PUT,121,121.85,120,120,1660,71040,10.443907,82900,83742.92
2025-07-09 11:26:00,ATM-7,CALL,975.9,979.45,972.45,979.45,140,41320,8.984111,83000,83742.92
2025-07-09 11:26:00,ATM-7,PUT,140.2,140.65,138.8,138.8,8040,242480,10.386345,83000,83742.92
2025-07-09 11:26:00,ATM-6,CALL,891.75,891.75,891.75,891.75,0,7440,9.084466,83100,83742.92
2025-07-09 11:26:00,ATM-6,PUT,161.3,162,159.6,160.2,700,80200,10.335491,83100,83742.92
2025-07-09 11:26:00,ATM-5,CALL,821.1,821.1,821.1,821.1,0,11620,8.99348,83200,83742.92
2025-07-09 11:26:00,ATM-5,PUT,185.95,186.8,183.85,183.85,720,96100,10.275091,83200,83742.92
2025-07-09 11:26:00,ATM-4,CALL,748.15,748.15,745,748,260,39140,8.974535,83300,83742.92
2025-07-09 11:26:00,ATM-4,PUT,213.1,214.35,211.55,211.6,1280,266060,10.250672,83300,83742.92
2025-07-09 11:26:00,ATM-3,CALL,679.55,682.25,676.4,682.25,300,53340,9.09802,83400,83742.92
2025-07-09 11:26:00,ATM-3,PUT,244.4,245,241.95,242.3,2440,127860,10.223759,83400,83742.92
2025-07-09 11:26:00,ATM-2,CALL,614.4,618,611.75,618,4440,370500,9.157418,83500,83742.92
2025-07-09 11:26:00,ATM-2,PUT,277.9,279,275.1,275.1,7540,485120,10.170108,83500,83742.92
2025-07-09 11:26:00,ATM-1,CALL,549.95,553.55,547,552.8,4660,260500,9.099966,83600,83742.92
2025-07-09 11:26:00,ATM-1,PUT,315.6,315.95,312.3,312.3,4280,405040,10.143563,83600,83742.92
2025-07-09 11:26:00,ATM,CALL,494.1,497,490,495.85,10980,287640,9.148571,83700,83742.92
2025-07-09 11:26:00,ATM,PUT,356.9,359.6,355,355.55,6980,300500,10.177902,83700,83742.92
2025-07-09 11:26:00,ATM+1,CALL,439.8,442,437,441.85,6340,215180,9.172596,83800,83742.92
2025-07-09 11:26:00,ATM+1,PUT,404,405,400.65,401.2,6860,189380,10.184659,83800,83742.92
2025-07-09 11:26:00,ATM+2,CALL,388.6,391.2,386.25,391.2,3220,127580,9.18192,83900,83742.92
2025-07-09 11:26:00,ATM+2,PUT,452.3,453.9,449.1,449.1,1640,63340,10.160736,83900,83742.92
2025-07-09 11:26:00,ATM+3,CALL,341.7,344.55,339,344.55,7240,298660,9.191901,84000,83742.92
2025-07-09 11:26:00,ATM+3,PUT,506.5,508,503.25,503.5,2300,119160,10.204091,84000,83742.92
2025-07-09 11:26:00,ATM+4,CALL,298.45,300.3,297,300.15,2440,77380,9.162445,84100,83742.92
2025-07-09 11:26:00,ATM+4,PUT,562.35,562.35,559.4,559.4,100,16960,10.200182,84100,83742.92
2025-07-09 11:26:00,ATM+5,CALL,259.25,262,257.75,261.55,2280,105460,9.178185,84200,83742.92
2025-07-09 11:26:00,ATM+5,PUT,625.45,626.2,623.75,623.75,100,12620,10.314535,84200,83742.92
2025-07-09 11:26:00,ATM+6,CALL,223.9,225.75,222.65,225.7,780,76900,9.169579,84300,83742.92
2025-07-09 11:26:00,ATM+6,PUT,688,690,688,690,40,6020,10.398027,84300,83742.92
2025-07-09 11:26:00,ATM+7,CALL,191.85,194.25,190.3,193.95,1740,94220,9.172674,84400,83742.92
2025-07-09 11:26:00,ATM+7,PUT,758.3,758.3,758.3,758.3,20,5420,10.456127,84400,83742.92
2025-07-09 11:26:00,ATM+8,CALL,163.95,166.5,163,166.15,2980,233780,9.189784,84500,83742.92
2025-07-09 11:26:00,ATM+8,PUT,829.3,829.3,827.2,827.2,160,38180,10.451946,84500,83742.92
2025-07-09 11:26:00,ATM+9,CALL,140.3,141.65,138.45,141.65,1100,78240,9.210301,84600,83742.92
2025-07-09 11:26:00,ATM+9,PUT,904,904,904,904,20,1500,10.583908,84600,83742.92
2025-07-09 11:26:00,ATM+10,CALL,118.35,120.2,117.95,119.65,4100,93800,9.216615,84700,83742.92
2025-07-09 11:26:00,ATM+10,PUT,980,980,980,980,340,740,10.624113,84700,83742.92
2025-07-09 11:27:00,ATM-10,CALL,1223.1,1223.1,1223.1,1223.1,0,2100,8.460308,82700,83739.74
2025-07-09 11:27:00,ATM-10,PUT,89.75,90,89.1,89.2,1340,77020,10.558474,82700,83739.74
2025-07-09 11:27:00,ATM-9,CALL,1138.15,1138.15,1138.15,1138.15,20,3000,8.692294,82800,83739.74
2025-07-09 11:27:00,ATM-9,PUT,103.35,104,102.6,102.85,1860,86460,10.463019,82800,83739.74
2025-07-09 11:27:00,ATM-8,CALL,1055.15,1055.15,1055.15,1055.15,0,3600,8.922572,82900,83739.74
2025-07-09 11:27:00,ATM-8,PUT,119.85,120.45,119,119.25,500,71540,10.398564,82900,83739.74
2025-07-09 11:27:00,ATM-7,CALL,979.45,979.45,979.45,979.45,0,41320,8.984111,83000,83739.74
2025-07-09 11:27:00,ATM-7,PUT,138.1,139.2,137.7,138,16640,242460,10.340155,83000,83739.74
2025-07-09 11:27:00,ATM-6,CALL,898.15,901,898.15,901,40,7420,9.117012,83100,83739.74
2025-07-09 11:27:00,ATM-6,PUT,160.35,160.75,158.8,159.05,1360,80060,10.279426,83100,83739.74
2025-07-09 11:27:00,ATM-5,CALL,824.65,824.65,824.65,824.65,20,11680,9.126726,83200,83739.74
2025-07-09 11:27:00,ATM-5,PUT,183.75,185.4,183.2,183.65,2120,101600,10.246216,83200,83739.74
2025-07-09 11:27:00,ATM-4,CALL,752.9,752.9,749.95,750.95,80,38740,9.120159,83300,83739.74
2025-07-09 11:27:00,ATM-4,PUT,211.05,213.3,210.3,210.55,1780,267320,10.198188,83300,83739.74
2025-07-09 11:27:00,ATM-3,CALL,682.25,683.05,680.05,683.05,640,53280,9.176517,83400,83739.74
2025-07-09 11:27:00,ATM-3,PUT,242.45,243.3,241,241.05,3080,132440,10.165886,83400,83739.74
2025-07-09 11:27:00,ATM-2,CALL,617.6,618.35,614,615,3940,370580,9.135162,83500,83739.74
2025-07-09 11:27:00,ATM-2,PUT,275.1,277.2,273.9,274.5,6840,486280,10.127628,83500,83739.74
2025-07-09 11:27:00,ATM-1,CALL,552.8,553.6,549.7,550.15,2560,260260,9.084013,83600,83739.74
2025-07-09 11:27:00,ATM-1,PUT,313.15,315,311.4,312.8,3460,407300,10.125866,83600,83739.74
2025-07-09 11:27:00,ATM,CALL,497,497,492.75,493.95,13140,286180,9.147636,83700,83739.74
2025-07-09 11:27:00,ATM,PUT,355.25,357.75,354.2,354.45,7460,300240,10.120529,83700,83739.74
2025-07-09 11:27:00,ATM+1,CALL,442.7,442.7,438.1,438.8,6920,219240,9.142167,83800,83739.74
2025-07-09 11:27:00,ATM+1,PUT,401.45,404,399.6,401.35,7480,189060,10.154178,83800,83739.74
2025-07-09 11:27:00,ATM+2,CALL,391.4,391.4,387.9,389.2,3220,129640,9.172853,83900,83739.74
2025-07-09 11:27:00,ATM+2,PUT,449.4,453.15,448.3,449.65,1360,64420,10.136918,83900,83739.74
2025-07-09 11:27:00,ATM+3,CALL,344.7,344.75,341.3,342.15,10520,295020,9.17057,84000,83739.74
2025-07-09 11:27:00,ATM+3,PUT,502.95,505.7,501.3,502.75,2760,119800,10.147429,84000,83739.74
2025-07-09 11:27:00,ATM+4,CALL,301.7,301.7,298.45,299,1700,78140,9.167222,84100,83739.74
2025-07-09 11:27:00,ATM+4,PUT,560.45,562.8,560.45,560.5,100,16960,10.183486,84100,83739.74
2025-07-09 11:27:00,ATM+5,CALL,262.3,262.3,259.5,259.85,3560,106640,9.166826,84200,83739.74
2025-07-09 11:27:00,ATM+5,PUT,623,623,621.1,621.1,140,12760,10.205187,84200,83739.74
2025-07-09 11:27:00,ATM+6,CALL,226.25,226.25,224.1,225.75,800,77040,9.198643,84300,83739.74
2025-07-09 11:27:00,ATM+6,PUT,685.05,687.4,685.05,687.4,80,6200,10.284292,84300,83739.74
2025-07-09 11:27:00,ATM+7,CALL,193.8,194.05,192.4,192.75,1500,94440,9.167302,84400,83739.74
2025-07-09 11:27:00,ATM+7,PUT,753,753.2,753,753.2,40,5380,10.271996,84400,83739.74
2025-07-09 11:27:00,ATM+8,CALL,166.4,166.8,164.8,165.75,3800,232820,9.203285,84500,83739.74
2025-07-09 11:27:00,ATM+8,PUT,827.2,827.2,827.2,827.2,0,38180,10.451946,84500,83739.74
2025-07-09 11:27:00,ATM+9,CALL,140.75,142.1,140.45,141.15,1960,77980,9.218751,84600,83739.74
2025-07-09 11:27:00,ATM+9,PUT,904,904,904,904,0,1500,10.583908,84600,83739.74
2025-07-09 11:27:00,ATM+10,CALL,119.9,120.35,119,119.8,720,93360,9.243344,84700,83739.74
2025-07-09 11:27:00,ATM+10,PUT,980,980,980,980,0,740,10.624113,84700,83739.74
2025-07-09 11:28:00,ATM-10,CALL,1223.1,1223.1,1223.1,1223.1,0,2100,8.460308,82800,83753.35
2025-07-09 11:28:00,ATM-10,PUT,102.95,102.95,101.55,101.55,860,86460,10.499322,82800,83753.35
2025-07-09 11:28:00,ATM-9,CALL,1138.15,1138.15,1138.15,1138.15,0,3000,8.692294,82900,83753.35
2025-07-09 11:28:00,ATM-9,PUT,118.85,118.85,117.25,117.7,1280,71540,10.433735,82900,83753.35
2025-07-09 11:28:00,ATM-8,CALL,979.45,982.65,979,982.55,220,41340,8.791521,83000,83753.35
2025-07-09 11:28:00,ATM-8,PUT,137.8,137.8,135.3,135.85,9160,242460,10.36413,83000,83753.35
2025-07-09 11:28:00,ATM-7,CALL,900.4,901,900.4,901,40,7420,8.770593,83100,83753.35
2025-07-09 11:28:00,ATM-7,PUT,159.5,159.5,156.3,157.55,1460,80060,10.33164,83100,83753.35
2025-07-09 11:28:00,ATM-6,CALL,824.65,825.65,824.65,825.65,40,11680,8.85003,83200,83753.35
2025-07-09 11:28:00,ATM-6,PUT,183.65,183.65,180.55,181.05,3760,101600,10.275309,83200,83753.35
2025-07-09 11:28:00,ATM-5,CALL,750,758.95,749.95,758.05,3360,38740,9.044105,83300,83753.35
2025-07-09 11:28:00,ATM-5,PUT,210.4,210.9,207.55,207.85,5980,267320,10.233896,83300,83753.35
2025-07-09 11:28:00,ATM-4,CALL,680.05,688,680.05,687.95,520,53280,9.059933,83400,83753.35
2025-07-09 11:28:00,ATM-4,PUT,240.95,241,237.25,237.8,3900,132440,10.196955,83400,83753.35
2025-07-09 11:28:00,ATM-3,CALL,615.8,622.45,615.8,622,5800,370580,9.088396,83500,83753.35
2025-07-09 11:28:00,ATM-3,PUT,274.2,274.7,270.15,271.2,14340,486280,10.16736,83500,83753.35
2025-07-09 11:28:00,ATM-2,CALL,549.9,557.8,549.9,556.65,7500,260260,9.039034,83600,83753.35
2025-07-09 11:28:00,ATM-2,PUT,312.65,312.65,306.95,307.2,21060,407300,10.120716,83600,83753.35
2025-07-09 11:28:00,ATM-1,CALL,494.3,500,493.4,500,15600,286180,9.105927,83700,83753.35
2025-07-09 11:28:00,ATM-1,PUT,355.4,355.4,349.45,349.45,16360,300240,10.140778,83700,83753.35
2025-07-09 11:28:00,ATM,CALL,440.1,445.75,439.75,444.95,11140,219240,9.115871,83800,83753.35
2025-07-09 11:28:00,ATM,PUT,400,401.15,395,395.5,10320,189060,10.165839,83800,83753.35
2025-07-09 11:28:00,ATM+1,CALL,388.8,394.95,388.8,393.9,9080,129640,9.125817,83900,83753.35
2025-07-09 11:28:00,ATM+1,PUT,451,451,444.3,444.3,3040,64420,10.171313,83900,83753.35
2025-07-09 11:28:00,ATM+2,CALL,342.25,347.5,342.05,346.75,11800,295020,9.133499,84000,83753.35
2025-07-09 11:28:00,ATM+2,PUT,502.6,503,495.85,497.05,4720,119800,10.185163,84000,83753.35
2025-07-09 11:28:00,ATM+3,CALL,298.95,303.8,298.95,303.15,4060,78140,9.131579,84100,83753.35
2025-07-09 11:28:00,ATM+3,PUT,558.4,558.4,552.7,552.7,660,16960,10.183789,84100,83753.35
2025-07-09 11:28:00,ATM+4,CALL,260.55,264.85,260.55,264.45,4500,106640,9.153706,84200,83753.35
2025-07-09 11:28:00,ATM+4,PUT,619,619,614.65,615.2,1280,12760,10.262038,84200,83753.35
2025-07-09 11:28:00,ATM+5,CALL,225,229.2,225,228.7,3260,77040,9.156386,84300,83753.35
2025-07-09 11:28:00,ATM+5,PUT,681.8,682,677.5,677.5,340,6200,10.255598,84300,83753.35
2025-07-09 11:28:00,ATM+6,CALL,193.05,196.3,193.05,196,4900,94440,9.143754,84400,83753.35
2025-07-09 11:28:00,ATM+6,PUT,751.15,751.15,748,748,960,5380,10.372821,84400,83753.35
2025-07-09 11:28:00,ATM+7,CALL,166.35,168.6,165.75,168.15,9520,232820,9.167454,84500,83753.35
2025-07-09 11:28:00,ATM+7,PUT,821.45,821.45,818,819.45,160,38180,10.440884,84500,83753.35
2025-07-09 11:28:00,ATM+8,CALL,141.15,143.25,141.15,142.9,1300,77980,9.17406,84600,83753.35
2025-07-09 11:28:00,ATM+8,PUT,892,892,892,892,20,1500,10.462527,84600,83753.35
2025-07-09 11:28:00,ATM+9,CALL,119.45,121.8,119.45,121.3,6300,93360,9.19987,84700,83753.35
2025-07-09 11:28:00,ATM+9,PUT,975.05,975.05,975,975,40,1000,10.70797,84700,83753.35
2025-07-09 11:28:00,ATM+10,CALL,101.05,102.7,100.7,102.65,2140,160760,9.23361,84800,83753.35
2025-07-09 11:28:00,ATM+10,PUT,980,980,980,980,0,740,10.624113,84800,83753.35
2025-07-09 11:29:00,ATM-10,CALL,1223.1,1223.1,1223.1,1223.1,0,2100,8.460308,82800,83755.11
2025-07-09 11:29:00,ATM-10,PUT,101.8,102,100.5,101.9,2000,86460,10.523477,82800,83755.11
2025-07-09 11:29:00,ATM-9,CALL,1138.15,1138.15,1138.15,1138.15,0,3000,8.692294,82900,83755.11
2025-07-09 11:29:00,ATM-9,PUT,117.25,117.55,116.2,117.55,1040,71540,10.440365,82900,83755.11
2025-07-09 11:29:00,ATM-8,CALL,985,993.65,985,992.85,720,41340,9.106154,83000,83755.11
2025-07-09 11:29:00,ATM-8,PUT,135.85,135.9,134.05,135.65,14460,242460,10.370047,83000,83755.11
2025-07-09 11:29:00,ATM-7,CALL,911.75,912.75,911.75,912.75,80,7420,9.106724,83100,83755.11
2025-07-09 11:29:00,ATM-7,PUT,156.6,156.6,154.6,156.35,1560,80060,10.308777,83100,83755.11
2025-07-09 11:29:00,ATM-6,CALL,832.5,839,832.5,837.7,420,11680,9.169667,83200,83755.11
2025-07-09 11:29:00,ATM-6,PUT,181.1,181.3,178.05,180,3340,101600,10.25933,83200,83755.11
2025-07-09 11:29:00,ATM-5,CALL,759.2,765.15,759.2,763.6,1820,38740,9.163162,83300,83755.11
2025-07-09 11:29:00,ATM-5,PUT,207.8,207.8,204.4,207.2,6520,267320,10.230798,83300,83755.11
2025-07-09 11:29:00,ATM-4,CALL,688.6,696.25,687.65,690.4,3580,53280,9.092899,83400,83755.11
2025-07-09 11:29:00,ATM-4,PUT,237.4,237.4,234,236.6,5580,132440,10.181359,83400,83755.11
2025-07-09 11:29:00,ATM-3,CALL,621.3,630.9,621.3,623.9,12020,370580,9.107734,83500,83755.11
2025-07-09 11:29:00,ATM-3,PUT,270.4,271.25,266.5,269.7,22140,486280,10.146366,83500,83755.11
2025-07-09 11:29:00,ATM-2,CALL,557.15,565.5,557,560.2,19820,260260,9.099095,83600,83755.11
2025-07-09 11:29:00,ATM-2,PUT,307.2,307.95,302.45,306.15,19820,407300,10.112506,83600,83755.11
2025-07-09 11:29:00,ATM-1,CALL,500,506.85,499.75,502,32900,286180,9.129649,83700,83755.11
2025-07-09 11:29:00,ATM-1,PUT,350,350.4,343.7,347.15,25780,300240,10.104923,83700,83755.11
2025-07-09 11:29:00,ATM,CALL,444.4,452.55,444.4,446.8,25340,219240,9.137372,83800,83755.11
2025-07-09 11:29:00,ATM,PUT,395.35,396.05,388,392.3,24400,189060,10.111076,83800,83755.11
2025-07-09 11:29:00,ATM+1,CALL,394.75,400.8,394.6,394.95,21140,129640,9.130398,83900,83755.11
2025-07-09 11:29:00,ATM+1,PUT,443.2,443.35,435,440.4,11540,64420,10.102122,83900,83755.11
2025-07-09 11:29:00,ATM+2,CALL,347.4,352.8,346.7,347.7,30840,295020,9.137398,84000,83755.11
2025-07-09 11:29:00,ATM+2,PUT,496.65,497.65,489,493.75,7840,119800,10.131022,84000,83755.11
2025-07-09 11:29:00,ATM+3,CALL,303.3,308.75,303.3,304.9,5780,78140,9.15593,84100,83755.11
2025-07-09 11:29:00,ATM+3,PUT,553.85,553.85,546.4,546.4,960,16960,10.060272,84100,83755.11
2025-07-09 11:29:00,ATM+4,CALL,264.05,268.6,263.8,264.5,9760,106640,9.139356,84200,83755.11
2025-07-09 11:29:00,ATM+4,PUT,611.8,611.8,607.95,610.35,580,12760,10.172091,84200,83755.11
2025-07-09 11:29:00,ATM+5,CALL,228.35,233.15,228.35,229.4,4720,77040,9.159331,84300,83755.11
2025-07-09 11:29:00,ATM+5,PUT,676.15,676.6,670,673.45,220,6200,10.184176,84300,83755.11
2025-07-09 11:29:00,ATM+6,CALL,195.85,199.95,195.85,197,3500,94440,9.156268,84400,83755.11
2025-07-09 11:29:00,ATM+6,PUT,737.8,737.8,737.8,737.8,20,5380,10.144105,84400,83755.11
2025-07-09 11:29:00,ATM+7,CALL,167.75,171.3,167.75,168.3,15560,232820,9.158882,84500,83755.11
2025-07-09 11:29:00,ATM+7,PUT,816,816,810,810,240,38180,10.223766,84500,83755.11
2025-07-09 11:29:00,ATM+8,CALL,143.65,146.35,143,143.9,3020,77980,9.191416,84600,83755.11
2025-07-09 11:29:00,ATM+8,PUT,892,892,892,892,0,1500,10.462527,84600,83755.11
2025-07-09 11:29:00,ATM+9,CALL,122,123.6,121.5,121.5,3720,93360,9.194918,84700,83755.11
2025-07-09 11:29:00,ATM+9,PUT,960.5,960.5,960.5,960.5,20,1000,10.323175,84700,83755.11
2025-07-09 11:29:00,ATM+10,CALL,102.3,105,102.3,102.8,5000,160760,9.228091,84800,83755.11
2025-07-09 11:29:00,ATM+10,PUT,980,980,980,980,0,740,10.624113,84800,83755.11
2025-07-09 11:30:00,ATM-10,CALL,1223.1,1223.1,1223.1,1223.1,0,2100,8.460308,82700,83745.58
2025-07-09 11:30:00,ATM-10,PUT,88.3,88.55,86.75,88.05,3420,76860,10.548731,82700,83745.58
2025-07-09 11:30:00,ATM-9,CALL,1166.25,1166.25,1166.25,1166.25,20,3000,9.664862,82800,83745.58
2025-07-09 11:30:00,ATM-9,PUT,101.9,101.9,99.6,101.35,4840,86660,10.445361,82800,83745.58
2025-07-09 11:30:00,ATM-8,CALL,1077.15,1086.65,1077.15,1086.65,80,3600,9.808201,82900,83745.58
2025-07-09 11:30:00,ATM-8,PUT,117.6,117.85,115.2,117.05,2460,71640,10.362789,82900,83745.58
2025-07-09 11:30:00,ATM-7,CALL,992.2,1001.75,992.2,996.1,700,41320,9.48388,83000,83745.58
2025-07-09 11:30:00,ATM-7,PUT,135.95,136.2,133.15,135.65,12440,238260,10.306579,83000,83745.58
2025-07-09 11:30:00,ATM-6,CALL,912.2,930,912.2,924.5,360,7420,9.708274,83100,83745.58
2025-07-09 11:30:00,ATM-6,PUT,156.6,156.6,153.25,156.4,4540,80040,10.243562,83100,83745.58
2025-07-09 11:30:00,ATM-5,CALL,831.6,846.35,831.6,840,780,11680,9.448084,83200,83745.58
2025-07-09 11:30:00,ATM-5,PUT,180.35,180.5,176.75,180.2,7180,101600,10.194649,83200,83745.58
2025-07-09 11:30:00,ATM-4,CALL,759.85,775.1,759.85,763.5,1780,40000,9.350818,83300,83745.58
2025-07-09 11:30:00,ATM-4,PUT,207.1,207.45,202.85,207.45,7400,269280,10.163158,83300,83745.58
2025-07-09 11:30:00,ATM-3,CALL,690,705.5,689.2,692.3,3000,53180,9.314745,83400,83745.58
2025-07-09 11:30:00,ATM-3,PUT,236.55,237.45,231.85,236.2,7400,132440,10.0925,83400,83745.58
2025-07-09 11:30:00,ATM-2,CALL,623.75,637.3,623.2,626.3,20100,371180,9.323653,83500,83745.58
2025-07-09 11:30:00,ATM-2,PUT,270.2,270.4,264.4,270,29480,487720,10.070193,83500,83745.58
2025-07-09 11:30:00,ATM-1,CALL,560,579,558.15,561.65,24380,258340,9.276312,83600,83745.58
2025-07-09 11:30:00,ATM-1,PUT,306.2,306.7,300.2,305.8,20480,407560,10.015179,83600,83745.58
2025-07-09 11:30:00,ATM,CALL,501.5,513.4,500.55,503,33500,281660,9.283249,83700,83745.58
2025-07-09 11:30:00,ATM,PUT,347.65,348.6,341.1,347.9,25180,301500,10.027418,83700,83745.58
2025-07-09 11:30:00,ATM+1,CALL,447.2,457.6,445.55,448.35,36980,219240,9.292758,83800,83745.58
2025-07-09 11:30:00,ATM+1,PUT,392.95,394.4,385,394.4,18980,193880,10.057778,83800,83745.58
2025-07-09 11:30:00,ATM+2,CALL,394.4,404.25,394.05,397.55,23580,130280,9.300509,83900,83745.58
2025-07-09 11:30:00,ATM+2,PUT,442.3,442.75,433.6,442.75,9580,64420,10.046829,83900,83745.58
2025-07-09 11:30:00,ATM+3,CALL,346.7,356.35,346.7,349.5,30740,297140,9.281112,84000,83745.58
2025-07-09 11:30:00,ATM+3,PUT,493.45,495.2,485.35,494.55,10380,119480,10.031662,84000,83745.58
2025-07-09 11:30:00,ATM+4,CALL,303.6,313.85,303.6,306.1,17500,78080,9.278939,84100,83745.58
2025-07-09 11:30:00,ATM+4,PUT,550.65,551,542.1,551,3200,16940,10.040554,84100,83745.58
2025-07-09 11:30:00,ATM+5,CALL,264.15,273.1,263.7,266.45,13720,106620,9.274678,84200,83745.58
2025-07-09 11:30:00,ATM+5,PUT,611.85,611.85,600.8,608.5,2640,12940,9.989801,84200,83745.58
2025-07-09 11:30:00,ATM+6,CALL,228.45,236.7,227.9,231.2,11580,77200,9.286842,84300,83745.58
2025-07-09 11:30:00,ATM+6,PUT,672,672,665.05,671.75,440,6220,9.992202,84300,83745.58
2025-07-09 11:30:00,ATM+7,CALL,196.05,203.5,196.05,199.1,12640,94880,9.288477,84400,83745.58
2025-07-09 11:30:00,ATM+7,PUT,738.4,738.4,733,733,120,5380,9.856769,84400,83745.58
2025-07-09 11:30:00,ATM+8,CALL,168,175.5,167.55,169.25,20900,232300,9.257834,84500,83745.58
2025-07-09 11:30:00,ATM+8,PUT,816.2,816.2,802.4,815,1400,38360,10.178374,84500,83745.58
2025-07-09 11:30:00,ATM+9,CALL,143.45,149.7,143.25,144.55,11620,78040,9.279165,84600,83745.58
2025-07-09 11:30:00,ATM+9,PUT,886.6,886.6,877.65,877.65,140,1500,9.89979,84600,83745.58
2025-07-09 11:30:00,ATM+10,CALL,121.35,127.15,121.05,123.4,11700,92900,9.319709,84700,83745.58
2025-07-09 11:30:00,ATM+10,PUT,962.1,962.1,955.45,955.45,80,1300,9.955064,84700,83745.58
2025-07-09 11:31:00,ATM-10,CALL,1235.4,1239.1,1235.4,1239.1,80,2100,9.192255,82700,83742.63
2025-07-09 11:31:00,ATM-10,PUT,88.15,89.05,88.15,89.05,3120,76860,10.571578,82700,83742.63
2025-07-09 11:31:00,ATM-9,CALL,1150.3,1150.3,1150.3,1150.3,200,3000,9.116062,82800,83742.63
2025-07-09 11:31:00,ATM-9,PUT,101.6,103,101.6,103,2760,86660,10.488236,82800,83742.63
2025-07-09 11:31:00,ATM-8,CALL,1061.85,1061.85,1061.85,1061.85,180,3600,8.982091,82900,83742.63
2025-07-09 11:31:00,ATM-8,PUT,117.75,119.05,117.75,118.5,1880,71640,10.393659,82900,83742.63
2025-07-09 11:31:00,ATM-7,CALL,984.75,985.85,976.75,976.75,360,41320,8.902526,83000,83742.63
2025-07-09 11:31:00,ATM-7,PUT,136.45,137.95,136.3,137.95,6320,238260,10.359968,83000,83742.63
2025-07-09 11:31:00,ATM-6,CALL,906.8,906.8,896.95,896.95,340,7420,8.91888,83100,83742.63
2025-07-09 11:31:00,ATM-6,PUT,157.2,159.2,157.2,159.1,2520,80040,10.303249,83100,83742.63
2025-07-09 11:31:00,ATM-5,CALL,831,833.55,824.5,824.5,240,11680,9.061507,83200,83742.63
2025-07-09 11:31:00,ATM-5,PUT,180.85,183.1,180.85,183,4200,101600,10.251485,83200,83742.63
2025-07-09 11:31:00,ATM-4,CALL,757.25,760.1,750.05,750.05,1640,40000,9.041083,83300,83742.63
2025-07-09 11:31:00,ATM-4,PUT,208.8,210.55,207.75,209.4,3780,269280,10.192246,83300,83742.63
2025-07-09 11:31:00,ATM-3,CALL,688.15,689.85,681.55,682,5780,53180,9.100696,83400,83742.63
2025-07-09 11:31:00,ATM-3,PUT,237.9,240.25,237.45,240,5320,132440,10.165098,83400,83742.63
2025-07-09 11:31:00,ATM-2,CALL,621.5,624.5,614.25,615,9660,371180,9.091345,83500,83742.63
2025-07-09 11:31:00,ATM-2,PUT,270.6,273.95,270.3,273.8,13480,487720,10.137807,83500,83742.63
2025-07-09 11:31:00,ATM-1,CALL,555,560.2,550,551.05,13680,258340,9.065909,83600,83742.63
2025-07-09 11:31:00,ATM-1,PUT,307.95,311.5,307.2,310.65,15740,407560,10.10357,83600,83742.63
2025-07-09 11:31:00,ATM,CALL,499.95,502.35,492.95,493.05,21980,281660,9.090453,83700,83742.63
2025-07-09 11:31:00,ATM,PUT,350.05,353.75,349.15,352.55,17920,301500,10.106896,83700,83742.63
2025-07-09 11:31:00,ATM+1,CALL,445.95,447.2,438.4,439.8,29460,219240,9.132346,83800,83742.63
2025-07-09 11:31:00,ATM+1,PUT,395,399.8,394.8,399.8,16800,193880,10.151176,83800,83742.63
2025-07-09 11:31:00,ATM+2,CALL,393.9,395.85,387.6,389.4,15220,130280,9.147265,83900,83742.63
2025-07-09 11:31:00,ATM+2,PUT,444.1,448.5,443.6,448.5,3800,64420,10.145487,83900,83742.63
2025-07-09 11:31:00,ATM+3,CALL,345.85,348.6,340.45,341.9,25840,297140,9.136993,84000,83742.63
2025-07-09 11:31:00,ATM+3,PUT,496.2,501.95,496.2,501.95,7600,119480,10.166479,84000,83742.63
2025-07-09 11:31:00,ATM+4,CALL,303,305.5,298.05,298.7,9860,78080,9.134509,84100,83742.63
2025-07-09 11:31:00,ATM+4,PUT,554.8,559.45,553.55,559.45,1060,16940,10.199238,84100,83742.63
2025-07-09 11:31:00,ATM+5,CALL,263.9,265.35,258.75,259.75,9600,106620,9.140657,84200,83742.63
2025-07-09 11:31:00,ATM+5,PUT,613.9,615.5,613.15,615.5,580,12940,10.114659,84200,83742.63
2025-07-09 11:31:00,ATM+6,CALL,228.85,229.65,223.95,224.1,10120,77200,9.135244,84300,83742.63
2025-07-09 11:31:00,ATM+6,PUT,677.9,677.9,677.9,677.9,260,6220,10.097309,84300,83742.63
2025-07-09 11:31:00,ATM+7,CALL,196.3,197.55,192.35,193.1,7920,94880,9.155936,84400,83742.63
2025-07-09 11:31:00,ATM+7,PUT,746.65,751.75,746.65,751.75,340,5380,10.285967,84400,83742.63
2025-07-09 11:31:00,ATM+8,CALL,168,169.1,165.05,165.2,15900,232300,9.16885,84500,83742.63
2025-07-09 11:31:00,ATM+8,PUT,817.05,820,817.05,820,1340,38360,10.25646,84500,83742.63
2025-07-09 11:31:00,ATM+9,CALL,143.45,144.45,139.95,140.5,6060,78040,9.181567,84600,83742.63
2025-07-09 11:31:00,ATM+9,PUT,892.6,895,892.6,895,120,1500,10.328411,84600,83742.63
2025-07-09 11:31:00,ATM+10,CALL,121.7,122.75,118.75,119.5,7460,92900,9.216925,84700,83742.63
2025-07-09 11:31:00,ATM+10,PUT,971.7,971.7,971.7,971.7,60,1300,10.374226,84700,83742.63
2025-07-09 11:32:00,ATM-10,CALL,1239.1,1239.1,1239.1,1239.1,0,2100,9.192255,82700,83739.72
2025-07-09 11:32:00,ATM-10,PUT,88.8,89.1,87.85,88.25,2320,76860,10.5232,82700,83739.72
2025-07-09 11:32:00,ATM-9,CALL,1150.3,1150.3,1150.3,1150.3,0,3000,9.116062,82800,83739.72
2025-07-09 11:32:00,ATM-9,PUT,102.3,102.95,101.35,101.8,2260,86660,10.426919,82800,83739.72
2025-07-09 11:32:00,ATM-8,CALL,1061.4,1061.4,1061.4,1061.4,40,3600,9.060126,82900,83739.72
2025-07-09 11:32:00,ATM-8,PUT,118.8,119.2,117.15,117.25,1100,71640,10.332994,82900,83739.72
2025-07-09 11:32:00,ATM-7,CALL,981.65,984.9,981.65,984.9,420,41320,9.267601,83000,83739.72
2025-07-09 11:32:00,ATM-7,PUT,137.9,137.9,135.9,135.9,5960,238260,10.276048,83000,83739.72
2025-07-09 11:32:00,ATM-6,CALL,901.1,902.95,901.1,902.95,40,7420,9.183517,83100,83739.72
2025-07-09 11:32:00,ATM-6,PUT,159.2,159.2,156.65,156.7,1120,80040,10.212001,83100,83739.72
2025-07-09 11:32:00,ATM-5,CALL,824.9,827.1,824.9,827.1,40,11680,9.203095,83200,83739.72
2025-07-09 11:32:00,ATM-5,PUT,183.1,183.5,180.75,180.75,1560,101600,10.167337,83200,83739.72
2025-07-09 11:32:00,ATM-4,CALL,748.8,761,748.8,761,1120,40000,9.399157,83300,83739.72
2025-07-09 11:32:00,ATM-4,PUT,210,210.2,207.2,207.85,1580,269280,10.12859,83300,83739.72
2025-07-09 11:32:00,ATM-3,CALL,682,690.8,680,690.1,2920,53180,9.363373,83400,83739.72
2025-07-09 11:32:00,ATM-3,PUT,239.8,240.65,237.75,237.75,2920,132440,10.084037,83400,83739.72
2025-07-09 11:32:00,ATM-2,CALL,615.15,625.85,614.05,625.85,9000,371180,9.408354,83500,83739.72
2025-07-09 11:32:00,ATM-2,PUT,273.8,274.1,270.55,270.95,7720,487720,10.042535,83500,83739.72
2025-07-09 11:32:00,ATM-1,CALL,551,560.75,551,560.4,6120,258340,9.334002,83600,83739.72
2025-07-09 11:32:00,ATM-1,PUT,311.15,311.6,307.65,307.65,9020,407560,10.00497,83600,83739.72
2025-07-09 11:32:00,ATM,CALL,492.95,503.7,492.85,503.7,14220,281660,9.380008,83700,83739.72
2025-07-09 11:32:00,ATM,PUT,353.3,353.4,349.5,349.5,13480,301500,10.006658,83700,83739.72
2025-07-09 11:32:00,ATM+1,CALL,439.3,448.3,438.25,448.3,12820,219240,9.365589,83800,83739.72
2025-07-09 11:32:00,ATM+1,PUT,398.6,399.95,395.4,395.8,7660,193880,10.027709,83800,83739.72
2025-07-09 11:32:00,ATM+2,CALL,389.05,396.7,387.35,396.6,8000,130280,9.347013,83900,83739.72
2025-07-09 11:32:00,ATM+2,PUT,447.35,448.5,444.2,444.2,3640,64420,10.013075,83900,83739.72
2025-07-09 11:32:00,ATM+3,CALL,341.5,349.2,340.9,349.2,9180,297140,9.337584,84000,83739.72
2025-07-09 11:32:00,ATM+3,PUT,501.45,501.85,497,497,3020,119480,10.015913,84000,83739.72
2025-07-09 11:32:00,ATM+4,CALL,298.6,305.85,297.4,305.75,5320,78080,9.329723,84100,83739.72
2025-07-09 11:32:00,ATM+4,PUT,558.05,559.5,553.2,553.2,260,16940,10.013742,84100,83739.72
2025-07-09 11:32:00,ATM+5,CALL,259,267.2,259,267.2,3580,106620,9.34788,84200,83739.72
2025-07-09 11:32:00,ATM+5,PUT,620.4,620.4,614.05,614.05,280,12940,10.037644,84200,83739.72
2025-07-09 11:32:00,ATM+6,CALL,225,230.7,223.8,230.7,1800,77200,9.325959,84300,83739.72
2025-07-09 11:32:00,ATM+6,PUT,677.9,677.9,677.9,677.9,0,6220,10.097309,84300,83739.72
2025-07-09 11:32:00,ATM+7,CALL,193.2,198.5,192.5,198.2,3260,94880,9.313433,84400,83739.72
2025-07-09 11:32:00,ATM+7,PUT,751.75,751.75,751.75,751.75,0,5380,10.285967,84400,83739.72
2025-07-09 11:32:00,ATM+8,CALL,166.25,170.75,165,170.75,6460,232300,9.344791,84500,83739.72
2025-07-09 11:32:00,ATM+8,PUT,820.65,823.4,820.65,822.5,780,38360,10.268591,84500,83739.72
2025-07-09 11:32:00,ATM+9,CALL,140.25,144.8,140.25,144.8,3440,78040,9.329582,84600,83739.72
2025-07-09 11:32:00,ATM+9,PUT,899.45,899.45,899.45,899.45,340,1500,10.393458,84600,83739.72
2025-07-09 11:32:00,ATM+10,CALL,119.2,123,119,123,6320,92900,9.347931,84700,83739.72
2025-07-09 11:32:00,ATM+10,PUT,975.75,975.75,974,974,360,1300,10.376909,84700,83739.72
2025-07-09 11:33:00,ATM-10,CALL,1239.1,1239.1,1239.1,1239.1,0,2100,9.192255,82700,83729.73
2025-07-09 11:33:00,ATM-10,PUT,88.8,89.7,88.8,89.35,700,77400,10.50828,82700,83729.73
2025-07-09 11:33:00,ATM-9,CALL,1150.3,1150.3,1150.3,1150.3,0,3000,9.116062,82800,83729.73
2025-07-09 11:33:00,ATM-9,PUT,101.95,103.5,101.95,103.5,1360,86640,10.427985,82800,83729.73
2025-07-09 11:33:00,ATM-8,CALL,1061.4,1061.4,1061.4,1061.4,0,3600,9.060126,82900,83729.73
2025-07-09 11:33:00,ATM-8,PUT,117.95,119.4,117.8,119.4,420,71560,10.342029,82900,83729.73
2025-07-09 11:33:00,ATM-7,CALL,983.4,983.4,980.15,982.45,100,41200,9.457375,83000,83729.73
2025-07-09 11:33:00,ATM-7,PUT,136.45,138.55,136.45,138.55,5140,238280,10.292649,83000,83729.73
2025-07-09 11:33:00,ATM-6,CALL,902.95,902.95,902.95,902.95,200,7400,9.427028,83100,83729.73
2025-07-09 11:33:00,ATM-6,PUT,157.2,159.7,157.2,159.7,1200,80920,10.230301,83100,83729.73
2025-07-09 11:33:00,ATM-5,CALL,835.4,835.4,830.35,830.35,40,11820,9.513794,83200,83729.73
2025-07-09 11:33:00,ATM-5,PUT,181.45,183.95,181.45,183.7,1760,98520,10.17541,83200,83729.73
2025-07-09 11:33:00,ATM-4,CALL,758.15,758.15,753.35,753.35,100,39820,9.386501,83300,83729.73
2025-07-09 11:33:00,ATM-4,PUT,208.05,210.8,208.05,210.8,980,268940,10.128332,83300,83729.73
2025-07-09 11:33:00,ATM-3,CALL,689.55,690.65,683,683,800,51980,9.356867,83400,83729.73
2025-07-09 11:33:00,ATM-3,PUT,238,241.15,237.9,241.15,2060,135040,10.087193,83400,83729.73
2025-07-09 11:33:00,ATM-2,CALL,624.85,624.85,616.7,616.7,3580,371740,9.342548,83500,83729.73
2025-07-09 11:33:00,ATM-2,PUT,271.75,274.5,271.15,273.9,5960,495280,10.026463,83500,83729.73
2025-07-09 11:33:00,ATM-1,CALL,561,561,552.6,553.45,5620,257840,9.314168,83600,83729.73
2025-07-09 11:33:00,ATM-1,PUT,307.6,311.6,307.6,311.6,8560,409780,10.004918,83600,83729.73
2025-07-09 11:33:00,ATM,CALL,503.65,503.65,495.85,496.8,11660,269920,9.35276,83700,83729.73
2025-07-09 11:33:00,ATM,PUT,350,354.5,350,354,9240,295840,10.011086,83700,83729.73
2025-07-09 11:33:00,ATM+1,CALL,447.6,447.6,441,441.9,9400,214140,9.341285,83800,83729.73
2025-07-09 11:33:00,ATM+1,PUT,396.6,400,395.65,400,6400,196540,10.016757,83800,83729.73
2025-07-09 11:33:00,ATM+2,CALL,395.5,396.05,390,390,6260,127780,9.309157,83900,83729.73
2025-07-09 11:33:00,ATM+2,PUT,444.8,449.7,444.8,449.5,2220,66900,10.019081,83900,83729.73
2025-07-09 11:33:00,ATM+3,CALL,349.55,349.55,343.4,344.25,10820,290120,9.328673,84000,83729.73
2025-07-09 11:33:00,ATM+3,PUT,496.75,501.55,496.75,501.55,2200,121700,9.99612,84000,83729.73
2025-07-09 11:33:00,ATM+4,CALL,305.45,305.6,300.4,300.4,2020,79080,9.302092,84100,83729.73
2025-07-09 11:33:00,ATM+4,PUT,555.4,558.55,553.2,558.45,580,18080,10.001632,84100,83729.73
2025-07-09 11:33:00,ATM+5,CALL,266.05,266.05,262.15,262.7,1380,107400,9.331,84200,83729.73
2025-07-09 11:33:00,ATM+5,PUT,617.75,619.9,615.65,618.55,420,14080,9.998764,84200,83729.73
2025-07-09 11:33:00,ATM+6,CALL,230.9,230.9,226.9,227.45,3120,81960,9.330555,84300,83729.73
2025-07-09 11:33:00,ATM+6,PUT,682.45,682.45,682.45,682.45,20,6500,10.003932,84300,83729.73
2025-07-09 11:33:00,ATM+7,CALL,198.7,198.7,194.65,194.7,1720,95700,9.30235,84400,83729.73
2025-07-09 11:33:00,ATM+7,PUT,747.1,749.2,747.1,749.2,180,6300,9.996459,84400,83729.73
2025-07-09 11:33:00,ATM+8,CALL,170.45,170.45,167,167,8280,232360,9.317047,84500,83729.73
2025-07-09 11:33:00,ATM+8,PUT,820.4,826.35,820.4,826.35,600,38560,10.182155,84500,83729.73
2025-07-09 11:33:00,ATM+9,CALL,145.4,145.4,142.35,142.35,1480,79040,9.32902,84600,83729.73
2025-07-09 11:33:00,ATM+9,PUT,899.45,899.45,899.45,899.45,0,1500,10.393458,84600,83729.73
2025-07-09 11:33:00,ATM+10,CALL,123.05,123.05,120,120.7,2860,92120,9.342879,84700,83729.73
2025-07-09 11:33:00,ATM+10,PUT,974,974,974,974,0,1300,10.376909,84700,83729.73
2025-07-09 11:34:00,ATM-10,CALL,1239.1,1239.1,1239.1,1239.1,0,2100,9.192255,82700,83745.3
2025-07-09 11:34:00,ATM-10,PUT,89.5,89.5,88.15,88.55,1440,77400,10.568971,82700,83745.3
2025-07-09 11:34:00,ATM-9,CALL,1150.3,1150.3,1150.3,1150.3,0,3000,9.116062,82800,83745.3
2025-07-09 11:34:00,ATM-9,PUT,103.25,103.25,101.95,102.6,1600,86640,10.491486,82800,83745.3
2025-07-09 11:34:00,ATM-8,CALL,1070.2,1070.2,1070.2,1070.2,20,3600,9.218002,82900,83745.3
2025-07-09 11:34:00,ATM-8,PUT,119.4,119.4,118,118,200,71560,10.395264,82900,83745.3
2025-07-09 11:34:00,ATM-7,CALL,983,984.95,983,984.95,380,41200,9.115351,83000,83745.3
2025-07-09 11:34:00,ATM-7,PUT,138.2,138.5,137,137.1,4420,238280,10.352526,83000,83745.3
2025-07-09 11:34:00,ATM-6,CALL,905.8,905.8,905.8,905.8,20,7400,9.136702,83100,83745.3
2025-07-09 11:34:00,ATM-6,PUT,159.6,159.6,157.7,158.05,420,80920,10.292441,83100,83745.3
2025-07-09 11:34:00,ATM-5,CALL,826.7,830,826.7,830,60,11820,9.166321,83200,83745.3
2025-07-09 11:34:00,ATM-5,PUT,183.8,184,181.65,181.75,1420,98520,10.237811,83200,83745.3
2025-07-09 11:34:00,ATM-4,CALL,758.15,758.15,758.15,758.15,40,39820,9.213209,83300,83745.3
2025-07-09 11:34:00,ATM-4,PUT,211,211,208.15,208.95,1320,268940,10.202653,83300,83745.3
2025-07-09 11:34:00,ATM-3,CALL,682.35,685.1,682.35,685,1220,51980,9.133236,83400,83745.3
2025-07-09 11:34:00,ATM-3,PUT,241.05,241.05,238.75,238.8,420,135040,10.158146,83400,83745.3
2025-07-09 11:34:00,ATM-2,CALL,615.75,624.65,615.75,623.85,2400,371740,9.270443,83500,83745.3
2025-07-09 11:34:00,ATM-2,PUT,274.75,275,271.35,271.55,6660,495280,10.1075,83500,83745.3
2025-07-09 11:34:00,ATM-1,CALL,552,560.1,552,559.2,2520,257840,9.224595,83600,83745.3
2025-07-09 11:34:00,ATM-1,PUT,312,312,308.4,308.6,3920,409780,10.081063,83600,83745.3
2025-07-09 11:34:00,ATM,CALL,495.5,502.5,494.55,500.7,8620,269920,9.23602,83700,83745.3
2025-07-09 11:34:00,ATM,PUT,354.9,355,350.4,351.75,8300,295840,10.116292,83700,83745.3
2025-07-09 11:34:00,ATM+1,CALL,441,447.95,440.2,446.1,9160,214140,9.247067,83800,83745.3
2025-07-09 11:34:00,ATM+1,PUT,400.4,400.95,396.3,397.7,8280,196540,10.132623,83800,83745.3
2025-07-09 11:34:00,ATM+2,CALL,389.25,396.2,389.1,395.6,5380,127780,9.26162,83900,83745.3
2025-07-09 11:34:00,ATM+2,PUT,449.35,450,445.35,445.35,1540,66900,10.104996,83900,83745.3
2025-07-09 11:34:00,ATM+3,CALL,342.6,348.65,342.4,348.2,4860,290120,9.256732,84000,83745.3
2025-07-09 11:34:00,ATM+3,PUT,503,503.7,497.9,498.45,2180,121700,10.119876,84000,83745.3
2025-07-09 11:34:00,ATM+4,CALL,299.95,304.55,299.95,304.45,1560,79080,9.245603,84100,83745.3
2025-07-09 11:34:00,ATM+4,PUT,558.3,558.3,554.85,555.55,60,18080,10.144824,84100,83745.3
2025-07-09 11:34:00,ATM+5,CALL,260.7,266,260.7,264.8,5640,107400,9.240123,84200,83745.3
2025-07-09 11:34:00,ATM+5,PUT,618,618.4,618,618.4,120,14080,10.223971,84200,83745.3
2025-07-09 11:34:00,ATM+6,CALL,225.45,230.2,225.35,229.7,3000,81960,9.254432,84300,83745.3
2025-07-09 11:34:00,ATM+6,PUT,684.1,684.1,681.9,681.9,40,6500,10.239064,84300,83745.3
2025-07-09 11:34:00,ATM+7,CALL,194,198,193.6,197.5,2400,95700,9.251574,84400,83745.3
2025-07-09 11:34:00,ATM+7,PUT,748.95,748.95,748.95,748.95,60,6300,10.261367,84400,83745.3
2025-07-09 11:34:00,ATM+8,CALL,166.85,170,166.7,169.45,5660,232360,9.268028,84500,83745.3
2025-07-09 11:34:00,ATM+8,PUT,824.3,826.1,817.7,817.7,280,38560,10.246201,84500,83745.3
2025-07-09 11:34:00,ATM+9,CALL,142,144.8,141.75,144.15,980,79040,9.271967,84600,83745.3
2025-07-09 11:34:00,ATM+9,PUT,899.45,899.45,899.45,899.45,0,1500,10.393458,84600,83745.3
2025-07-09 11:34:00,ATM+10,CALL,120.4,122.3,120.25,122.25,580,92120,9.287893,84700,83745.3
2025-07-09 11:34:00,ATM+10,PUT,974,974,974,974,0,1300,10.376909,84700,83745.3
2025-07-09 11:35:00,ATM-10,CALL,1239.1,1239.1,1239.1,1239.1,0,2100,9.192255,82700,83737
2025-07-09 11:35:00,ATM-10,PUT,88.3,89.25,88.3,89,1640,77400,10.538392,82700,83737
2025-07-09 11:35:00,ATM-9,CALL,1150.3,1150.3,1150.3,1150.3,0,3000,9.116062,82800,83737
2025-07-09 11:35:00,ATM-9,PUT,102.25,103.4,102,103.4,700,86640,10.470148,82800,83737
2025-07-09 11:35:00,ATM-8,CALL,1070.2,1070.2,1070.2,1070.2,0,3600,9.218002,82900,83737
2025-07-09 11:35:00,ATM-8,PUT,118.1,118.1,117.95,117.95,60,71560,10.340745,82900,83737
2025-07-09 11:35:00,ATM-7,CALL,982.65,982.65,976.35,977.1,1040,41200,9.079119,83000,83737
2025-07-09 11:35:00,ATM-7,PUT,137.4,138.4,136.8,138,680,238280,10.325448,83000,83737
2025-07-09 11:35:00,ATM-6,CALL,905.8,905.8,905.8,905.8,0,7400,9.136702,83100,83737
2025-07-09 11:35:00,ATM-6,PUT,158,158.75,157.5,158.75,200,80920,10.25484,83100,83737
2025-07-09 11:35:00,ATM-5,CALL,830,830,830,830,0,11820,9.166321,83200,83737
2025-07-09 11:35:00,ATM-5,PUT,181.95,183.65,181.85,183.65,1280,98520,10.229379,83200,83737
2025-07-09 11:35:00,ATM-4,CALL,757.7,759,753.4,753.4,160,39820,9.247919,83300,83737
2025-07-09 11:35:00,ATM-4,PUT,209,210.9,208.35,210.9,940,268940,10.189402,83300,83737
2025-07-09 11:35:00,ATM-3,CALL,682.4,682.4,682,682,240,51980,9.204451,83400,83737
2025-07-09 11:35:00,ATM-3,PUT,239.6,241.3,238.95,241.2,1080,135040,10.150274,83400,83737
2025-07-09 11:35:00,ATM-2,CALL,621.2,623.1,616.05,618.95,1980,371740,9.283501,83500,83737
2025-07-09 11:35:00,ATM-2,PUT,272.9,275,271.6,274.95,5580,495280,10.117733,83500,83737
2025-07-09 11:35:00,ATM-1,CALL,558,558.1,552.05,555.7,3420,257840,9.263453,83600,83737
2025-07-09 11:35:00,ATM-1,PUT,309.6,312.4,308.95,312.2,2960,409780,10.088982,83600,83737
2025-07-09 11:35:00,ATM,CALL,501.45,501.6,495,497.15,9300,269920,9.265279,83700,83737
2025-07-09 11:35:00,ATM,PUT,351.85,355,351.1,353.95,6700,295840,10.084408,83700,83737
2025-07-09 11:35:00,ATM+1,CALL,446.85,446.85,440.55,442.1,7200,214140,9.257984,83800,83737
2025-07-09 11:35:00,ATM+1,PUT,396.95,401.1,396.5,400.3,5200,196540,10.103432,83800,83737
2025-07-09 11:35:00,ATM+2,CALL,394.85,394.85,390,392.2,5060,127780,9.278752,83900,83737
2025-07-09 11:35:00,ATM+2,PUT,446.55,450.15,446.35,448.95,1700,66900,10.092008,83900,83737
2025-07-09 11:35:00,ATM+3,CALL,347.35,347.6,342.8,344.9,5420,290120,9.268688,84000,83737
2025-07-09 11:35:00,ATM+3,PUT,499.45,503.6,498.5,502.45,1820,121700,10.109138,84000,83737
2025-07-09 11:35:00,ATM+4,CALL,303.45,304.4,299.85,301.5,1800,79080,9.258341,84100,83737
2025-07-09 11:35:00,ATM+4,PUT,555.25,560,555.25,558,320,18080,10.090617,84100,83737
2025-07-09 11:35:00,ATM+5,CALL,263.9,264.55,260.55,262.3,1040,107400,9.256381,84200,83737
2025-07-09 11:35:00,ATM+5,PUT,618.8,618.8,618.3,618.3,120,14080,10.100647,84200,83737
2025-07-09 11:35:00,ATM+6,CALL,228.65,229.15,225.5,226.6,1560,81960,9.248565,84300,83737
2025-07-09 11:35:00,ATM+6,PUT,681.9,681.9,681.9,681.9,0,6500,10.239064,84300,83737
2025-07-09 11:35:00,ATM+7,CALL,196.45,197,193.75,195,1260,95700,9.253407,84400,83737
2025-07-09 11:35:00,ATM+7,PUT,748.95,748.95,748.95,748.95,0,6300,10.261367,84400,83737
2025-07-09 11:35:00,ATM+8,CALL,168.65,168.85,166,167.45,3460,232360,9.276108,84500,83737
2025-07-09 11:35:00,ATM+8,PUT,821.3,824.6,821.3,824.6,120,38560,10.274128,84500,83737
2025-07-09 11:35:00,ATM+9,CALL,143.2,143.9,140.95,142.35,1760,79040,9.278701,84600,83737
2025-07-09 11:35:00,ATM+9,PUT,899.45,899.45,899.45,899.45,0,1500,10.393458,84600,83737
2025-07-09 11:35:00,ATM+10,CALL,121.6,122.15,120,120.7,1100,92120,9.295344,84700,83737
2025-07-09 11:35:00,ATM+10,PUT,974,974,974,974,0,1300,10.376909,84700,83737
2025-07-09 11:36:00,ATM-10,CALL,1239.1,1239.1,1239.1,1239.1,0,2100,9.192255,82700,83734.9
2025-07-09 11:36:00,ATM-10,PUT,89.3,89.55,88.7,88.7,720,77500,10.514625,82700,83734.9
2025-07-09 11:36:00,ATM-9,CALL,1150.3,1150.3,1150.3,1150.3,0,3000,9.116062,82800,83734.9
2025-07-09 11:36:00,ATM-9,PUT,102.9,103.5,102.7,102.75,740,88200,10.433993,82800,83734.9
2025-07-09 11:36:00,ATM-8,CALL,1070.2,1070.2,1070.2,1070.2,0,3600,9.218002,82900,83734.9
2025-07-09 11:36:00,ATM-8,PUT,119.15,119.7,118.65,119.25,520,71960,10.371735,82900,83734.9
2025-07-09 11:36:00,ATM-7,CALL,975.65,983.65,975.65,981.55,200,40820,9.290285,83000,83734.9
2025-07-09 11:36:00,ATM-7,PUT,137.65,138.8,137.45,137.45,4300,237500,10.294405,83000,83734.9
2025-07-09 11:36:00,ATM-6,CALL,900,900,900,900,20,7440,9.213176,83100,83734.9
2025-07-09 11:36:00,ATM-6,PUT,159.75,159.95,158.8,158.8,360,80360,10.241878,83100,83734.9
2025-07-09 11:36:00,ATM-5,CALL,830,830,830,830,0,11820,9.166321,83200,83734.9
2025-07-09 11:36:00,ATM-5,PUT,183.25,184.45,182.35,182.6,1040,98520,10.184844,83200,83734.9
2025-07-09 11:36:00,ATM-4,CALL,750.75,756.2,750,755,200,40600,9.333403,83300,83734.9
2025-07-09 11:36:00,ATM-4,PUT,211.1,211.75,209.4,209.7,980,268280,10.141443,83300,83734.9
2025-07-09 11:36:00,ATM-3,CALL,682,686.2,680.45,685.4,860,52360,9.330301,83400,83734.9
2025-07-09 11:36:00,ATM-3,PUT,240.85,242,239.55,240.25,1600,136400,10.109014,83400,83734.9
2025-07-09 11:36:00,ATM-2,CALL,619.7,621.4,615.1,620.45,2320,373100,9.355051,83500,83734.9
2025-07-09 11:36:00,ATM-2,PUT,274.8,275.7,272.7,273.8,6160,494500,10.071314,83500,83734.9
2025-07-09 11:36:00,ATM-1,CALL,553.45,557.6,550.9,556.4,3780,256940,9.3117,83600,83734.9
2025-07-09 11:36:00,ATM-1,PUT,311.8,313.75,309.85,310.95,4720,409720,10.039721,83600,83734.9
2025-07-09 11:36:00,ATM,CALL,497.85,499.5,491.1,498.25,12240,279620,9.319906,83700,83734.9
2025-07-09 11:36:00,ATM,PUT,354.65,356.05,352.4,352.4,8600,303380,10.027342,83700,83734.9
2025-07-09 11:36:00,ATM+1,CALL,442.65,445,440,444,13540,215940,9.328491,83800,83734.9
2025-07-09 11:36:00,ATM+1,PUT,399.75,403,397.75,398.65,10600,199080,10.04293,83800,83734.9
2025-07-09 11:36:00,ATM+2,CALL,391.55,394.15,388.55,393.15,3640,132360,9.325223,83900,83734.9
2025-07-09 11:36:00,ATM+2,PUT,449.4,452.45,447.55,448.45,2140,68440,10.056407,83900,83734.9
2025-07-09 11:36:00,ATM+3,CALL,344.25,346.9,341.6,345.3,7060,290300,9.300775,84000,83734.9
2025-07-09 11:36:00,ATM+3,PUT,502.85,505,499.85,500.85,2640,123060,10.046084,84000,83734.9
2025-07-09 11:36:00,ATM+4,CALL,301.35,303,299.05,302.35,1100,79780,9.299613,84100,83734.9
2025-07-09 11:36:00,ATM+4,PUT,560,560.2,560,560.2,680,18400,10.114154,84100,83734.9
2025-07-09 11:36:00,ATM+5,CALL,262.9,264,259.35,263,1220,104020,9.29315,84200,83734.9
2025-07-09 11:36:00,ATM+5,PUT,621.15,621.15,617.75,617.75,80,14520,10.05689,84200,83734.9
2025-07-09 11:36:00,ATM+6,CALL,226.3,228.65,224.7,227.55,1240,81660,9.290962,84300,83734.9
2025-07-09 11:36:00,ATM+6,PUT,681.9,681.9,681.9,681.9,0,6500,10.239064,84300,83734.9
2025-07-09 11:36:00,ATM+7,CALL,194.05,196.4,193.7,195.7,1600,96320,9.289229,84400,83734.9
2025-07-09 11:36:00,ATM+7,PUT,752.6,755,752.6,752.75,980,6500,10.179275,84400,83734.9
2025-07-09 11:36:00,ATM+8,CALL,168,168.75,165.6,168.75,6460,236180,9.328559,84500,83734.9
2025-07-09 11:36:00,ATM+8,PUT,823.6,826.7,820.1,820.1,140,39280,10.113728,84500,83734.9
2025-07-09 11:36:00,ATM+9,CALL,142.15,143.15,140.7,142.95,1000,80620,9.311967,84600,83734.9
2025-07-09 11:36:00,ATM+9,PUT,899.45,899.45,899.45,899.45,0,1500,10.393458,84600,83734.9
2025-07-09 11:36:00,ATM+10,CALL,121,121.4,119.6,121.35,1920,92880,9.330714,84700,83734.9
2025-07-09 11:36:00,ATM+10,PUT,974,974,974,974,0,1300,10.376909,84700,83734.9
2025-07-09 11:37:00,ATM-10,CALL,1239.1,1239.1,1239.1,1239.1,0,2100,9.192255,82700,83742.43
2025-07-09 11:37:00,ATM-10,PUT,89.15,89.45,88.4,89.05,1000,77500,10.573404,82700,83742.43
2025-07-09 11:37:00,ATM-9,CALL,1150.3,1150.3,1150.3,1150.3,0,3000,9.116062,82800,83742.43
2025-07-09 11:37:00,ATM-9,PUT,102.6,103.25,102.45,103,1200,88200,10.489959,82800,83742.43
2025-07-09 11:37:00,ATM-8,CALL,1065.8,1065.8,1065.8,1065.8,60,3680,9.145829,82900,83742.43
2025-07-09 11:37:00,ATM-8,PUT,118.7,119,118.25,119,100,71960,10.412228,82900,83742.43
2025-07-09 11:37:00,ATM-7,CALL,984.2,986,979,979,400,40820,8.99293,83000,83742.43
2025-07-09 11:37:00,ATM-7,PUT,137.7,138.1,136.85,138.1,2920,237500,10.366205,83000,83742.43
2025-07-09 11:37:00,ATM-6,CALL,905.75,905.75,905.75,905.75,20,7440,9.209195,83100,83742.43
2025-07-09 11:37:00,ATM-6,PUT,158.9,158.9,157.8,158.8,80,80360,10.295749,83100,83742.43
2025-07-09 11:37:00,ATM-5,CALL,831.4,831.4,825.45,825.45,100,11900,9.099095,83200,83742.43
2025-07-09 11:37:00,ATM-5,PUT,183.1,183.1,182.55,182.6,420,98520,10.241559,83200,83742.43
2025-07-09 11:37:00,ATM-4,CALL,758.25,758.8,752.7,752.7,240,40600,9.123018,83300,83742.43
2025-07-09 11:37:00,ATM-4,PUT,209.35,211,209,211,980,268280,10.23584,83300,83742.43
2025-07-09 11:37:00,ATM-3,CALL,685,688.2,681.35,683.35,920,52360,9.144195,83400,83742.43
2025-07-09 11:37:00,ATM-3,PUT,240.25,241.6,239.2,241.1,2000,136400,10.194026,83400,83742.43
2025-07-09 11:37:00,ATM-2,CALL,620,623.4,616.3,618,2900,373100,9.173852,83500,83742.43
2025-07-09 11:37:00,ATM-2,PUT,273.15,275.35,272.4,274.45,6140,494500,10.154551,83500,83742.43
2025-07-09 11:37:00,ATM-1,CALL,558,559,552,554,4880,256940,9.144264,83600,83742.43
2025-07-09 11:37:00,ATM-1,PUT,310.45,312,309.1,311.1,3580,409720,10.114924,83600,83742.43
2025-07-09 11:37:00,ATM,CALL,498.8,500.7,494.5,496.45,6800,279620,9.177275,83700,83742.43
2025-07-09 11:37:00,ATM,PUT,353.25,355.45,351.9,354,6520,303380,10.141235,83700,83742.43
2025-07-09 11:37:00,ATM+1,CALL,445,446.45,440.35,442.75,9940,215940,9.207323,83800,83742.43
2025-07-09 11:37:00,ATM+1,PUT,398.7,401.35,397.35,401.1,6140,199080,10.181456,83800,83742.43
2025-07-09 11:37:00,ATM+2,CALL,393.2,394.8,389.1,390.55,7640,132360,9.180219,83900,83742.43
2025-07-09 11:37:00,ATM+2,PUT,448.05,450.65,446.4,449.6,1420,68440,10.17082,83900,83742.43
2025-07-09 11:37:00,ATM+3,CALL,346.95,347.65,343.3,343.95,4140,290300,9.190712,84000,83742.43
2025-07-09 11:37:00,ATM+3,PUT,499.65,503.75,498.95,501.95,2860,123060,10.166214,84000,83742.43
2025-07-09 11:37:00,ATM+4,CALL,303,304.4,300.35,301.1,1340,79780,9.197012,84100,83742.43
2025-07-09 11:37:00,ATM+4,PUT,558.8,558.8,555.6,556.75,440,18400,10.135379,84100,83742.43
2025-07-09 11:37:00,ATM+5,CALL,263.75,264.8,261.3,262.1,1240,104020,9.203237,84200,83742.43
2025-07-09 11:37:00,ATM+5,PUT,615.5,616.9,615.5,616.9,60,14520,10.147276,84200,83742.43
2025-07-09 11:37:00,ATM+6,CALL,227.75,229.2,225.6,226.8,600,81660,9.208481,84300,83742.43
2025-07-09 11:37:00,ATM+6,PUT,680,680,679.55,679.55,180,6420,10.136706,84300,83742.43
2025-07-09 11:37:00,ATM+7,CALL,195.05,197.05,194.3,194.9,1720,96320,9.20857,84400,83742.43
2025-07-09 11:37:00,ATM+7,PUT,747.55,750.25,747.55,750.25,80,6500,10.246042,84400,83742.43
2025-07-09 11:37:00,ATM+8,CALL,168.45,169.05,166.4,166.95,3120,236180,9.22262,84500,83742.43
2025-07-09 11:37:00,ATM+8,PUT,820,820,819,819,40,39280,10.22763,84500,83742.43
2025-07-09 11:37:00,ATM+9,CALL,143.55,143.55,141.55,141.55,1040,80620,9.217777,84600,83742.43
2025-07-09 11:37:00,ATM+9,PUT,899.45,899.45,899.45,899.45,0,1500,10.393458,84600,83742.43
2025-07-09 11:37:00,ATM+10,CALL,121.25,122,120.2,120.2,640,92880,9.244247,84700,83742.43
2025-07-09 11:37:00,ATM+10,PUT,974,974,974,974,0,1300,10.376909,84700,83742.43
2025-07-09 11:38:00,ATM-10,CALL,1239.1,1239.1,1239.1,1239.1,0,2100,9.192255,82700,83747.35
2025-07-09 11:38:00,ATM-10,PUT,89.2,89.2,88.25,89.2,1120,77500,10.608861,82700,83747.35
2025-07-09 11:38:00,ATM-9,CALL,1150.3,1150.3,1150.3,1150.3,0,3000,9.116062,82800,83747.35
2025-07-09 11:38:00,ATM-9,PUT,103.3,103.35,102.2,103.35,340,88200,10.533513,82800,83747.35
2025-07-09 11:38:00,ATM-8,CALL,1065.8,1065.8,1065.8,1065.8,0,3680,9.145829,82900,83747.35
2025-07-09 11:38:00,ATM-8,PUT,119.15,119.6,118.45,119.6,240,71960,10.464695,82900,83747.35
2025-07-09 11:38:00,ATM-7,CALL,979,979,979,979,0,40820,8.99293,83000,83747.35
2025-07-09 11:38:00,ATM-7,PUT,138.15,138.5,137.35,138.4,1300,237500,10.409338,83000,83747.35
2025-07-09 11:38:00,ATM-6,CALL,897.45,897.45,897.45,897.45,60,7440,8.820119,83100,83747.35
2025-07-09 11:38:00,ATM-6,PUT,159.5,159.55,158.3,159.55,520,80360,10.353287,83100,83747.35
2025-07-09 11:38:00,ATM-5,CALL,824,824,823.05,823.05,40,11900,8.918193,83200,83747.35
2025-07-09 11:38:00,ATM-5,PUT,184.4,184.6,182.75,184.6,420,98520,10.334637,83200,83747.35
2025-07-09 11:38:00,ATM-4,CALL,752.3,753.25,748.8,748.8,900,40600,8.917039,83300,83747.35
2025-07-09 11:38:00,ATM-4,PUT,211,211.95,209.7,211.95,1240,268280,10.300328,83300,83747.35
2025-07-09 11:38:00,ATM-3,CALL,681.2,684.45,678.25,678.25,400,52360,8.922832,83400,83747.35
2025-07-09 11:38:00,ATM-3,PUT,240.7,242,240.7,242,1260,136400,10.258438,83400,83747.35
2025-07-09 11:38:00,ATM-2,CALL,617.7,619.5,614.5,614.5,5820,373100,9.007156,83500,83747.35
2025-07-09 11:38:00,ATM-2,PUT,274.35,275.35,273.05,275.35,4540,494500,10.220671,83500,83747.35
2025-07-09 11:38:00,ATM-1,CALL,552.95,554.35,548.65,548.65,4280,256940,8.943146,83600,83747.35
2025-07-09 11:38:00,ATM-1,PUT,311.05,313.5,310.4,313.5,4100,409720,10.219033,83600,83747.35
2025-07-09 11:38:00,ATM,CALL,497.55,497.9,492,493.85,6200,279620,9.05035,83700,83747.35
2025-07-09 11:38:00,ATM,PUT,354,356,353.05,356,6720,303380,10.237996,83700,83747.35
2025-07-09 11:38:00,ATM+1,CALL,442.4,443,438.45,439.85,9460,215940,9.07982,83800,83747.35
2025-07-09 11:38:00,ATM+1,PUT,398.9,402.7,398.9,401.1,3560,199080,10.234911,83800,83747.35
2025-07-09 11:38:00,ATM+2,CALL,390.25,391.85,387.9,387.95,4840,132360,9.064692,83900,83747.35
2025-07-09 11:38:00,ATM+2,PUT,449.1,452.15,448.85,452.15,2260,68440,10.286883,83900,83747.35
2025-07-09 11:38:00,ATM+3,CALL,343.1,345,340.2,341.3,5640,290300,9.07789,84000,83747.35
2025-07-09 11:38:00,ATM+3,PUT,501.95,504.65,501.55,504.3,1940,123060,10.282225,84000,83747.35
2025-07-09 11:38:00,ATM+4,CALL,300.55,301.4,298,298.4,3580,79780,9.085756,84100,83747.35
2025-07-09 11:38:00,ATM+4,PUT,560.15,561.45,560,561.2,180,18400,10.306129,84100,83747.35
2025-07-09 11:38:00,ATM+5,CALL,261.8,263,259.1,259.25,2520,104020,9.090002,84200,83747.35
2025-07-09 11:38:00,ATM+5,PUT,621.25,622,619.2,622,80,14520,10.341124,84200,83747.35
2025-07-09 11:38:00,ATM+6,CALL,225.9,227,223.5,223.5,1160,81660,9.084425,84300,83747.35
2025-07-09 11:38:00,ATM+6,PUT,682.7,682.7,682.7,682.7,60,6420,10.292326,84300,83747.35
2025-07-09 11:38:00,ATM+7,CALL,194.65,195.55,192.6,192.6,2680,96320,9.109509,84400,83747.35
2025-07-09 11:38:00,ATM+7,PUT,750.25,750.25,750.25,750.25,0,6500,10.246042,84400,83747.35
2025-07-09 11:38:00,ATM+8,CALL,166.7,167.5,164.6,164.95,5040,236180,9.130823,84500,83747.35
2025-07-09 11:38:00,ATM+8,PUT,825.45,825.45,825,825,40,39280,10.479457,84500,83747.35
2025-07-09 11:38:00,ATM+9,CALL,141.4,142.4,140.6,140.6,1640,80620,9.15541,84600,83747.35
2025-07-09 11:38:00,ATM+9,PUT,900,900,900,900,20,1540,10.565746,84600,83747.35
2025-07-09 11:38:00,ATM+10,CALL,119.1,120.6,118.7,118.7,2880,92880,9.164192,84700,83747.35
2025-07-09 11:38:00,ATM+10,PUT,974,974,974,974,0,1300,10.376909,84700,83747.35
2025-07-09 11:39:00,ATM-10,CALL,1239.1,1239.1,1239.1,1239.1,0,2100,9.192255,82700,83730.16
2025-07-09 11:39:00,ATM-10,PUT,89.05,90.15,89.05,90.15,1780,77960,10.545309,82700,83730.16
2025-07-09 11:39:00,ATM-9,CALL,1130.8,1130.8,1130.8,1130.8,20,3020,8.750874,82800,83730.16
2025-07-09 11:39:00,ATM-9,PUT,103.6,104.5,103.6,104.5,600,88600,10.469887,82800,83730.16
2025-07-09 11:39:00,ATM-8,CALL,1065.8,1065.8,1065.8,1065.8,0,3680,9.145829,82900,83730.16
2025-07-09 11:39:00,ATM-8,PUT,120.5,120.75,120,120.5,1040,71960,10.384751,82900,83730.16
2025-07-09 11:39:00,ATM-7,CALL,971.85,971.85,966.85,966.85,220,40760,8.921416,83000,83730.16
2025-07-09 11:39:00,ATM-7,PUT,138.1,140,138.1,139.95,4480,238400,10.34232,83000,83730.16
2025-07-09 11:39:00,ATM-6,CALL,895.35,895.55,895.35,895.55,40,7440,9.192748,83100,83730.16
2025-07-09 11:39:00,ATM-6,PUT,160.5,161.35,160.2,161.35,880,80400,10.284713,83100,83730.16
2025-07-09 11:39:00,ATM-5,CALL,820.5,820.5,816.85,816.85,240,11920,9.120366,83200,83730.16
2025-07-09 11:39:00,ATM-5,PUT,183.7,186.1,183.65,185.9,980,98520,10.242514,83200,83730.16
2025-07-09 11:39:00,ATM-4,CALL,746.35,747.25,741.75,741.75,1040,40580,9.06753,83300,83730.16
2025-07-09 11:39:00,ATM-4,PUT,211.4,213.5,211.4,213.5,1500,267680,10.205781,83300,83730.16
2025-07-09 11:39:00,ATM-3,CALL,677.7,677.7,671.3,671.3,860,52440,9.051964,83400,83730.16
2025-07-09 11:39:00,ATM-3,PUT,243.25,243.85,242.25,243.85,2780,136400,10.1618,83400,83730.16
2025-07-09 11:39:00,ATM-2,CALL,614.35,614.5,606.9,609.2,8740,375660,9.154904,83500,83730.16
2025-07-09 11:39:00,ATM-2,PUT,275.35,277.2,274.9,277.15,7340,495640,10.112335,83500,83730.16
2025-07-09 11:39:00,ATM-1,CALL,551.65,551.65,543,544.4,13180,257900,9.095723,83600,83730.16
2025-07-09 11:39:00,ATM-1,PUT,312.1,315.3,312.1,314.75,5440,410580,10.086455,83600,83730.16
2025-07-09 11:39:00,ATM,CALL,493.3,494.45,485.75,486.25,19540,276160,9.104514,83700,83730.16
2025-07-09 11:39:00,ATM,PUT,354.85,358.5,354.85,357.6,10080,302000,10.101928,83700,83730.16
2025-07-09 11:39:00,ATM+1,CALL,440.2,440.2,432.65,433.9,14080,215940,9.155436,83800,83730.16
2025-07-09 11:39:00,ATM+1,PUT,400.95,404.7,400.95,404,6600,194420,10.116187,83800,83730.16
2025-07-09 11:39:00,ATM+2,CALL,388,388.9,382,382,11280,130600,9.124114,83900,83730.16
2025-07-09 11:39:00,ATM+2,PUT,451.15,454.25,451.15,452.9,1420,68440,10.104733,83900,83730.16
2025-07-09 11:39:00,ATM+3,CALL,341.15,342.3,335.7,336.05,20080,292160,9.137951,84000,83730.16
2025-07-09 11:39:00,ATM+3,PUT,503.7,507.25,503.7,507,5680,123380,10.130063,84000,83730.16
2025-07-09 11:39:00,ATM+4,CALL,297.75,297.75,293.3,293.55,4400,80340,9.140215,84100,83730.16
2025-07-09 11:39:00,ATM+4,PUT,563.15,565.15,562.45,564,660,18200,10.140072,84100,83730.16
2025-07-09 11:39:00,ATM+5,CALL,259.25,259.25,254.5,254.5,3440,103640,9.132228,84200,83730.16
2025-07-09 11:39:00,ATM+5,PUT,621.65,625.25,621.65,625,280,14500,10.162175,84200,83730.16
2025-07-09 11:39:00,ATM+6,CALL,224.45,224.5,220,220,4160,81300,9.143462,84300,83730.16
2025-07-09 11:39:00,ATM+6,PUT,687.5,688.15,687.5,688.15,60,6400,10.154002,84300,83730.16
2025-07-09 11:39:00,ATM+7,CALL,192.65,192.9,189.35,189.6,8040,96040,9.168462,84400,83730.16
2025-07-09 11:39:00,ATM+7,PUT,750.25,750.25,750.25,750.25,0,6500,10.246042,84400,83730.16
2025-07-09 11:39:00,ATM+8,CALL,165.5,165.5,161.5,161.6,12680,234120,9.167276,84500,83730.16
2025-07-09 11:39:00,ATM+8,PUT,830,830,830,830,60,39420,10.290057,84500,83730.16
2025-07-09 11:39:00,ATM+9,CALL,140.45,140.45,137.35,137.55,5760,80260,9.187186,84600,83730.16
2025-07-09 11:39:00,ATM+9,PUT,905,905,905,905,20,1540,10.353493,84600,83730.16
2025-07-09 11:39:00,ATM+10,CALL,119.15,119.2,116,116,5040,92940,9.193406,84700,83730.16
2025-07-09 11:39:00,ATM+10,PUT,974,974,974,974,0,1300,10.376909,84700,83730.16
2025-07-09 11:40:00,ATM-10,CALL,1239.1,1239.1,1239.1,1239.1,0,2100,9.192255,82700,83738.66
2025-07-09 11:40:00,ATM-10,PUT,90.4,91,89.7,90.1,4540,77960,10.594148,82700,83738.66
2025-07-09 11:40:00,ATM-9,CALL,1130.8,1130.8,1130.8,1130.8,0,3020,8.750874,82800,83738.66
2025-07-09 11:40:00,ATM-9,PUT,104.25,104.7,103.8,104.1,700,88600,10.50834,82800,83738.66
2025-07-09 11:40:00,ATM-8,CALL,1047.05,1047.05,1047.05,1047.05,60,3680,8.539183,82900,83738.66
2025-07-09 11:40:00,ATM-8,PUT,120.8,120.8,119.95,120.4,380,71960,10.43675,82900,83738.66
2025-07-09 11:40:00,ATM-7,CALL,967.45,967.45,967.45,967.45,20,40760,8.697025,83000,83738.66
2025-07-09 11:40:00,ATM-7,PUT,139.65,140.3,139,139.45,3280,238400,10.384687,83000,83738.66
2025-07-09 11:40:00,ATM-6,CALL,889.55,889.55,889.55,889.55,20,7440,8.79002,83100,83738.66
2025-07-09 11:40:00,ATM-6,PUT,161.85,161.85,160.25,160.45,960,80400,10.319176,83100,83738.66
2025-07-09 11:40:00,ATM-5,CALL,816.85,816.85,816.85,816.85,0,11920,9.120366,83200,83738.66
2025-07-09 11:40:00,ATM-5,PUT,186.2,186.6,184.35,184.8,1140,98520,10.276146,83200,83738.66
2025-07-09 11:40:00,ATM-4,CALL,742.7,746.6,742.7,743,120,40580,8.933438,83300,83738.66
2025-07-09 11:40:00,ATM-4,PUT,213.7,214.25,211.35,212.9,2060,267680,10.257761,83300,83738.66
2025-07-09 11:40:00,ATM-3,CALL,672,677.35,672,675.6,1420,52440,9.012477,83400,83738.66
2025-07-09 11:40:00,ATM-3,PUT,244,244.45,241.6,243.05,1320,136400,10.213325,83400,83738.66
2025-07-09 11:40:00,ATM-2,CALL,607.6,613.7,605.15,612.75,4560,375660,9.106731,83500,83738.66
2025-07-09 11:40:00,ATM-2,PUT,278,278,275.7,276.3,4240,495640,10.167712,83500,83738.66
2025-07-09 11:40:00,ATM-1,CALL,543,548,541.55,546.75,5940,257900,9.027916,83600,83738.66
2025-07-09 11:40:00,ATM-1,PUT,314.75,315.55,312.95,314,9720,410580,10.149691,83600,83738.66
2025-07-09 11:40:00,ATM,CALL,486.15,491.85,485,489.65,9060,276160,9.070803,83700,83738.66
2025-07-09 11:40:00,ATM,PUT,357.65,359,355.75,357.35,12360,302000,10.182705,83700,83738.66
2025-07-09 11:40:00,ATM+1,CALL,432.6,437,431.1,436.65,12480,215940,9.115028,83800,83738.66
2025-07-09 11:40:00,ATM+1,PUT,403.8,405,401.4,403,6500,194420,10.1858,83800,83738.66
2025-07-09 11:40:00,ATM+2,CALL,382.2,386,381.55,384.95,4660,130600,9.096284,83900,83738.66
2025-07-09 11:40:00,ATM+2,PUT,453.4,455,451,451.65,3160,68440,10.175448,83900,83738.66
2025-07-09 11:40:00,ATM+3,CALL,336.45,338.55,334.6,338.15,8060,292160,9.098074,84000,83738.66
2025-07-09 11:40:00,ATM+3,PUT,507.25,507.25,502.65,504.6,3500,123380,10.181576,84000,83738.66
2025-07-09 11:40:00,ATM+4,CALL,293.95,296.7,292.65,296.7,4780,80340,9.132304,84100,83738.66
2025-07-09 11:40:00,ATM+4,PUT,565.5,565.5,565.5,565.5,60,18200,10.290846,84100,83738.66
2025-07-09 11:40:00,ATM+5,CALL,254.4,257.05,254.4,256.7,1880,103640,9.109014,84200,83738.66
2025-07-09 11:40:00,ATM+5,PUT,626.1,626.1,621.85,621.85,60,14500,10.211779,84200,83738.66
2025-07-09 11:40:00,ATM+6,CALL,220,223.15,219.2,222.6,1400,81300,9.137316,84300,83738.66
2025-07-09 11:40:00,ATM+6,PUT,690.5,690.5,690.5,690.5,100,6400,10.347771,84300,83738.66
2025-07-09 11:40:00,ATM+7,CALL,189.3,191.9,188.5,190.95,2840,96040,9.136982,84400,83738.66
2025-07-09 11:40:00,ATM+7,PUT,750.25,750.25,750.25,750.25,0,6500,10.246042,84400,83738.66
2025-07-09 11:40:00,ATM+8,CALL,161.3,163.75,161.25,163.2,9060,234120,9.148879,84500,83738.66
2025-07-09 11:40:00,ATM+8,PUT,830,830,829.6,829.6,60,39420,10.440141,84500,83738.66
2025-07-09 11:40:00,ATM+9,CALL,137.3,139.25,137.25,139.25,2220,80260,9.178355,84600,83738.66
2025-07-09 11:40:00,ATM+9,PUT,905,905,905,905,0,1540,10.353493,84600,83738.66
2025-07-09 11:40:00,ATM+10,CALL,116.15,118.2,115.6,117.8,4920,92940,9.194999,84700,83738.66
2025-07-09 11:40:00,ATM+10,PUT,974,974,974,974,0,1300,10.376909,84700,83738.66
2025-07-09 11:41:00,ATM-10,CALL,1239.1,1239.1,1239.1,1239.1,0,2100,9.192255,82700,83739.43
2025-07-09 11:41:00,ATM-10,PUT,89.65,90.05,89.35,89.95,880,77960,10.593287,82700,83739.43
2025-07-09 11:41:00,ATM-9,CALL,1130.8,1130.8,1130.8,1130.8,0,3020,8.750874,82800,83739.43
2025-07-09 11:41:00,ATM-9,PUT,103.7,103.7,103.2,103.5,520,88600,10.491718,82800,83739.43
2025-07-09 11:41:00,ATM-8,CALL,1047.05,1047.05,1047.05,1047.05,0,3680,8.539183,82900,83739.43
2025-07-09 11:41:00,ATM-8,PUT,119.7,120.35,119.7,120,1760,71960,10.428692,82900,83739.43
2025-07-09 11:41:00,ATM-7,CALL,967.45,967.45,967.45,967.45,0,40760,8.697025,83000,83739.43
2025-07-09 11:41:00,ATM-7,PUT,139,139.5,138.35,139.5,2640,238400,10.391947,83000,83739.43
2025-07-09 11:41:00,ATM-6,CALL,889.55,889.55,889.55,889.55,0,7440,8.79002,83100,83739.43
2025-07-09 11:41:00,ATM-6,PUT,160.15,160.85,159.95,160.85,320,80400,10.336922,83100,83739.43
2025-07-09 11:41:00,ATM-5,CALL,819.4,819.4,819.4,819.4,40,11920,8.991338,83200,83739.43
2025-07-09 11:41:00,ATM-5,PUT,184.5,185.05,184.1,185,740,98520,10.287945,83200,83739.43
2025-07-09 11:41:00,ATM-4,CALL,748.5,749.05,746.6,747.15,160,40580,9.033379,83300,83739.43
2025-07-09 11:41:00,ATM-4,PUT,212,212.75,211.25,212.75,300,267680,10.260333,83300,83739.43
2025-07-09 11:41:00,ATM-3,CALL,678.6,679,675.85,675.85,800,52440,9.005929,83400,83739.43
2025-07-09 11:41:00,ATM-3,PUT,242.9,243.35,242.25,243.35,440,136400,10.227833,83400,83739.43
2025-07-09 11:41:00,ATM-2,CALL,613,614.75,609.6,609.6,3000,375660,9.016609,83500,83739.43
2025-07-09 11:41:00,ATM-2,PUT,276.65,277,275,276.8,1840,495640,10.187242,83500,83739.43
2025-07-09 11:41:00,ATM-1,CALL,546.35,550.8,546.35,546.35,3560,257900,9.007657,83600,83739.43
2025-07-09 11:41:00,ATM-1,PUT,313.2,314.75,312.3,314.75,4260,410580,10.175282,83600,83739.43
2025-07-09 11:41:00,ATM,CALL,490.9,493.55,489.25,489.4,7700,276160,9.055279,83700,83739.43
2025-07-09 11:41:00,ATM,PUT,356,357.5,355.05,357.15,4240,302000,10.18623,83700,83739.43
2025-07-09 11:41:00,ATM+1,CALL,434.9,438.85,434.9,435.55,7440,215940,9.080769,83800,83739.43
2025-07-09 11:41:00,ATM+1,PUT,401.55,403.45,400.15,402.7,3580,194420,10.187603,83800,83739.43
2025-07-09 11:41:00,ATM+2,CALL,384.5,387.95,384.5,384.75,3680,130600,9.083592,83900,83739.43
2025-07-09 11:41:00,ATM+2,PUT,450.75,452.7,450,451.95,800,68440,10.191698,83900,83739.43
2025-07-09 11:41:00,ATM+3,CALL,338.1,341.4,338,338,3740,292160,9.087159,84000,83739.43
2025-07-09 11:41:00,ATM+3,PUT,503.3,506.05,502.25,505,1140,123380,10.200847,84000,83739.43
2025-07-09 11:41:00,ATM+4,CALL,297.55,299.15,295.65,295.65,960,80340,9.100679,84100,83739.43
2025-07-09 11:41:00,ATM+4,PUT,561.1,562.35,561.1,561.25,300,18200,10.201887,84100,83739.43
2025-07-09 11:41:00,ATM+5,CALL,257.9,260,257.5,257.5,1040,103640,9.122028,84200,83739.43
2025-07-09 11:41:00,ATM+5,PUT,621,622.25,621,622.25,520,14500,10.232962,84200,83739.43
2025-07-09 11:41:00,ATM+6,CALL,222.25,224.7,222,222,1280,81300,9.116339,84300,83739.43
2025-07-09 11:41:00,ATM+6,PUT,686.65,688,686.65,688,280,6400,10.298702,84300,83739.43
2025-07-09 11:41:00,ATM+7,CALL,191.55,193.2,190.85,190.85,3240,96040,9.128846,84400,83739.43
2025-07-09 11:41:00,ATM+7,PUT,755,755,755,755,20,6480,10.316841,84400,83739.43
2025-07-09 11:41:00,ATM+8,CALL,163.65,165.4,163,163.25,6780,234120,9.145125,84500,83739.43
2025-07-09 11:41:00,ATM+8,PUT,826,826,826,826,200,39420,10.359003,84500,83739.43
2025-07-09 11:41:00,ATM+9,CALL,140,141.1,139.9,139.95,2360,80260,9.194283,84600,83739.43
2025-07-09 11:41:00,ATM+9,PUT,905,905,905,905,0,1540,10.353493,84600,83739.43
2025-07-09 11:41:00,ATM+10,CALL,118.25,119.45,117.7,117.7,2100,92940,9.187276,84700,83739.43
2025-07-09 11:41:00,ATM+10,PUT,974,974,974,974,0,1300,10.376909,84700,83739.43
2025-07-09 11:42:00,ATM-10,CALL,1239.1,1239.1,1239.1,1239.1,0,2100,9.192255,82700,83737.38
2025-07-09 11:42:00,ATM-10,PUT,89.85,90.15,89.65,90,560,78480,10.583639,82700,83737.38
2025-07-09 11:42:00,ATM-9,CALL,1130.8,1130.8,1130.8,1130.8,0,3020,8.750874,82800,83737.38
2025-07-09 11:42:00,ATM-9,PUT,103.5,104.05,103.5,103.75,360,88500,10.488686,82800,83737.38
2025-07-09 11:42:00,ATM-8,CALL,1047.05,1047.05,1047.05,1047.05,0,3680,8.539183,82900,83737.38
2025-07-09 11:42:00,ATM-8,PUT,120.1,120.4,119.45,119.85,1520,71760,10.41089,82900,83737.38
2025-07-09 11:42:00,ATM-7,CALL,972.05,972.05,970.6,970.6,40,40700,8.848335,83000,83737.38
2025-07-09 11:42:00,ATM-7,PUT,139.3,139.75,139,139,1500,236080,10.362824,83000,83737.38
2025-07-09 11:42:00,ATM-6,CALL,889.55,889.55,889.55,889.55,0,7440,8.79002,83100,83737.38
2025-07-09 11:42:00,ATM-6,PUT,160.35,161,160,160.5,880,80540,10.312486,83100,83737.38
2025-07-09 11:42:00,ATM-5,CALL,816,816,816,816,240,12080,8.937755,83200,83737.38
2025-07-09 11:42:00,ATM-5,PUT,185.1,185.4,183.95,183.95,920,98400,10.243784,83200,83737.38
2025-07-09 11:42:00,ATM-4,CALL,743.55,744.65,742.05,742.05,200,41160,8.934532,83300,83737.38
2025-07-09 11:42:00,ATM-4,PUT,212.1,213.05,212.1,212.6,1020,268680,10.240583,83300,83737.38
2025-07-09 11:42:00,ATM-3,CALL,676.85,677.75,675,675.7,2220,52220,9.039654,83400,83737.38
2025-07-09 11:42:00,ATM-3,PUT,243,243.7,242.5,242.55,560,135180,10.19079,83400,83737.38
2025-07-09 11:42:00,ATM-2,CALL,610.5,611.3,608.55,608.55,2860,383440,9.024556,83500,83737.38
2025-07-09 11:42:00,ATM-2,PUT,276.4,277.5,276,276.5,5860,495700,10.162082,83500,83737.38
2025-07-09 11:42:00,ATM-1,CALL,546.95,548.4,545.2,546.15,3500,256140,9.033875,83600,83737.38
2025-07-09 11:42:00,ATM-1,PUT,314.4,315,313,315,4260,411380,10.162235,83600,83737.38
2025-07-09 11:42:00,ATM,CALL,489,491.85,488.15,489.05,4760,273720,9.075423,83700,83737.38
2025-07-09 11:42:00,ATM,PUT,357.85,358.2,356.35,357.25,6660,298900,10.168233,83700,83737.38
2025-07-09 11:42:00,ATM+1,CALL,435.8,437.5,434.2,435.8,5020,222600,9.112603,83800,83737.38
2025-07-09 11:42:00,ATM+1,PUT,403.5,404.25,402.2,403.05,4160,191020,10.173884,83800,83737.38
2025-07-09 11:42:00,ATM+2,CALL,384.85,386.85,383.5,384.75,4080,131780,9.107636,83900,83737.38
2025-07-09 11:42:00,ATM+2,PUT,451.95,453.85,451.35,451.75,1060,68340,10.163635,83900,83737.38
2025-07-09 11:42:00,ATM+3,CALL,337.85,339.45,335.95,337,7020,294020,9.086233,84000,83737.38
2025-07-09 11:42:00,ATM+3,PUT,505.45,506.4,504.6,505,920,122020,10.175556,84000,83737.38
2025-07-09 11:42:00,ATM+4,CALL,296.05,297.1,294.7,296,1180,82520,9.129653,84100,83737.38
2025-07-09 11:42:00,ATM+4,PUT,563.15,563.25,563.15,563.25,40,17900,10.221483,84100,83737.38
2025-07-09 11:42:00,ATM+5,CALL,257.35,258.25,256,256,520,106240,9.105023,84200,83737.38
2025-07-09 11:42:00,ATM+5,PUT,625,625,625,625,20,14440,10.269233,84200,83737.38
2025-07-09 11:42:00,ATM+6,CALL,222.6,223.65,221.85,221.85,920,83120,9.13067,84300,83737.38
2025-07-09 11:42:00,ATM+6,PUT,689.15,689.15,689.15,689.15,20,6440,10.294874,84300,83737.38
2025-07-09 11:42:00,ATM+7,CALL,191.4,192.3,189.8,190.9,1720,95840,9.147163,84400,83737.38
2025-07-09 11:42:00,ATM+7,PUT,755,755,755,755,0,6480,10.316841,84400,83737.38
2025-07-09 11:42:00,ATM+8,CALL,163.75,164.9,162.6,163,4460,229760,9.154184,84500,83737.38
2025-07-09 11:42:00,ATM+8,PUT,826,826,826,826,0,39420,10.359003,84500,83737.38
2025-07-09 11:42:00,ATM+9,CALL,139.95,140.25,138.75,138.9,1980,78080,9.178283,84600,83737.38
2025-07-09 11:42:00,ATM+9,PUT,905,905,905,905,0,1540,10.353493,84600,83737.38
2025-07-09 11:42:00,ATM+10,CALL,118.15,118.85,117.1,118,2920,92520,9.211203,84700,83737.38
2025-07-09 11:42:00,ATM+10,PUT,974,974,974,974,0,1300,10.376909,84700,83737.38
2025-07-09 11:43:00,ATM-10,CALL,1239.1,1239.1,1239.1,1239.1,0,2100,9.192255,82700,83735.14
2025-07-09 11:43:00,ATM-10,PUT,90.05,92.1,90.05,90.9,4760,78480,10.60629,82700,83735.14
2025-07-09 11:43:00,ATM-9,CALL,1130,1130,1130,1130,100,3000,8.523688,82800,83735.14
2025-07-09 11:43:00,ATM-9,PUT,105.3,105.9,104.6,104.6,1540,88500,10.506264,82800,83735.14
2025-07-09 11:43:00,ATM-8,CALL,1019.4,1019.4,1019.4,1019.4,960,3640,7.463058,82900,83735.14
2025-07-09 11:43:00,ATM-8,PUT,120.05,122.75,119.8,121.2,2440,71760,10.442434,82900,83735.14
2025-07-09 11:43:00,ATM-7,CALL,968.2,968.2,959.05,959.05,200,40700,8.501824,83000,83735.14
2025-07-09 11:43:00,ATM-7,PUT,139.25,142.4,139,140.4,6320,236080,10.392109,83000,83735.14
2025-07-09 11:43:00,ATM-6,CALL,890.45,890.45,884.85,884.85,60,7420,8.731167,83100,83735.14
2025-07-09 11:43:00,ATM-6,PUT,160.65,163.9,160.4,162.25,2020,80540,10.348563,83100,83735.14
2025-07-09 11:43:00,ATM-5,CALL,814.6,814.6,805.7,811.15,260,12080,8.845436,83200,83735.14
2025-07-09 11:43:00,ATM-5,PUT,184.5,188.8,184.5,186.65,3540,98400,10.302604,83200,83735.14
2025-07-09 11:43:00,ATM-4,CALL,745.45,745.45,728.6,736.85,1260,41160,8.836552,83300,83735.14
2025-07-09 11:43:00,ATM-4,PUT,212.05,216.85,212.05,214.8,4420,268680,10.281472,83300,83735.14
2025-07-09 11:43:00,ATM-3,CALL,675,676,659.5,670.05,5300,52220,8.933503,83400,83735.14
2025-07-09 11:43:00,ATM-3,PUT,243.35,248,243,245,3240,135180,10.234555,83400,83735.14
2025-07-09 11:43:00,ATM-2,CALL,608.95,610.65,595.9,604.6,11560,383440,8.963388,83500,83735.14
2025-07-09 11:43:00,ATM-2,PUT,276.95,282.8,276.3,279,18340,495700,10.203759,83500,83735.14
2025-07-09 11:43:00,ATM-1,CALL,547.45,547.45,532.65,540.1,12660,256140,8.922256,83600,83735.14
2025-07-09 11:43:00,ATM-1,PUT,314.7,320.9,314,317.4,14560,411380,10.198568,83600,83735.14
2025-07-09 11:43:00,ATM,CALL,489.2,490,476.3,483.15,19420,273720,8.967935,83700,83735.14
2025-07-09 11:43:00,ATM,PUT,357.6,364,356.4,360.7,16980,298900,10.22656,83700,83735.14
2025-07-09 11:43:00,ATM+1,CALL,435.85,436.05,423.15,430.25,21740,222600,9.012593,83800,83735.14
2025-07-09 11:43:00,ATM+1,PUT,403,410,402.9,406.55,15980,191020,10.230875,83800,83735.14
2025-07-09 11:43:00,ATM+2,CALL,383.5,385,372.95,380,15840,131780,9.024311,83900,83735.14
2025-07-09 11:43:00,ATM+2,PUT,452.35,461.1,452.35,456.75,8340,68340,10.253174,83900,83735.14
2025-07-09 11:43:00,ATM+3,CALL,336.85,338.1,327.1,333.45,20680,294020,9.028074,84000,83735.14
2025-07-09 11:43:00,ATM+3,PUT,506,514.95,505.3,508.4,5240,122020,10.22662,84000,83735.14
2025-07-09 11:43:00,ATM+4,CALL,296.15,296.15,286.1,289.95,6400,82520,9.009366,84100,83735.14
2025-07-09 11:43:00,ATM+4,PUT,568.6,571.6,568.6,570,340,17900,10.350005,84100,83735.14
2025-07-09 11:43:00,ATM+5,CALL,256.3,257.1,247.9,252.9,7940,106240,9.050852,84200,83735.14
2025-07-09 11:43:00,ATM+5,PUT,624.15,632.95,623,629.65,880,14440,10.348265,84200,83735.14
2025-07-09 11:43:00,ATM+6,CALL,221.85,222,214.55,218.45,6580,83120,9.064792,84300,83735.14
2025-07-09 11:43:00,ATM+6,PUT,687.85,700,687.85,700,100,6440,10.527013,84300,83735.14
2025-07-09 11:43:00,ATM+7,CALL,190.7,190.7,184.15,187.45,4620,95840,9.074679,84400,83735.14
2025-07-09 11:43:00,ATM+7,PUT,755,755,755,755,0,6480,10.316841,84400,83735.14
2025-07-09 11:43:00,ATM+8,CALL,163,163.8,157,160.1,9560,229760,9.090687,84500,83735.14
2025-07-09 11:43:00,ATM+8,PUT,830,841,830,838.6,220,39380,10.61436,84500,83735.14
2025-07-09 11:43:00,ATM+9,CALL,138.5,138.95,133.2,135.9,4640,78080,9.105363,84600,83735.14
2025-07-09 11:43:00,ATM+9,PUT,915,915,915,915,20,1540,10.736376,84600,83735.14
2025-07-09 11:43:00,ATM+10,CALL,117.55,117.9,112.7,115.4,10220,92520,9.143426,84700,83735.14
2025-07-09 11:43:00,ATM+10,PUT,974,974,974,974,0,1300,10.376909,84700,83735.14
2025-07-09 11:44:00,ATM-10,CALL,1239.1,1239.1,1239.1,1239.1,0,2100,9.192255,82700,83720.33
2025-07-09 11:44:00,ATM-10,PUT,90.65,91.2,90.6,91.2,2680,78480,10.530609,82700,83720.33
2025-07-09 11:44:00,ATM-9,CALL,1130,1130,1130,1130,0,3000,8.523688,82800,83720.33
2025-07-09 11:44:00,ATM-9,PUT,104.8,105.05,104.4,105,440,88500,10.429564,82800,83720.33
2025-07-09 11:44:00,ATM-8,CALL,1019.4,1019.4,1019.4,1019.4,0,3640,7.463058,82900,83720.33
2025-07-09 11:44:00,ATM-8,PUT,121.15,121.6,120.7,120.7,1320,71760,10.330254,82900,83720.33
2025-07-09 11:44:00,ATM-7,CALL,964.2,964.2,964.2,964.2,80,40700,9.109916,83000,83720.33
2025-07-09 11:44:00,ATM-7,PUT,140.75,141.05,140.3,140.75,2620,236080,10.3029,83000,83720.33
2025-07-09 11:44:00,ATM-6,CALL,884.85,884.85,884.85,884.85,0,7420,8.731167,83100,83720.33
2025-07-09 11:44:00,ATM-6,PUT,161.6,162.25,161.5,162.05,400,80540,10.237362,83100,83720.33
2025-07-09 11:44:00,ATM-5,CALL,811.75,813.05,809.55,809.55,320,12080,9.127193,83200,83720.33
2025-07-09 11:44:00,ATM-5,PUT,186.55,186.85,186.05,186.6,660,98400,10.190172,83200,83720.33
2025-07-09 11:44:00,ATM-4,CALL,739.55,741,738,738,440,41160,9.161916,83300,83720.33
2025-07-09 11:44:00,ATM-4,PUT,214,215.15,213.75,215.15,1620,268680,10.173256,83300,83720.33
2025-07-09 11:44:00,ATM-3,CALL,670.5,671.45,669.3,670,1540,52220,9.195779,83400,83720.33
2025-07-09 11:44:00,ATM-3,PUT,244.7,245.45,244,245,2200,135180,10.110174,83400,83720.33
2025-07-09 11:44:00,ATM-2,CALL,605,606.2,603.35,603.8,3520,383440,9.182166,83500,83720.33
2025-07-09 11:44:00,ATM-2,PUT,278.6,280.5,278.5,279.55,6560,495700,10.085033,83500,83720.33
2025-07-09 11:44:00,ATM-1,CALL,542,543.45,540.95,540.95,3000,256140,9.159949,83600,83720.33
2025-07-09 11:44:00,ATM-1,PUT,316.55,318.25,316.1,317.4,5220,411380,10.057733,83600,83720.33
2025-07-09 11:44:00,ATM,CALL,484.8,486.55,483.05,483.2,8340,273720,9.167619,83700,83720.33
2025-07-09 11:44:00,ATM,PUT,360.3,361.1,358.8,360.75,7440,298900,10.077187,83700,83720.33
2025-07-09 11:44:00,ATM+1,CALL,431.1,433.2,429.8,429.8,8300,222600,9.1844,83800,83720.33
2025-07-09 11:44:00,ATM+1,PUT,404.7,406.75,404.3,406,5740,191020,10.056897,83800,83720.33
2025-07-09 11:44:00,ATM+2,CALL,380.2,382.45,378.9,379,4060,131780,9.169247,83900,83720.33
2025-07-09 11:44:00,ATM+2,PUT,454.35,456.6,454.35,456.6,4780,68340,10.07647,83900,83720.33
2025-07-09 11:44:00,ATM+3,CALL,333.9,335,332.95,333,4960,294020,9.173091,84000,83720.33
2025-07-09 11:44:00,ATM+3,PUT,509.45,510.6,507.55,509.95,1980,122020,10.075907,84000,83720.33
2025-07-09 11:44:00,ATM+4,CALL,291.15,292.5,290.35,290.35,1120,82520,9.163177,84100,83720.33
2025-07-09 11:44:00,ATM+4,PUT,565.05,567.25,565,565,120,17900,10.030807,84100,83720.33
2025-07-09 11:44:00,ATM+5,CALL,253,254.15,251.85,251.85,820,106240,9.159878,84200,83720.33
2025-07-09 11:44:00,ATM+5,PUT,629.65,629.65,629.65,629.65,0,14440,10.348265,84200,83720.33
2025-07-09 11:44:00,ATM+6,CALL,218.15,219.45,217,218.1,900,83120,9.181801,84300,83720.33
2025-07-09 11:44:00,ATM+6,PUT,691.6,691.6,691.6,691.6,80,6440,10.082551,84300,83720.33
2025-07-09 11:44:00,ATM+7,CALL,188,188.35,186.45,186.45,1260,95840,9.166168,84400,83720.33
2025-07-09 11:44:00,ATM+7,PUT,755,755,755,755,0,6480,10.316841,84400,83720.33
2025-07-09 11:44:00,ATM+8,CALL,160.5,161.45,159.25,159.75,3680,229760,9.191877,84500,83720.33
2025-07-09 11:44:00,ATM+8,PUT,835.8,837.05,835,837.05,220,39380,10.293069,84500,83720.33
2025-07-09 11:44:00,ATM+9,CALL,136.85,136.85,135.8,135.8,980,78080,9.207067,84600,83720.33
2025-07-09 11:44:00,ATM+9,PUT,915,915,915,915,0,1540,10.736376,84600,83720.33
2025-07-09 11:44:00,ATM+10,CALL,115.75,116.15,114.7,114.75,2180,92520,9.22151,84700,83720.33
2025-07-09 11:44:00,ATM+10,PUT,974,974,974,974,0,1300,10.376909,84700,83720.33
2025-07-09 11:45:00,ATM-10,CALL,1239.1,1239.1,1239.1,1239.1,0,2100,9.192255,82700,83720.23
2025-07-09 11:45:00,ATM-10,PUT,91.2,92.7,91.2,91.45,8180,79420,10.540271,82700,83720.23
2025-07-09 11:45:00,ATM-9,CALL,1130,1130,1130,1130,0,3000,8.523688,82800,83720.23
2025-07-09 11:45:00,ATM-9,PUT,105.8,106.8,105.35,105.7,620,88500,10.454681,82800,83720.23
2025-07-09 11:45:00,ATM-8,CALL,1037.8,1037.8,1037.8,1037.8,20,3640,8.798687,82900,83720.23
2025-07-09 11:45:00,ATM-8,PUT,122.4,123.8,121.85,122.4,2320,71580,10.387007,82900,83720.23
2025-07-09 11:45:00,ATM-7,CALL,961.15,961.15,961.15,961.15,560,40700,9.009736,83000,83720.23
2025-07-09 11:45:00,ATM-7,PUT,140.75,143,140.75,140.95,14300,235100,10.308933,83000,83720.23
2025-07-09 11:45:00,ATM-6,CALL,880,887.8,880,887.8,80,7400,9.198239,83100,83720.23
2025-07-09 11:45:00,ATM-6,PUT,162.25,164.1,162,162,1260,80420,10.235643,83100,83720.23
2025-07-09 11:45:00,ATM-5,CALL,802.45,817.25,802.45,817.25,200,11860,9.351806,83200,83720.23
2025-07-09 11:45:00,ATM-5,PUT,186.4,189.2,186.25,186.6,3060,98040,10.189871,83200,83720.23
2025-07-09 11:45:00,ATM-4,CALL,737.95,745.15,729.75,745.15,940,41060,9.358004,83300,83720.23
2025-07-09 11:45:00,ATM-4,PUT,214.35,217.65,214.35,214.75,3360,269040,10.162372,83300,83720.23
2025-07-09 11:45:00,ATM-3,CALL,670.8,675,663.15,674.95,1440,52320,9.32546,83400,83720.23
2025-07-09 11:45:00,ATM-3,PUT,245.35,248.5,244.85,245.1,2760,134900,10.112289,83400,83720.23
2025-07-09 11:45:00,ATM-2,CALL,603.4,609.7,596.1,607.6,5980,382700,9.278209,83500,83720.23
2025-07-09 11:45:00,ATM-2,PUT,279.15,283,278.7,278.7,9900,497420,10.06382,83500,83720.23
2025-07-09 11:45:00,ATM-1,CALL,541.5,546.65,534.15,544.25,7100,255540,9.240989,83600,83720.23
2025-07-09 11:45:00,ATM-1,PUT,316.9,321.55,316.7,316.7,7780,412960,10.040556,83600,83720.23
2025-07-09 11:45:00,ATM,CALL,483.85,489,477.75,489,14880,275020,9.305255,83700,83720.23
2025-07-09 11:45:00,ATM,PUT,359.75,364.4,359.15,359.4,26240,302020,10.045072,83700,83720.23
2025-07-09 11:45:00,ATM+1,CALL,430.8,435,423.55,434.05,14360,218020,9.284529,83800,83720.23
2025-07-09 11:45:00,ATM+1,PUT,406.35,410,405,405.2,11660,192160,10.037711,83800,83720.23
2025-07-09 11:45:00,ATM+2,CALL,380.35,384.55,373.9,383.4,8180,132130,9.272555,83900,83720.23
2025-07-09 11:45:00,ATM+2,PUT,456.05,461.5,454.8,455.1,4560,69420,10.041074,83900,83720.23
2025-07-09 11:45:00,ATM+3,CALL,333.55,337.5,327.7,336.85,12240,292020,9.264345,84000,83720.23
2025-07-09 11:45:00,ATM+3,PUT,509.25,514.5,507.65,507.75,6060,123060,10.023915,84000,83720.23
2025-07-09 11:45:00,ATM+4,CALL,290.6,295,285.55,294,3500,82560,9.251245,84100,83720.23
2025-07-09 11:45:00,ATM+4,PUT,570,572.45,565.5,566.7,240,17900,10.069849,84100,83720.23
2025-07-09 11:45:00,ATM+5,CALL,252.25,256.6,247.4,256.3,5180,105560,9.269789,84200,83720.23
2025-07-09 11:45:00,ATM+5,PUT,630,632.7,623.8,623.8,1560,14380,9.98776,84200,83720.23
2025-07-09 11:45:00,ATM+6,CALL,218.7,221.05,213.85,221.05,5800,84100,9.257875,84300,83720.23
2025-07-09 11:45:00,ATM+6,PUT,691.6,691.6,691.6,691.6,0,6440,10.082551,84300,83720.23
2025-07-09 11:45:00,ATM+7,CALL,187.2,190.2,183,190.2,3700,97000,9.26702,84400,83720.23
2025-07-09 11:45:00,ATM+7,PUT,763.75,763.75,763.75,763.75,20,6480,10.207955,84400,83720.23
2025-07-09 11:45:00,ATM+8,CALL,160.1,162.85,156.8,162.2,10200,227760,9.262003,84500,83720.23
2025-07-09 11:45:00,ATM+8,PUT,840,840,833.55,833.65,120,39380,10.199555,84500,83720.23
2025-07-09 11:45:00,ATM+9,CALL,135.65,138.2,132.8,137.75,1700,78280,9.266858,84600,83720.23
2025-07-09 11:45:00,ATM+9,PUT,915,915,915,915,0,1540,10.736376,84600,83720.23
2025-07-09 11:45:00,ATM+10,CALL,114.8,116.45,112.25,116.45,2320,92820,9.277746,84700,83720.23
2025-07-09 11:45:00,ATM+10,PUT,1010,1010,1010,1010,1000,1580,11.005194,84700,83720.23
2025-07-09 11:46:00,ATM-10,CALL,1239.1,1239.1,1239.1,1239.1,0,2100,9.192255,82700,83717.5
2025-07-09 11:46:00,ATM-10,PUT,91.3,92.35,91.3,91.85,2160,79420,10.540105,82700,83717.5
2025-07-09 11:46:00,ATM-9,CALL,1130,1130,1130,1130,0,3000,8.523688,82800,83717.5
2025-07-09 11:46:00,ATM-9,PUT,105.55,106.6,105.55,106,1340,88500,10.449012,82800,83717.5
2025-07-09 11:46:00,ATM-8,CALL,1037.8,1037.8,1037.8,1037.8,0,3640,8.798687,82900,83717.5
2025-07-09 11:46:00,ATM-8,PUT,122.2,122.7,121.7,122.4,1320,71580,10.369744,82900,83717.5
2025-07-09 11:46:00,ATM-7,CALL,966.1,966.1,963.95,963.95,360,40700,9.180696,83000,83717.5
2025-07-09 11:46:00,ATM-7,PUT,141.25,142.4,141.25,141.65,4840,235100,10.312616,83000,83717.5
2025-07-09 11:46:00,ATM-6,CALL,890,890,887.3,887.3,120,7400,9.249369,83100,83717.5
2025-07-09 11:46:00,ATM-6,PUT,162.95,163.55,162.75,162.75,820,80420,10.238515,83100,83717.5
2025-07-09 11:46:00,ATM-5,CALL,811.9,811.9,811.9,811.9,40,11860,9.257633,83200,83717.5
2025-07-09 11:46:00,ATM-5,PUT,186.8,188.1,186.8,187.55,1420,98040,10.195986,83200,83717.5
2025-07-09 11:46:00,ATM-4,CALL,742.2,742.85,738.8,738.8,1040,41060,9.239975,83300,83717.5
2025-07-09 11:46:00,ATM-4,PUT,214.9,216.2,214.9,215.15,2100,269040,10.151546,83300,83717.5
2025-07-09 11:46:00,ATM-3,CALL,675.2,675.2,669,670,2300,52320,9.246755,83400,83717.5
2025-07-09 11:46:00,ATM-3,PUT,245.95,246.9,245.55,245.95,1320,134900,10.11108,83400,83717.5
2025-07-09 11:46:00,ATM-2,CALL,609.4,609.4,602.6,602.9,5320,382700,9.206379,83500,83717.5
2025-07-09 11:46:00,ATM-2,PUT,279.5,281,279.5,280.1,7740,497420,10.07385,83500,83717.5
2025-07-09 11:46:00,ATM-1,CALL,544.3,544.6,538.85,540,4620,255540,9.179663,83600,83717.5
2025-07-09 11:46:00,ATM-1,PUT,317.55,319.45,317.55,318.85,3700,412960,10.065881,83600,83717.5
2025-07-09 11:46:00,ATM,CALL,488.75,488.75,482,483.25,12240,275020,9.207685,83700,83717.5
2025-07-09 11:46:00,ATM,PUT,360,362,360,360.85,7440,302020,10.05133,83700,83717.5
2025-07-09 11:46:00,ATM+1,CALL,434.8,434.8,428.3,428.3,8600,218020,9.185582,83800,83717.5
2025-07-09 11:46:00,ATM+1,PUT,405.4,408,405.4,407.7,6360,192160,10.065865,83800,83717.5
2025-07-09 11:46:00,ATM+2,CALL,384.15,384.15,378,378,8280,132130,9.179328,83900,83717.5
2025-07-09 11:46:00,ATM+2,PUT,455.4,457.95,455.4,456.95,2720,69420,10.051887,83900,83717.5
2025-07-09 11:46:00,ATM+3,CALL,336.8,336.8,331,332.15,13380,292020,9.184096,84000,83717.5
2025-07-09 11:46:00,ATM+3,PUT,508.25,510.6,508.25,510.25,2340,123060,10.047576,84000,83717.5
2025-07-09 11:46:00,ATM+4,CALL,294,294,288.95,290,4180,82560,9.183555,84100,83717.5
2025-07-09 11:46:00,ATM+4,PUT,565.2,567.35,565.2,566.85,120,17900,10.036135,84100,83717.5
2025-07-09 11:46:00,ATM+5,CALL,256,256,251.2,251.75,3000,105560,9.184238,84200,83717.5
2025-07-09 11:46:00,ATM+5,PUT,628.65,628.65,627.4,628.3,120,14380,10.055906,84200,83717.5
2025-07-09 11:46:00,ATM+6,CALL,219.8,219.8,216.3,217.4,3080,84100,9.189218,84300,83717.5
2025-07-09 11:46:00,ATM+6,PUT,693.65,693.65,693,693.6,120,6700,10.086966,84300,83717.5
2025-07-09 11:46:00,ATM+7,CALL,188.55,188.8,185.95,186.25,1420,97000,9.184483,84400,83717.5
2025-07-09 11:46:00,ATM+7,PUT,763.75,763.75,763.75,763.75,0,6480,10.207955,84400,83717.5
2025-07-09 11:46:00,ATM+8,CALL,162,162,158.85,159.25,7040,227760,9.200117,84500,83717.5
2025-07-09 11:46:00,ATM+8,PUT,834,835.35,833.05,834.4,560,39380,10.167251,84500,83717.5
2025-07-09 11:46:00,ATM+9,CALL,136.85,137.1,135,135.35,780,78280,9.214642,84600,83717.5
2025-07-09 11:46:00,ATM+9,PUT,911.7,911.7,911.7,911.7,360,1540,10.27938,84600,83717.5
2025-07-09 11:46:00,ATM+10,CALL,115.95,116.1,113.8,114.4,1980,92820,9.230176,84700,83717.5
2025-07-09 11:46:00,ATM+10,PUT,988.5,988.5,988.5,988.5,360,1580,10.304139,84700,83717.5
2025-07-09 11:47:00,ATM-10,CALL,1239.1,1239.1,1239.1,1239.1,0,2100,9.192255,82700,83719.22
2025-07-09 11:47:00,ATM-10,PUT,91.6,91.7,91.05,91.7,2240,79420,10.545006,82700,83719.22
2025-07-09 11:47:00,ATM-9,CALL,1127.85,1127.85,1127.85,1127.85,20,3000,9.039515,82800,83719.22
2025-07-09 11:47:00,ATM-9,PUT,105.35,105.6,105,105.6,1160,88500,10.445786,82800,83719.22
2025-07-09 11:47:00,ATM-8,CALL,1037.8,1037.8,1037.8,1037.8,0,3640,8.798687,82900,83719.22
2025-07-09 11:47:00,ATM-8,PUT,122,122.5,122,122.4,800,71580,10.381406,82900,83719.22
2025-07-09 11:47:00,ATM-7,CALL,962.95,965.95,962.95,965.95,40,40700,9.20219,83000,83719.22
2025-07-09 11:47:00,ATM-7,PUT,141.8,141.8,140.95,141.5,3080,235100,10.320146,83000,83719.22
2025-07-09 11:47:00,ATM-6,CALL,887.3,887.3,887.3,887.3,0,7400,9.249369,83100,83719.22
2025-07-09 11:47:00,ATM-6,PUT,163.05,163.05,162.85,162.85,100,80420,10.254232,83100,83719.22
2025-07-09 11:47:00,ATM-5,CALL,807.65,807.65,807.65,807.65,20,11860,9.098861,83200,83719.22
2025-07-09 11:47:00,ATM-5,PUT,187.4,188,187.35,188,240,98040,10.221882,83200,83719.22
2025-07-09 11:47:00,ATM-4,CALL,738.25,738.25,735.45,735.45,160,41060,9.116739,83300,83719.22
2025-07-09 11:47:00,ATM-4,PUT,215.05,215.55,214.65,215.55,360,269040,10.176257,83300,83719.22
2025-07-09 11:47:00,ATM-3,CALL,668.85,671.05,667.3,667.3,400,52320,9.148113,83400,83719.22
2025-07-09 11:47:00,ATM-3,PUT,246.1,246.7,245.55,246.7,660,134900,10.145002,83400,83719.22
2025-07-09 11:47:00,ATM-2,CALL,603.7,604.8,600.95,600.95,3180,382700,9.131772,83500,83719.22
2025-07-09 11:47:00,ATM-2,PUT,280.1,281.4,279.4,281.4,9820,497420,10.121449,83500,83719.22
2025-07-09 11:47:00,ATM-1,CALL,538.7,542,538.3,538.7,2440,255540,9.124476,83600,83719.22
2025-07-09 11:47:00,ATM-1,PUT,318.35,319.4,317.3,319.4,3000,412960,10.095854,83600,83719.22
2025-07-09 11:47:00,ATM,CALL,483.15,485.25,482,482,4860,275020,9.156442,83700,83719.22
2025-07-09 11:47:00,ATM,PUT,361.1,362,360,361.55,8340,302020,10.085693,83700,83719.22
2025-07-09 11:47:00,ATM+1,CALL,429.25,431,428,428,5580,218020,9.158447,83800,83719.22
2025-07-09 11:47:00,ATM+1,PUT,407.75,408.8,406.45,407.85,3140,192160,10.088622,83800,83719.22
2025-07-09 11:47:00,ATM+2,CALL,378.2,380,377.55,378.05,1900,132130,9.16188,83900,83719.22
2025-07-09 11:47:00,ATM+2,PUT,458.05,458.15,456.2,457.85,1320,69420,10.093342,83900,83719.22
2025-07-09 11:47:00,ATM+3,CALL,331.75,333.6,331.25,331.25,3280,292020,9.14597,84000,83719.22
2025-07-09 11:47:00,ATM+3,PUT,511,511.2,509.35,511.2,820,123060,10.091908,84000,83719.22
2025-07-09 11:47:00,ATM+4,CALL,289.9,291.4,288.7,288.85,2180,82560,9.140368,84100,83719.22
2025-07-09 11:47:00,ATM+4,PUT,568.55,568.55,568.55,568.55,40,17900,10.100263,84100,83719.22
2025-07-09 11:47:00,ATM+5,CALL,251,253.1,250.05,250.1,860,105560,9.129188,84200,83719.22
2025-07-09 11:47:00,ATM+5,PUT,629.4,630,627.65,630,420,14380,10.12296,84200,83719.22
2025-07-09 11:47:00,ATM+6,CALL,218.5,218.5,216.25,216.25,880,84100,9.146262,84300,83719.22
2025-07-09 11:47:00,ATM+6,PUT,693.6,693.6,693.6,693.6,0,6700,10.086966,84300,83719.22
2025-07-09 11:47:00,ATM+7,CALL,185.8,187,185.2,185.2,520,97000,9.143639,84400,83719.22
2025-07-09 11:47:00,ATM+7,PUT,763.75,763.75,763.75,763.75,0,6480,10.207955,84400,83719.22
2025-07-09 11:47:00,ATM+8,CALL,159.25,160.3,158.65,158.65,1800,227760,9.171092,84500,83719.22
2025-07-09 11:47:00,ATM+8,PUT,834.05,834.05,834.05,834.05,80,39380,10.191372,84500,83719.22
2025-07-09 11:47:00,ATM+9,CALL,135.2,136.35,134.85,134.85,560,78280,9.188179,84600,83719.22
2025-07-09 11:47:00,ATM+9,PUT,911.7,911.7,911.7,911.7,0,1540,10.27938,84600,83719.22
2025-07-09 11:47:00,ATM+10,CALL,114.55,115.05,114,114,840,92820,9.206423,84700,83719.22
2025-07-09 11:47:00,ATM+10,PUT,988.5,988.5,988.5,988.5,0,1580,10.304139,84700,83719.22
2025-07-09 11:48:00,ATM-10,CALL,1239.1,1239.1,1239.1,1239.1,0,2100,9.192255,82700,83715.9
2025-07-09 11:48:00,ATM-10,PUT,91.95,92.7,91.95,92.65,2800,78960,10.56265,82700,83715.9
2025-07-09 11:48:00,ATM-9,CALL,1127.85,1127.85,1127.85,1127.85,0,3000,9.039515,82800,83715.9
2025-07-09 11:48:00,ATM-9,PUT,106.05,107,105.95,107,1540,89400,10.475948,82800,83715.9
2025-07-09 11:48:00,ATM-8,CALL,1037.8,1037.8,1037.8,1037.8,0,3640,8.798687,82900,83715.9
2025-07-09 11:48:00,ATM-8,PUT,122.25,123.8,122.25,123.8,2200,72720,10.406954,82900,83715.9
2025-07-09 11:48:00,ATM-7,CALL,959.35,961.45,959.35,961.1,80,40320,9.130123,83000,83715.9
2025-07-09 11:48:00,ATM-7,PUT,142,142.8,141.8,142.8,12840,241320,10.338404,83000,83715.9
2025-07-09 11:48:00,ATM-6,CALL,887.3,887.3,887.3,887.3,0,7400,9.249369,83100,83715.9
2025-07-09 11:48:00,ATM-6,PUT,163.65,164.55,163.65,164.05,1960,80720,10.265957,83100,83715.9
2025-07-09 11:48:00,ATM-5,CALL,803.05,808.25,803.05,808.25,40,12180,9.18878,83200,83715.9
2025-07-09 11:48:00,ATM-5,PUT,188,189.25,187.8,189.15,1620,98980,10.228971,83200,83715.9
2025-07-09 11:48:00,ATM-4,CALL,734.45,738.55,732.7,732.7,260,41880,9.107439,83300,83715.9
2025-07-09 11:48:00,ATM-4,PUT,215.9,217.25,215.9,217.05,1740,267840,10.189585,83300,83715.9
2025-07-09 11:48:00,ATM-3,CALL,666.8,668.45,662,663.85,2380,52820,9.118246,83400,83715.9
2025-07-09 11:48:00,ATM-3,PUT,247,248.4,246.8,248.15,1880,133900,10.153857,83400,83715.9
2025-07-09 11:48:00,ATM-2,CALL,602.6,604.45,597.6,599.75,3420,379640,9.155613,83500,83715.9
2025-07-09 11:48:00,ATM-2,PUT,280.45,282.9,280.45,282.1,5400,497680,10.109033,83500,83715.9
2025-07-09 11:48:00,ATM-1,CALL,538.3,541.1,533.5,537,3220,253640,9.132605,83600,83715.9
2025-07-09 11:48:00,ATM-1,PUT,318.25,320.95,318.25,319.95,4280,415620,10.077466,83600,83715.9
2025-07-09 11:48:00,ATM,CALL,482.85,484.25,477.2,480.5,11840,277820,9.166002,83700,83715.9
2025-07-09 11:48:00,ATM,PUT,361.95,364.05,361.3,362.25,9560,315400,10.068366,83700,83715.9
2025-07-09 11:48:00,ATM+1,CALL,429.1,430.65,424.6,427.05,8640,219960,9.177546,83800,83715.9
2025-07-09 11:48:00,ATM+1,PUT,408.75,410.35,408,409.4,6500,193300,10.088312,83800,83715.9
2025-07-09 11:48:00,ATM+2,CALL,377.2,379.4,374,376.95,5280,136140,9.174418,83900,83715.9
2025-07-09 11:48:00,ATM+2,PUT,459,460.95,458.1,458.75,1180,71240,10.075243,83900,83715.9
2025-07-09 11:48:00,ATM+3,CALL,330.65,333,327.3,329.55,6360,286060,9.141548,84000,83715.9
2025-07-09 11:48:00,ATM+3,PUT,512,514.25,512,512.75,2940,123040,10.085978,84000,83715.9
2025-07-09 11:48:00,ATM+4,CALL,287.6,290.15,286.7,288,1080,82140,9.152903,84100,83715.9
2025-07-09 11:48:00,ATM+4,PUT,569.95,572,569.6,570.05,460,17800,10.090248,84100,83715.9
2025-07-09 11:48:00,ATM+5,CALL,251.35,252.55,248.5,249.3,1500,103960,9.140161,84200,83715.9
2025-07-09 11:48:00,ATM+5,PUT,632.95,634.8,631.5,631.5,780,13840,10.109903,84200,83715.9
2025-07-09 11:48:00,ATM+6,CALL,215.4,217.75,214.2,215.1,2720,83780,9.145655,84300,83715.9
2025-07-09 11:48:00,ATM+6,PUT,698.3,699,698.3,699,80,6580,10.196064,84300,83715.9
2025-07-09 11:48:00,ATM+7,CALL,184.75,186.85,183.4,184.6,2580,97020,9.154479,84400,83715.9
2025-07-09 11:48:00,ATM+7,PUT,763.75,763.75,763.75,763.75,0,6480,10.207955,84400,83715.9
2025-07-09 11:48:00,ATM+8,CALL,159,159.7,156.55,157.55,4980,231640,9.165342,84500,83715.9
2025-07-09 11:48:00,ATM+8,PUT,837.25,840,837.25,837.65,220,39880,10.22486,84500,83715.9
2025-07-09 11:48:00,ATM+9,CALL,134.75,135.7,133.45,133.75,3280,78060,9.17888,84600,83715.9
2025-07-09 11:48:00,ATM+9,PUT,911.7,911.7,911.7,911.7,0,1540,10.27938,84600,83715.9
2025-07-09 11:48:00,ATM+10,CALL,113.8,114.9,112.7,112.7,3200,94240,9.186715,84700,83715.9
2025-07-09 11:48:00,ATM+10,PUT,993.45,993.45,993.45,993.45,20,2320,10.416986,84700,83715.9
2025-07-09 11:49:00,ATM-10,CALL,1239.1,1239.1,1239.1,1239.1,0,2100,9.192255,82700,83714.62
2025-07-09 11:49:00,ATM-10,PUT,93,93.8,92.6,93.8,2980,78960,10.60001,82700,83714.62
2025-07-09 11:49:00,ATM-9,CALL,1127.85,1127.85,1127.85,1127.85,0,3000,9.039515,82800,83714.62
2025-07-09 11:49:00,ATM-9,PUT,106.4,107.7,106.4,107.7,740,89400,10.493526,82800,83714.62
2025-07-09 11:49:00,ATM-8,CALL,1037.8,1037.8,1037.8,1037.8,0,3640,8.798687,82900,83714.62
2025-07-09 11:49:00,ATM-8,PUT,123.65,124.05,123.1,124.05,120,72720,10.407404,82900,83714.62
2025-07-09 11:49:00,ATM-7,CALL,960,960,960,960,20,40320,9.128865,83000,83714.62
2025-07-09 11:49:00,ATM-7,PUT,142.5,143.5,142.4,143.5,2440,241320,10.351852,83000,83714.62
2025-07-09 11:49:00,ATM-6,CALL,883.9,886.55,882,882,60,7480,9.157518,83100,83714.62
2025-07-09 11:49:00,ATM-6,PUT,164.5,165.15,163.8,164.75,500,80720,10.277647,83100,83714.62
2025-07-09 11:49:00,ATM-5,CALL,808.25,808.25,808.25,808.25,0,12180,9.18878,83200,83714.62
2025-07-09 11:49:00,ATM-5,PUT,188.25,189.6,188.1,189.45,1500,98980,10.228001,83200,83714.62
2025-07-09 11:49:00,ATM-4,CALL,736.4,736.4,736.4,736.4,40,41880,9.233084,83300,83714.62
2025-07-09 11:49:00,ATM-4,PUT,216.15,217.45,215.65,216.9,2140,267840,10.175839,83300,83714.62
2025-07-09 11:49:00,ATM-3,CALL,668.05,668.05,665.35,665.35,120,52820,9.179926,83400,83714.62
2025-07-09 11:49:00,ATM-3,PUT,247.85,247.85,246.65,247.6,1420,133900,10.12957,83400,83714.62
2025-07-09 11:49:00,ATM-2,CALL,600.9,603.45,598.75,598.9,4620,379640,9.155689,83500,83714.62
2025-07-09 11:49:00,ATM-2,PUT,281.7,282.85,280.45,281.75,5140,497680,10.089388,83500,83714.62
2025-07-09 11:49:00,ATM-1,CALL,537.85,540,536.5,537.75,3080,253640,9.169716,83600,83714.62
2025-07-09 11:49:00,ATM-1,PUT,318.75,320.65,318.1,319.25,4220,415620,10.048961,83600,83714.62
2025-07-09 11:49:00,ATM,CALL,481.85,483.1,480.05,481.85,6560,277820,9.215159,83700,83714.62
2025-07-09 11:49:00,ATM,PUT,362.55,363.2,360.4,362.7,6260,315400,10.066111,83700,83714.62
2025-07-09 11:49:00,ATM+1,CALL,427.75,430,426.4,428.35,7620,219960,9.223816,83800,83714.62
2025-07-09 11:49:00,ATM+1,PUT,408,409.5,406.45,408.45,4180,193300,10.052661,83800,83714.62
2025-07-09 11:49:00,ATM+2,CALL,376.8,378.95,376,377,1960,136140,9.190593,83900,83714.62
2025-07-09 11:49:00,ATM+2,PUT,458.5,459.35,456.6,459.35,1400,71240,10.074308,83900,83714.62
2025-07-09 11:49:00,ATM+3,CALL,331.4,332.25,328.9,330.2,4580,286060,9.170626,84000,83714.62
2025-07-09 11:49:00,ATM+3,PUT,510.45,512.75,509.4,512.75,3920,123040,10.07,84000,83714.62
2025-07-09 11:49:00,ATM+4,CALL,288.4,290,287.3,287.9,840,82140,9.163527,84100,83714.62
2025-07-09 11:49:00,ATM+4,PUT,570,570.25,570,570,140,17800,10.071741,84100,83714.62
2025-07-09 11:49:00,ATM+5,CALL,250.25,251.65,248.6,249.6,2560,103960,9.159634,84200,83714.62
2025-07-09 11:49:00,ATM+5,PUT,631.5,631.5,631.5,631.5,0,13840,10.109903,84200,83714.62
2025-07-09 11:49:00,ATM+6,CALL,214.4,216.8,214.4,214.85,5140,83780,9.150701,84300,83714.62
2025-07-09 11:49:00,ATM+6,PUT,693.8,693.8,693.8,693.8,20,6580,10.045888,84300,83714.62
2025-07-09 11:49:00,ATM+7,CALL,183.95,185.65,183.9,183.9,720,97020,9.146541,84400,83714.62
2025-07-09 11:49:00,ATM+7,PUT,764.6,764.6,762.7,762.7,40,6500,10.082393,84400,83714.62
2025-07-09 11:49:00,ATM+8,CALL,157.8,158.65,156.45,156.9,1480,231640,9.157096,84500,83714.62
2025-07-09 11:49:00,ATM+8,PUT,837.65,837.65,837.65,837.65,20,39880,10.200277,84500,83714.62
2025-07-09 11:49:00,ATM+9,CALL,134,134.05,132.6,132.95,620,78060,9.164272,84600,83714.62
2025-07-09 11:49:00,ATM+9,PUT,911.7,911.7,911.7,911.7,0,1540,10.27938,84600,83714.62
2025-07-09 11:49:00,ATM+10,CALL,113.05,113.35,111.9,112.5,2600,94240,9.189266,84700,83714.62
2025-07-09 11:49:00,ATM+10,PUT,993.45,993.45,993.45,993.45,0,2320,10.416986,84700,83714.62
2025-07-09 11:50:00,ATM-10,CALL,1239.1,1239.1,1239.1,1239.1,0,2100,9.192255,82700,83704.99
2025-07-09 11:50:00,ATM-10,PUT,93.5,94.6,93.45,94.5,1280,78960,10.569756,82700,83704.99
2025-07-09 11:50:00,ATM-9,CALL,1127.85,1127.85,1127.85,1127.85,0,3000,9.039515,82800,83704.99
2025-07-09 11:50:00,ATM-9,PUT,107.6,108.9,107.55,108.8,1360,89400,10.473055,82800,83704.99
2025-07-09 11:50:00,ATM-8,CALL,1037.8,1037.8,1037.8,1037.8,0,3640,8.798687,82900,83704.99
2025-07-09 11:50:00,ATM-8,PUT,123.8,125.85,123.8,125.7,4440,72720,10.399596,82900,83704.99
2025-07-09 11:50:00,ATM-7,CALL,954.05,956.4,954.05,956.4,40,40320,9.268476,83000,83704.99
2025-07-09 11:50:00,ATM-7,PUT,142.75,145.05,142.7,144.6,9880,241320,10.320331,83000,83704.99
2025-07-09 11:50:00,ATM-6,CALL,879.5,879.5,879.5,879.5,60,7480,9.310887,83100,83704.99
2025-07-09 11:50:00,ATM-6,PUT,164.45,166.5,164.45,166.1,460,80720,10.247995,83100,83704.99
2025-07-09 11:50:00,ATM-5,CALL,802.65,803.75,802.65,803,340,12180,9.272665,83200,83704.99
2025-07-09 11:50:00,ATM-5,PUT,188.95,191.4,188.95,191.3,1620,98980,10.206176,83200,83704.99
2025-07-09 11:50:00,ATM-4,CALL,731.15,731.15,728.75,730,200,41880,9.245872,83300,83704.99
2025-07-09 11:50:00,ATM-4,PUT,216.55,219.15,216.55,219.05,1860,267840,10.1553,83300,83704.99
2025-07-09 11:50:00,ATM-3,CALL,664.85,665.05,659.5,661.55,920,52820,9.25011,83400,83704.99
2025-07-09 11:50:00,ATM-3,PUT,247.45,250.6,247.45,250,1580,133900,10.108421,83400,83704.99
2025-07-09 11:50:00,ATM-2,CALL,601,601,594.65,596.25,9840,379640,9.24271,83500,83704.99
2025-07-09 11:50:00,ATM-2,PUT,281.75,285,281.75,284.45,10000,497680,10.068394,83500,83704.99
2025-07-09 11:50:00,ATM-1,CALL,539,539,530.8,533.3,11640,253640,9.202475,83600,83704.99
2025-07-09 11:50:00,ATM-1,PUT,319.35,323.55,319.35,322.75,6720,415620,10.03953,83600,83704.99
2025-07-09 11:50:00,ATM,CALL,481,482,475.9,475.9,11420,277820,9.20339,83700,83704.99
2025-07-09 11:50:00,ATM,PUT,361.8,366.55,361.45,366,20040,315400,10.044109,83700,83704.99
2025-07-09 11:50:00,ATM+1,CALL,428.1,428.2,421.85,422.05,9480,219960,9.195269,83800,83704.99
2025-07-09 11:50:00,ATM+1,PUT,408.7,413.3,407.8,412,15860,193300,10.028554,83800,83704.99
2025-07-09 11:50:00,ATM+2,CALL,377.6,377.6,371.7,371.7,5100,136140,9.17628,83900,83704.99
2025-07-09 11:50:00,ATM+2,PUT,458,463.2,457.75,462.4,3220,71240,10.030562,83900,83704.99
2025-07-09 11:50:00,ATM+3,CALL,331,331,325.9,326.3,10640,286060,9.179867,84000,83704.99
2025-07-09 11:50:00,ATM+3,PUT,511.75,517.35,511.75,515.8,5320,123040,10.017764,84000,83704.99
2025-07-09 11:50:00,ATM+4,CALL,288.5,288.6,284.35,285,4820,82140,9.187735,84100,83704.99
2025-07-09 11:50:00,ATM+4,PUT,571.25,575.5,571.25,573.1,600,17800,10.011663,84100,83704.99
2025-07-09 11:50:00,ATM+5,CALL,250,250,246.5,246.5,4260,103960,9.170627,84200,83704.99
2025-07-09 11:50:00,ATM+5,PUT,633,636.25,633,636.05,240,13840,10.056515,84200,83704.99
2025-07-09 11:50:00,ATM+6,CALL,214.85,214.85,211.95,212.4,3160,83780,9.169592,84300,83704.99
2025-07-09 11:50:00,ATM+6,PUT,698,702.85,698,702.85,260,6580,10.114516,84300,83704.99
2025-07-09 11:50:00,ATM+7,CALL,183.65,183.9,181.25,181.9,2680,97020,9.169296,84400,83704.99
2025-07-09 11:50:00,ATM+7,PUT,770.4,770.4,770.4,770.4,40,6500,10.110542,84400,83704.99
2025-07-09 11:50:00,ATM+8,CALL,157.65,157.65,154.75,155,14560,231640,9.174972,84500,83704.99
2025-07-09 11:50:00,ATM+8,PUT,837.65,837.65,837.65,837.65,0,39880,10.200277,84500,83704.99
2025-07-09 11:50:00,ATM+9,CALL,133.2,133.2,131.1,131.25,2660,78060,9.180357,84600,83704.99
2025-07-09 11:50:00,ATM+9,PUT,920,920,920,920,20,1800,10.251053,84600,83704.99
2025-07-09 11:50:00,ATM+10,CALL,112.55,112.55,110.7,110.8,2560,94240,9.197617,84700,83704.99
2025-07-09 11:50:00,ATM+10,PUT,999.5,999.5,999.5,999.5,40,2320,10.345996,84700,83704.99
2025-07-09 11:51:00,ATM-10,CALL,1239.1,1239.1,1239.1,1239.1,0,2100,9.192255,82700,83696.64
2025-07-09 11:51:00,ATM-10,PUT,94.5,95.45,94.15,94.9,1820,79780,10.535414,82700,83696.64
2025-07-09 11:51:00,ATM-9,CALL,1127.85,1127.85,1127.85,1127.85,0,3000,9.039515,82800,83696.64
2025-07-09 11:51:00,ATM-9,PUT,108.8,109.55,108.6,109.05,1460,89400,10.43008,82800,83696.64
2025-07-09 11:51:00,ATM-8,CALL,1037.8,1037.8,1037.8,1037.8,0,3640,8.798687,82900,83696.64
2025-07-09 11:51:00,ATM-8,PUT,125.3,126.35,125.3,126.35,2400,73280,10.366711,82900,83696.64
2025-07-09 11:51:00,ATM-7,CALL,954.05,954.05,948,952.8,200,40400,9.370437,83000,83696.64
2025-07-09 11:51:00,ATM-7,PUT,144.85,146.4,144.45,145.8,14520,231980,10.300303,83000,83696.64
2025-07-09 11:51:00,ATM-6,CALL,879.5,879.5,879.5,879.5,0,7480,9.310887,83100,83696.64
2025-07-09 11:51:00,ATM-6,PUT,166.25,167.75,166.25,167.6,1760,79900,10.231498,83100,83696.64
2025-07-09 11:51:00,ATM-5,CALL,800,800,795.25,795.25,360,12180,9.229078,83200,83696.64
2025-07-09 11:51:00,ATM-5,PUT,190.7,192.75,190.7,192.65,6340,100000,10.179903,83200,83696.64
2025-07-09 11:51:00,ATM-4,CALL,726,727.2,720.65,725.85,500,42020,9.293636,83300,83696.64
2025-07-09 11:51:00,ATM-4,PUT,218.75,221.1,218.6,220.4,3980,267020,10.123646,83300,83696.64
2025-07-09 11:51:00,ATM-3,CALL,660.4,660.4,653.45,658,820,52720,9.303354,83400,83696.64
2025-07-09 11:51:00,ATM-3,PUT,250.75,252.4,250.35,252,3380,133420,10.087597,83400,83696.64
2025-07-09 11:51:00,ATM-2,CALL,595,595.65,588,593.35,6620,378040,9.302334,83500,83696.64
2025-07-09 11:51:00,ATM-2,PUT,284.7,286.95,284,286.95,13440,496120,10.053556,83500,83696.64
2025-07-09 11:51:00,ATM-1,CALL,531.6,531.7,524.65,529.95,12380,253920,9.242245,83600,83696.64
2025-07-09 11:51:00,ATM-1,PUT,323.6,326,322.15,325.55,11180,413700,10.025247,83600,83696.64
2025-07-09 11:51:00,ATM,CALL,475.3,475.3,468.75,472.75,21560,278220,9.239441,83700,83696.64
2025-07-09 11:51:00,ATM,PUT,365.7,368.75,365.4,368.5,22520,313480,10.016078,83700,83696.64
2025-07-09 11:51:00,ATM+1,CALL,421.95,422.4,416,419.95,15360,223700,9.247578,83800,83696.64
2025-07-09 11:51:00,ATM+1,PUT,411.4,415.65,411.4,414.9,15240,194760,10.002964,83800,83696.64
2025-07-09 11:51:00,ATM+2,CALL,372.25,372.25,366.05,369.1,9780,135860,9.209357,83900,83696.64
2025-07-09 11:51:00,ATM+2,PUT,462.8,466,462.4,463.8,5840,71900,9.963256,83900,83696.64
2025-07-09 11:51:00,ATM+3,CALL,326.2,326.2,321.1,324,13620,286620,9.212552,84000,83696.64
2025-07-09 11:51:00,ATM+3,PUT,515.75,520.45,515.75,518.95,3780,123700,9.983539,84000,83696.64
2025-07-09 11:51:00,ATM+4,CALL,284.5,284.5,279.9,282.8,4500,83060,9.215709,84100,83696.64
2025-07-09 11:51:00,ATM+4,PUT,575.45,578.6,575.45,578.1,320,17680,10.013567,84100,83696.64
2025-07-09 11:51:00,ATM+5,CALL,246.3,246.3,242.3,245.05,3940,106080,9.210024,84200,83696.64
2025-07-09 11:51:00,ATM+5,PUT,636.25,640.5,636.25,638,240,13920,9.977256,84200,83696.64
2025-07-09 11:51:00,ATM+6,CALL,212.5,212.5,208.6,210.75,5140,80960,9.197622,84300,83696.64
2025-07-09 11:51:00,ATM+6,PUT,703.35,703.35,703.35,703.35,20,6580,9.989166,84300,83696.64
2025-07-09 11:51:00,ATM+7,CALL,181,181.4,178.3,179.65,2820,97500,9.17472,84400,83696.64
2025-07-09 11:51:00,ATM+7,PUT,772.6,774.25,772.6,774.25,220,6480,10.060535,84400,83696.64
2025-07-09 11:51:00,ATM+8,CALL,155,155,152.4,153.6,8040,229960,9.197094,84500,83696.64
2025-07-09 11:51:00,ATM+8,PUT,845.5,849.75,845.5,849.75,80,39760,10.178198,84500,83696.64
2025-07-09 11:51:00,ATM+9,CALL,130.95,131.3,128.9,130.5,3100,77300,9.216012,84600,83696.64
2025-07-09 11:51:00,ATM+9,PUT,920,920,920,920,0,1800,10.251053,84600,83696.64
2025-07-09 11:51:00,ATM+10,CALL,110.95,110.95,108.9,109.95,9820,94900,9.224991,84700,83696.64
2025-07-09 11:51:00,ATM+10,PUT,999.5,999.5,999.5,999.5,0,2320,10.345996,84700,83696.64
2025-07-09 11:52:00,ATM-10,CALL,1239.1,1239.1,1239.1,1239.1,0,2100,9.192255,82700,83698.01
2025-07-09 11:52:00,ATM-10,PUT,95.2,98.6,95.1,97.65,4800,79780,10.648896,82700,83698.01
2025-07-09 11:52:00,ATM-9,CALL,1127.85,1127.85,1127.85,1127.85,0,3000,9.039515,82800,83698.01
2025-07-09 11:52:00,ATM-9,PUT,109.75,113.65,109.75,112.6,6020,89400,10.564398,82800,83698.01
2025-07-09 11:52:00,ATM-8,CALL,1037.8,1037.8,1037.8,1037.8,0,3640,8.798687,82900,83698.01
2025-07-09 11:52:00,ATM-8,PUT,126.15,131.25,126.15,130.3,4300,73280,10.505639,82900,83698.01
2025-07-09 11:52:00,ATM-7,CALL,948,948,931.05,931.05,960,40400,8.602892,83000,83698.01
2025-07-09 11:52:00,ATM-7,PUT,145.8,151.45,145.8,150.15,11060,231980,10.443515,83000,83698.01
2025-07-09 11:52:00,ATM-6,CALL,863.55,863.55,863.55,863.55,20,7520,8.989316,83100,83698.01
2025-07-09 11:52:00,ATM-6,PUT,168,173.4,168,172.25,3860,79900,10.376015,83100,83698.01
2025-07-09 11:52:00,ATM-5,CALL,791,791,786.9,788.2,220,12180,8.999727,83200,83698.01
2025-07-09 11:52:00,ATM-5,PUT,193.6,199.75,192.95,198,6580,100000,10.336947,83200,83698.01
2025-07-09 11:52:00,ATM-4,CALL,720.65,720.65,708.3,714.6,1540,42020,8.966553,83300,83698.01
2025-07-09 11:52:00,ATM-4,PUT,220.35,228.45,220.35,225.55,7380,267020,10.269371,83300,83698.01
2025-07-09 11:52:00,ATM-3,CALL,657.85,657.85,641.35,647.8,3540,52720,9.020643,83400,83698.01
2025-07-09 11:52:00,ATM-3,PUT,251.5,260.75,251.5,257.6,8340,133420,10.23997,83400,83698.01
2025-07-09 11:52:00,ATM-2,CALL,592.65,592.65,577.45,583.8,12200,378040,9.047917,83500,83698.01
2025-07-09 11:52:00,ATM-2,PUT,286.4,295.55,286.4,293.05,22280,496120,10.214325,83500,83698.01
2025-07-09 11:52:00,ATM-1,CALL,530.9,530.9,515,521.05,12560,253920,9.011885,83600,83698.01
2025-07-09 11:52:00,ATM-1,PUT,325.2,335.4,324.55,331.6,24420,413700,10.182099,83600,83698.01
2025-07-09 11:52:00,ATM,CALL,474.1,474.1,459.15,465,27500,278220,9.041667,83700,83698.01
2025-07-09 11:52:00,ATM,PUT,368.1,379.65,367.65,375.1,35540,313480,10.18434,83700,83698.01
2025-07-09 11:52:00,ATM+1,CALL,420.55,420.55,407.45,412.3,18900,223700,9.055249,83800,83698.01
2025-07-09 11:52:00,ATM+1,PUT,414.25,427.5,414.25,423,20720,194760,10.205665,83800,83698.01
2025-07-09 11:52:00,ATM+2,CALL,370.25,370.25,358.6,363,21240,135860,9.053985,83900,83698.01
2025-07-09 11:52:00,ATM+2,PUT,465.05,478.15,465.05,474.05,7240,71900,10.216823,83900,83698.01
2025-07-09 11:52:00,ATM+3,CALL,324,324.1,313.25,318,23860,286620,9.059105,84000,83698.01
2025-07-09 11:52:00,ATM+3,PUT,520,532.95,520,528.2,10960,123700,10.217133,84000,83698.01
2025-07-09 11:52:00,ATM+4,CALL,282.3,282.3,272.65,277.35,9320,83060,9.073424,84100,83698.01
2025-07-09 11:52:00,ATM+4,PUT,578.25,592.75,578.25,587.95,3420,17680,10.26641,84100,83698.01
2025-07-09 11:52:00,ATM+5,CALL,244.7,244.7,236.1,239.65,7740,106080,9.065776,84200,83698.01
2025-07-09 11:52:00,ATM+5,PUT,639,655,639,649.65,180,13920,10.281332,84200,83698.01
2025-07-09 11:52:00,ATM+6,CALL,209.4,209.4,202.7,206.55,8220,80960,9.079364,84300,83698.01
2025-07-09 11:52:00,ATM+6,PUT,705.35,722.7,705.35,722.7,160,6580,10.496841,84300,83698.01
2025-07-09 11:52:00,ATM+7,CALL,178.9,178.9,172.8,175.85,4260,97500,9.06228,84400,83698.01
2025-07-09 11:52:00,ATM+7,PUT,780.8,789.55,780.8,784.55,180,6480,10.354374,84400,83698.01
2025-07-09 11:52:00,ATM+8,CALL,153.75,153.75,147.55,149.7,25000,229960,9.076084,84500,83698.01
2025-07-09 11:52:00,ATM+8,PUT,848.1,857.9,848.1,857.9,160,39760,10.427944,84500,83698.01
2025-07-09 11:52:00,ATM+9,CALL,129.55,129.55,124.35,126.95,4200,77300,9.098302,84600,83698.01
2025-07-09 11:52:00,ATM+9,PUT,926.5,926.5,926.5,926.5,20,1800,10.288415,84600,83698.01
2025-07-09 11:52:00,ATM+10,CALL,110,110,105.2,106.95,5980,94900,9.117112,84700,83698.01
2025-07-09 11:52:00,ATM+10,PUT,1010,1010,1010,1010,420,2340,10.502057,84700,83698.01
2025-07-09 11:53:00,ATM-10,CALL,1239.1,1239.1,1239.1,1239.1,0,2100,9.192255,82700,83650.47
2025-07-09 11:53:00,ATM-10,PUT,97.75,103.25,97.75,101.7,9700,79780,10.511118,82700,83650.47
2025-07-09 11:53:00,ATM-9,CALL,1127.85,1127.85,1127.85,1127.85,0,3000,9.039515,82800,83650.47
2025-07-09 11:53:00,ATM-9,PUT,112.45,119.25,112.45,117.2,9560,89400,10.421759,82800,83650.47
2025-07-09 11:53:00,ATM-8,CALL,1037.8,1037.8,1037.8,1037.8,0,3640,8.798687,82900,83650.47
2025-07-09 11:53:00,ATM-8,PUT,130.5,136.95,130,134.9,4640,73280,10.337731,82900,83650.47
2025-07-09 11:53:00,ATM-7,CALL,940.75,940.75,910,910,1200,40400,9.173106,83000,83650.47
2025-07-09 11:53:00,ATM-7,PUT,149.3,157.75,149.3,155.4,32040,231980,10.270064,83000,83650.47
2025-07-09 11:53:00,ATM-6,CALL,845.8,847.25,837.2,837.25,300,7520,9.29565,83100,83650.47
2025-07-09 11:53:00,ATM-6,PUT,172.85,181.2,172.85,178.4,8120,79900,10.201831,83100,83650.47
2025-07-09 11:53:00,ATM-5,CALL,774,776.05,758.5,767.45,960,12180,9.396279,83200,83650.47
2025-07-09 11:53:00,ATM-5,PUT,197.1,208.45,197.1,205,22600,100000,10.157278,83200,83650.47
2025-07-09 11:53:00,ATM-4,CALL,718.4,718.4,689.55,697.75,3020,42020,9.401811,83300,83650.47
2025-07-09 11:53:00,ATM-4,PUT,225.3,238.15,225.3,233.95,12140,267020,10.096348,83300,83650.47
2025-07-09 11:53:00,ATM-3,CALL,650.5,650.5,622.3,628.65,9180,52720,9.334677,83400,83650.47
2025-07-09 11:53:00,ATM-3,PUT,259,269.9,258.75,267.55,18560,133420,10.073392,83400,83650.47
2025-07-09 11:53:00,ATM-2,CALL,585,585,559.85,564.05,44120,378040,9.292672,83500,83650.47
2025-07-09 11:53:00,ATM-2,PUT,292.65,306.9,292.65,303.3,67520,496120,10.021217,83500,83650.47
2025-07-09 11:53:00,ATM-1,CALL,523,523,500.8,505,30660,253920,9.294316,83600,83650.47
2025-07-09 11:53:00,ATM-1,PUT,331.8,348,331.8,343.3,63140,413700,9.988236,83600,83650.47
2025-07-09 11:53:00,ATM,CALL,467.85,467.85,445.35,450,48500,278220,9.299853,83700,83650.47
2025-07-09 11:53:00,ATM,PUT,375.2,392.25,375.2,388,60400,313480,9.981403,83700,83650.47
2025-07-09 11:53:00,ATM+1,CALL,413.55,413.7,393.65,397.55,35220,223700,9.273562,83800,83650.47
2025-07-09 11:53:00,ATM+1,PUT,422.6,440.7,422.6,438.25,46700,194760,10.018343,83800,83650.47
2025-07-09 11:53:00,ATM+2,CALL,365,365,345.4,349.5,20280,135860,9.257832,83900,83650.47
2025-07-09 11:53:00,ATM+2,PUT,473,492.5,473,488.05,11760,71900,9.960201,83900,83650.47
2025-07-09 11:53:00,ATM+3,CALL,319,319,301.7,305,34580,286620,9.233033,84000,83650.47
2025-07-09 11:53:00,ATM+3,PUT,527,549.4,527,543.2,20120,123700,9.941016,84000,83650.47
2025-07-09 11:53:00,ATM+4,CALL,277.75,277.75,262.15,265.8,14520,83060,9.241905,84100,83650.47
2025-07-09 11:53:00,ATM+4,PUT,587.65,608.7,587.65,605,1660,17680,9.994343,84100,83650.47
2025-07-09 11:53:00,ATM+5,CALL,240.65,240.65,227.25,229.05,16060,106080,9.218647,84200,83650.47
2025-07-09 11:53:00,ATM+5,PUT,655,671.8,655,668.25,920,13920,9.999846,84200,83650.47
2025-07-09 11:53:00,ATM+6,CALL,207,207,194.55,197.75,13020,80960,9.241103,84300,83650.47
2025-07-09 11:53:00,ATM+6,PUT,719.35,738.4,719.35,736.75,860,6580,10.053506,84300,83650.47
2025-07-09 11:53:00,ATM+7,CALL,175.9,176.25,165.8,167.9,7640,97500,9.210531,84400,83650.47
2025-07-09 11:53:00,ATM+7,PUT,796.65,805.2,796.65,805.2,40,6480,10.023543,84400,83650.47
2025-07-09 11:53:00,ATM+8,CALL,150.9,150.9,140.7,143.4,18700,229960,9.237255,84500,83650.47
2025-07-09 11:53:00,ATM+8,PUT,870,886,866.4,879.7,940,39760,10.074124,84500,83650.47
2025-07-09 11:53:00,ATM+9,CALL,127.4,127.4,119.55,121.25,10800,77300,9.245489,84600,83650.47
2025-07-09 11:53:00,ATM+9,PUT,948.35,948.35,948.35,948.35,340,1800,9.86597,84600,83650.47
2025-07-09 11:53:00,ATM+10,CALL,107.2,107.7,100.25,101.8,9820,94900,9.250516,84700,83650.47
2025-07-09 11:53:00,ATM+10,PUT,1032.05,1032.05,1032.05,1032.05,360,2340,10.0274,84700,83650.47
2025-07-09 11:54:00,ATM-10,CALL,1239.1,1239.1,1239.1,1239.1,0,2100,9.192255,82700,83669.41
2025-07-09 11:54:00,ATM-10,PUT,101.75,101.75,98.6,98.7,4060,79600,10.515949,82700,83669.41
2025-07-09 11:54:00,ATM-9,CALL,1073.85,1087.05,1073.85,1087.05,60,3020,9.12014,82800,83669.41
2025-07-09 11:54:00,ATM-9,PUT,116.6,116.6,113.1,113.8,4220,90040,10.426104,82800,83669.41
2025-07-09 11:54:00,ATM-8,CALL,1006.65,1006.65,1006.65,1006.65,20,2760,9.218821,82900,83669.41
2025-07-09 11:54:00,ATM-8,PUT,133.9,133.9,130.6,131.1,3840,72600,10.342913,82900,83669.41
2025-07-09 11:54:00,ATM-7,CALL,920.85,931,920.85,931,300,40420,9.366967,83000,83669.41
2025-07-09 11:54:00,ATM-7,PUT,155.7,155.7,150.6,150.6,7280,237140,10.259157,83000,83669.41
2025-07-09 11:54:00,ATM-6,CALL,837.25,837.25,837.25,837.25,0,7520,9.29565,83100,83669.41
2025-07-09 11:54:00,ATM-6,PUT,177,177,173.3,173.7,3460,79860,10.209103,83100,83669.41
2025-07-09 11:54:00,ATM-5,CALL,775.35,783.75,773.15,783.75,140,12260,9.468507,83200,83669.41
2025-07-09 11:54:00,ATM-5,PUT,205.2,205.2,198.65,199.05,6040,101860,10.145523,83200,83669.41
2025-07-09 11:54:00,ATM-4,CALL,699.9,710,699.9,708.8,840,42400,9.34934,83300,83669.41
2025-07-09 11:54:00,ATM-4,PUT,234.1,234.1,227.75,228.4,6720,265920,10.110597,83300,83669.41
2025-07-09 11:54:00,ATM-3,CALL,627,644,627,644,3940,54020,9.40883,83400,83669.41
2025-07-09 11:54:00,ATM-3,PUT,266.8,266.8,259.35,259.8,9680,135140,10.048069,83400,83669.41
2025-07-09 11:54:00,ATM-2,CALL,565.25,580.4,565.25,580.25,17680,377940,9.401633,83500,83669.41
2025-07-09 11:54:00,ATM-2,PUT,303.25,303.25,295.1,295.45,30320,496500,10.009804,83500,83669.41
2025-07-09 11:54:00,ATM-1,CALL,507.3,519.8,507.3,519.8,13760,254500,9.384572,83600,83669.41
2025-07-09 11:54:00,ATM-1,PUT,343.55,344.35,334.3,335,32960,414640,9.982287,83600,83669.41
2025-07-09 11:54:00,ATM,CALL,449.4,463.1,449.4,462.85,32020,277760,9.360538,83700,83669.41
2025-07-09 11:54:00,ATM,PUT,387.75,387.75,378,378.1,27820,307940,9.954373,83700,83669.41
2025-07-09 11:54:00,ATM+1,CALL,398.75,410,398.75,409.65,15340,223120,9.333749,83800,83669.41
2025-07-09 11:54:00,ATM+1,PUT,437,437,425.2,425.75,19880,187620,9.947485,83800,83669.41
2025-07-09 11:54:00,ATM+2,CALL,350.4,361.7,350.4,361.35,9940,135460,9.329752,83900,83669.41
2025-07-09 11:54:00,ATM+2,PUT,488.35,488.35,476.75,477.6,5800,71680,9.952698,83900,83669.41
2025-07-09 11:54:00,ATM+3,CALL,306.75,315.95,306.75,315.95,22300,287740,9.302247,84000,83669.41
2025-07-09 11:54:00,ATM+3,PUT,538.6,540,530.9,531.75,7260,122240,9.926212,84000,83669.41
2025-07-09 11:54:00,ATM+4,CALL,268.3,275.35,268.3,275.35,5900,84960,9.296515,84100,83669.41
2025-07-09 11:54:00,ATM+4,PUT,601.2,601.2,591.95,591.95,560,18260,9.956982,84100,83669.41
2025-07-09 11:54:00,ATM+5,CALL,231.3,238.2,231.3,237.8,5360,107960,9.272899,84200,83669.41
2025-07-09 11:54:00,ATM+5,PUT,661.5,662.45,661.5,662.45,60,13740,10.155324,84200,83669.41
2025-07-09 11:54:00,ATM+6,CALL,197.5,204.7,197.5,204.7,5400,81480,9.26846,84300,83669.41
2025-07-09 11:54:00,ATM+6,PUT,726.35,729.8,726.35,729.8,80,6320,10.200975,84300,83669.41
2025-07-09 11:54:00,ATM+7,CALL,168.55,175,168.55,175,2400,97840,9.261387,84400,83669.41
2025-07-09 11:54:00,ATM+7,PUT,798.9,798.9,796.65,796.65,140,6320,10.15163,84400,83669.41
2025-07-09 11:54:00,ATM+8,CALL,143.15,149.05,143.15,148.9,12860,226780,9.262206,84500,83669.41
2025-07-09 11:54:00,ATM+8,PUT,869.05,869.05,863.4,863.4,140,39700,10.007834,84500,83669.41
2025-07-09 11:54:00,ATM+9,CALL,122.55,126,122.55,125.95,5640,77220,9.264887,84600,83669.41
2025-07-09 11:54:00,ATM+9,PUT,939.3,939.3,939.3,939.3,20,1780,10.030868,84600,83669.41
2025-07-09 11:54:00,ATM+10,CALL,102.9,106.45,102.9,106.45,5400,92960,9.287419,84700,83669.41
2025-07-09 11:54:00,ATM+10,PUT,1034.15,1034.15,1034.15,1034.15,20,2180,10.563987,84700,83669.41
2025-07-09 11:55:00,ATM-10,CALL,1239.1,1239.1,1239.1,1239.1,0,2100,9.192255,82700,83690.68
2025-07-09 11:55:00,ATM-10,PUT,99,99.85,94.9,95.75,6260,79600,10.533947,82700,83690.68
2025-07-09 11:55:00,ATM-9,CALL,1087.05,1087.05,1087.05,1087.05,0,3020,9.12014,82800,83690.68
2025-07-09 11:55:00,ATM-9,PUT,113.6,114.8,109.55,110,3660,90040,10.428175,82800,83690.68
2025-07-09 11:55:00,ATM-8,CALL,1025,1025,1025,1025,20,2760,9.249581,82900,83690.68
2025-07-09 11:55:00,ATM-8,PUT,131.35,131.85,126.65,127.6,4240,72600,10.370436,82900,83690.68
2025-07-09 11:55:00,ATM-7,CALL,933,945.5,933,942.25,680,40420,9.18456,83000,83690.68
2025-07-09 11:55:00,ATM-7,PUT,151.05,151.95,145.85,147.15,13140,237140,10.302443,83000,83690.68
2025-07-09 11:55:00,ATM-6,CALL,858.15,858.15,858.15,858.15,20,7500,9.00096,83100,83690.68
2025-07-09 11:55:00,ATM-6,PUT,174,174.55,168,169.35,5640,79860,10.240557,83100,83690.68
2025-07-09 11:55:00,ATM-5,CALL,785.05,793.55,785.05,793.55,220,12260,9.308812,83200,83690.68
2025-07-09 11:55:00,ATM-5,PUT,199.75,200.85,193,194.1,11120,101860,10.175679,83200,83690.68
2025-07-09 11:55:00,ATM-4,CALL,710.25,720.4,709.65,719.8,960,42400,9.247579,83300,83690.68
2025-07-09 11:55:00,ATM-4,PUT,229,229.1,221.3,222.5,4740,265920,10.131853,83300,83690.68
2025-07-09 11:55:00,ATM-3,CALL,642.85,655,642.85,649.7,4260,54020,9.197047,83400,83690.68
2025-07-09 11:55:00,ATM-3,PUT,261,261,252.65,254.3,5960,135140,10.09568,83400,83690.68
2025-07-09 11:55:00,ATM-2,CALL,579.65,588.75,577,585.05,12280,377940,9.194726,83500,83690.68
2025-07-09 11:55:00,ATM-2,PUT,295.6,298.15,288.05,290,26420,496500,10.07467,83500,83690.68
2025-07-09 11:55:00,ATM-1,CALL,518.6,527.9,516,524.9,15580,254500,9.209495,83600,83690.68
2025-07-09 11:55:00,ATM-1,PUT,335.75,337.5,326.05,329.35,25580,414640,10.05864,83600,83690.68
2025-07-09 11:55:00,ATM,CALL,462.85,470.5,459.25,467.35,31440,277760,9.19371,83700,83690.68
2025-07-09 11:55:00,ATM,PUT,378.55,381,369.3,372.55,19740,307940,10.049746,83700,83690.68
2025-07-09 11:55:00,ATM+1,CALL,409.65,417.6,406.7,415,14660,223120,9.207156,83800,83690.68
2025-07-09 11:55:00,ATM+1,PUT,426.6,428.65,415.5,419.55,14600,187620,10.045175,83800,83690.68
2025-07-09 11:55:00,ATM+2,CALL,360,367.9,358.35,365.2,19360,135460,9.187618,83900,83690.68
2025-07-09 11:55:00,ATM+2,PUT,478.75,478.8,467,469,7360,71680,10.013094,83900,83690.68
2025-07-09 11:55:00,ATM+3,CALL,315.55,321.95,313,319.9,18660,287740,9.180312,84000,83690.68
2025-07-09 11:55:00,ATM+3,PUT,531.35,533.5,521.25,524.7,5360,122240,10.041539,84000,83690.68
2025-07-09 11:55:00,ATM+4,CALL,273.35,281,273.35,279.6,3800,84960,9.198653,84100,83690.68
2025-07-09 11:55:00,ATM+4,PUT,588.7,589.05,579.2,581.3,700,18260,10.006919,84100,83690.68
2025-07-09 11:55:00,ATM+5,CALL,237.8,243,236.2,241.35,4680,107960,9.174428,84200,83690.68
2025-07-09 11:55:00,ATM+5,PUT,650.8,650.8,641.8,641.8,580,13740,9.979775,84200,83690.68
2025-07-09 11:55:00,ATM+6,CALL,204.2,209.55,202.95,207.35,9380,81480,9.162472,84300,83690.68
2025-07-09 11:55:00,ATM+6,PUT,716.05,716.05,709.2,709.2,80,6320,10.038257,84300,83690.68
2025-07-09 11:55:00,ATM+7,CALL,174.5,179.45,173.65,178.1,5100,97840,9.181841,84400,83690.68
2025-07-09 11:55:00,ATM+7,PUT,780,780,780,780,200,6320,10.103994,84400,83690.68
2025-07-09 11:55:00,ATM+8,CALL,148.75,153.15,147.65,151.3,15320,226780,9.177415,84500,83690.68
2025-07-09 11:55:00,ATM+8,PUT,854.15,854.15,850.25,851.5,100,39700,10.108682,84500,83690.68
2025-07-09 11:55:00,ATM+9,CALL,125.65,130,125.25,128.4,4300,77220,9.195311,84600,83690.68
2025-07-09 11:55:00,ATM+9,PUT,939.3,939.3,939.3,939.3,0,1780,10.030868,84600,83690.68
2025-07-09 11:55:00,ATM+10,CALL,106.3,109.1,105.25,108.3,3980,92960,9.211723,84700,83690.68
2025-07-09 11:55:00,ATM+10,PUT,1015.65,1015.65,1015.65,1015.65,100,2180,10.502409,84700,83690.68
2025-07-09 11:56:00,ATM-10,CALL,1239.1,1239.1,1239.1,1239.1,0,2100,9.192255,82700,83697.16
2025-07-09 11:56:00,ATM-10,PUT,95.95,96.45,95.1,96.25,1860,79600,10.59258,82700,83697.16
2025-07-09 11:56:00,ATM-9,CALL,1104.9,1104.9,1104.9,1104.9,20,3020,8.884857,82800,83697.16
2025-07-09 11:56:00,ATM-9,PUT,110.45,111.25,109.9,110.55,680,90040,10.488851,82800,83697.16
2025-07-09 11:56:00,ATM-8,CALL,1025,1025,1025,1025,0,2760,9.249581,82900,83697.16
2025-07-09 11:56:00,ATM-8,PUT,127.5,128.65,126.85,127.8,1820,72600,10.420174,82900,83697.16
2025-07-09 11:56:00,ATM-7,CALL,942,943.3,938.9,940.1,1260,40420,8.940246,83000,83697.16
2025-07-09 11:56:00,ATM-7,PUT,148,148.7,146.7,147.55,6800,237140,10.359981,83000,83697.16
2025-07-09 11:56:00,ATM-6,CALL,860.15,860.8,860.15,860.8,40,7500,8.928201,83100,83697.16
2025-07-09 11:56:00,ATM-6,PUT,169.3,170.7,168.65,169.7,860,79860,10.29824,83100,83697.16
2025-07-09 11:56:00,ATM-5,CALL,788.35,788.35,788.35,788.35,260,12260,9.025574,83200,83697.16
2025-07-09 11:56:00,ATM-5,PUT,195.45,196.1,193.9,195.9,2280,101860,10.274983,83200,83697.16
2025-07-09 11:56:00,ATM-4,CALL,713.15,718.6,713.15,717.15,500,42400,9.05479,83300,83697.16
2025-07-09 11:56:00,ATM-4,PUT,223,225,222.25,224.5,900,265920,10.23694,83300,83697.16
2025-07-09 11:56:00,ATM-3,CALL,650.7,650.7,647.3,648.95,1100,54020,9.067827,83400,83697.16
2025-07-09 11:56:00,ATM-3,PUT,255.65,257.2,254.7,256.2,2780,135140,10.199394,83400,83697.16
2025-07-09 11:56:00,ATM-2,CALL,585.95,586,580.5,584.4,2960,377940,9.078943,83500,83697.16
2025-07-09 11:56:00,ATM-2,PUT,290.65,292.9,289.35,291.55,10140,496500,10.171929,83500,83697.16
2025-07-09 11:56:00,ATM-1,CALL,524,525,519.8,523,10000,254500,9.07333,83600,83697.16
2025-07-09 11:56:00,ATM-1,PUT,331,332,328.75,330.1,10480,414640,10.14001,83600,83697.16
2025-07-09 11:56:00,ATM,CALL,468,468.4,463.8,466.9,13500,277760,9.099913,83700,83697.16
2025-07-09 11:56:00,ATM,PUT,372.9,375,371.5,375,7140,307940,10.174788,83700,83697.16
2025-07-09 11:56:00,ATM+1,CALL,413,415.5,411,412,9060,223120,9.061291,83800,83697.16
2025-07-09 11:56:00,ATM+1,PUT,422.15,422.65,418.35,420.75,9920,187620,10.145799,83800,83697.16
2025-07-09 11:56:00,ATM+2,CALL,365,366.3,362.05,363.75,9480,135460,9.083442,83900,83697.16
2025-07-09 11:56:00,ATM+2,PUT,472.5,473.7,468.9,472.9,2080,71680,10.181592,83900,83697.16
2025-07-09 11:56:00,ATM+3,CALL,320.05,320.8,317.25,319.4,12600,287740,9.103191,84000,83697.16
2025-07-09 11:56:00,ATM+3,PUT,528,528.3,523.95,526.7,1780,122240,10.172669,84000,83697.16
2025-07-09 11:56:00,ATM+4,CALL,278.7,278.7,276.3,278.2,1680,84960,9.104425,84100,83697.16
2025-07-09 11:56:00,ATM+4,PUT,582.9,585.75,582.9,585,120,18260,10.186091,84100,83697.16
2025-07-09 11:56:00,ATM+5,CALL,241,242.1,239.45,240.45,3400,107960,9.095598,84200,83697.16
2025-07-09 11:56:00,ATM+5,PUT,648.05,648.05,643.6,643.6,100,13740,10.122941,84200,83697.16
2025-07-09 11:56:00,ATM+6,CALL,207.9,208.3,206,207.25,1960,81480,9.106926,84300,83697.16
2025-07-09 11:56:00,ATM+6,PUT,709.2,709.2,709.2,709.2,0,6320,10.038257,84300,83697.16
2025-07-09 11:56:00,ATM+7,CALL,177,178.25,176.35,177.4,2040,97840,9.113252,84400,83697.16
2025-07-09 11:56:00,ATM+7,PUT,780,780,780,780,0,6320,10.103994,84400,83697.16
2025-07-09 11:56:00,ATM+8,CALL,151.05,152.25,150,151.4,3460,226780,9.133546,84500,83697.16
2025-07-09 11:56:00,ATM+8,PUT,855,859.05,855,858.5,60,39700,10.428785,84500,83697.16
2025-07-09 11:56:00,ATM+9,CALL,126.75,128.55,126.75,128,4280,77220,9.138942,84600,83697.16
2025-07-09 11:56:00,ATM+9,PUT,939.3,939.3,939.3,939.3,0,1780,10.030868,84600,83697.16
2025-07-09 11:56:00,ATM+10,CALL,108.55,108.55,107.45,107.95,3080,92960,9.158407,84700,83697.16
2025-07-09 11:56:00,ATM+10,PUT,1015.65,1015.65,1015.65,1015.65,0,2180,10.502409,84700,83697.16
2025-07-09 11:57:00,ATM-10,CALL,1239.1,1239.1,1239.1,1239.1,0,2100,9.192255,82700,83693.49
2025-07-09 11:57:00,ATM-10,PUT,96.25,97.4,95.6,97,2460,78940,10.599435,82700,83693.49
2025-07-09 11:57:00,ATM-9,CALL,1104.9,1104.9,1104.9,1104.9,0,3020,8.884857,82800,83693.49
2025-07-09 11:57:00,ATM-9,PUT,111.2,112.1,110.45,112.1,1160,87720,10.520787,82800,83693.49
2025-07-09 11:57:00,ATM-8,CALL,1017.7,1017.7,1017.7,1017.7,40,2760,8.900331,82900,83693.49
2025-07-09 11:57:00,ATM-8,PUT,128.4,129.4,127.85,129.4,740,70760,10.448821,82900,83693.49
2025-07-09 11:57:00,ATM-7,CALL,936.4,936.4,934.55,934.55,80,40440,8.853906,83000,83693.49
2025-07-09 11:57:00,ATM-7,PUT,148.1,149.35,147.2,149.2,4500,228500,10.385552,83000,83693.49
2025-07-09 11:57:00,ATM-6,CALL,857.55,857.55,857.55,857.55,20,7500,8.916928,83100,83693.49
2025-07-09 11:57:00,ATM-6,PUT,169.6,171.95,169.05,171.6,1000,76500,10.326716,83100,83693.49
2025-07-09 11:57:00,ATM-5,CALL,785.6,785.8,785.6,785.8,340,12120,9.031599,83200,83693.49
2025-07-09 11:57:00,ATM-5,PUT,196.2,197.55,194.85,197.55,2680,101860,10.292234,83200,83693.49
2025-07-09 11:57:00,ATM-4,CALL,713.85,715.3,713.25,714.8,160,42400,9.062421,83300,83693.49
2025-07-09 11:57:00,ATM-4,PUT,224.35,226.5,223.65,226.5,1580,262000,10.259594,83300,83693.49
2025-07-09 11:57:00,ATM-3,CALL,647.4,648,642.9,646.05,640,52260,9.057677,83400,83693.49
2025-07-09 11:57:00,ATM-3,PUT,257,258,255.45,258,2300,135140,10.213241,83400,83693.49
2025-07-09 11:57:00,ATM-2,CALL,582.4,583.2,579.9,580.6,5000,377940,9.043765,83500,83693.49
2025-07-09 11:57:00,ATM-2,PUT,291.65,293.95,290.55,293.85,8060,504720,10.194466,83500,83693.49
2025-07-09 11:57:00,ATM-1,CALL,522,523.1,519,519.35,6000,257520,9.039381,83600,83693.49
2025-07-09 11:57:00,ATM-1,PUT,331,333.65,329.85,333.55,12300,414640,10.186192,83600,83693.49
2025-07-09 11:57:00,ATM,CALL,466.05,466.35,461.7,464.3,7120,281880,9.08769,83700,83693.49
2025-07-09 11:57:00,ATM,PUT,374.15,377.15,373.9,376.3,10680,295180,10.167161,83700,83693.49
2025-07-09 11:57:00,ATM+1,CALL,412.3,413.95,409,411.45,7020,219480,9.093117,83800,83693.49
2025-07-09 11:57:00,ATM+1,PUT,423.85,425,420.9,424.85,12420,190200,10.199838,83800,83693.49
2025-07-09 11:57:00,ATM+2,CALL,362.7,364.5,360.25,360.95,5880,140080,9.059843,83900,83693.49
2025-07-09 11:57:00,ATM+2,PUT,474.95,475.35,472.35,475.35,1480,71660,10.194469,83900,83693.49
2025-07-09 11:57:00,ATM+3,CALL,317.75,319.6,315.95,316.55,8180,292260,9.074715,84000,83693.49
2025-07-09 11:57:00,ATM+3,PUT,526.8,530,526.45,529.6,1580,118220,10.193065,84000,83693.49
2025-07-09 11:57:00,ATM+4,CALL,277,278.2,275,275.6,1880,85380,9.077838,84100,83693.49
2025-07-09 11:57:00,ATM+4,PUT,585.75,589.15,585.75,589.15,300,18060,10.233379,84100,83693.49
2025-07-09 11:57:00,ATM+5,CALL,239.8,241.1,238,238.5,2480,113660,9.080679,84200,83693.49
2025-07-09 11:57:00,ATM+5,PUT,648.45,649.85,648.45,649.85,40,13180,10.21931,84200,83693.49
2025-07-09 11:57:00,ATM+6,CALL,206,206.55,205,205.9,1900,83820,9.1033,84300,83693.49
2025-07-09 11:57:00,ATM+6,PUT,717.8,717.8,717,717,60,5840,10.281702,84300,83693.49
2025-07-09 11:57:00,ATM+7,CALL,176.35,177.45,174.95,175.45,2020,96960,9.089696,84400,83693.49
2025-07-09 11:57:00,ATM+7,PUT,787.2,787.2,787.15,787.15,40,6140,10.342515,84400,83693.49
2025-07-09 11:57:00,ATM+8,CALL,150.35,151.5,149.35,150.4,7100,212780,9.132325,84500,83693.49
2025-07-09 11:57:00,ATM+8,PUT,860,860,857.85,857.85,60,39280,10.339408,84500,83693.49
2025-07-09 11:57:00,ATM+9,CALL,127,128.35,126.5,127.25,1840,76340,9.141798,84600,83693.49
2025-07-09 11:57:00,ATM+9,PUT,939.3,939.3,939.3,939.3,0,1780,10.030868,84600,83693.49
2025-07-09 11:57:00,ATM+10,CALL,106.85,108.3,106.85,107,1680,92480,9.151326,84700,83693.49
2025-07-09 11:57:00,ATM+10,PUT,1015.65,1015.65,1015.65,1015.65,20,2140,10.56893,84700,83693.49
2025-07-09 11:58:00,ATM-10,CALL,1239.1,1239.1,1239.1,1239.1,0,2100,9.192255,82700,83698.71
2025-07-09 11:58:00,ATM-10,PUT,96.8,98.2,96.8,97.15,3360,78940,10.637177,82700,83698.71
2025-07-09 11:58:00,ATM-9,CALL,1104.9,1104.9,1104.9,1104.9,0,3020,8.884857,82800,83698.71
2025-07-09 11:58:00,ATM-9,PUT,112.2,113.3,112,112.2,1300,87720,10.557733,82800,83698.71
2025-07-09 11:58:00,ATM-8,CALL,1017.7,1017.7,1017.7,1017.7,0,2760,8.900331,82900,83698.71
2025-07-09 11:58:00,ATM-8,PUT,130.4,130.4,129,129.55,1400,70760,10.488683,82900,83698.71
2025-07-09 11:58:00,ATM-7,CALL,933.95,933.95,930,933.55,500,40440,8.675379,83000,83698.71
2025-07-09 11:58:00,ATM-7,PUT,149.7,150.9,149,149.05,3560,228500,10.417604,83000,83698.71
2025-07-09 11:58:00,ATM-6,CALL,857.55,857.55,857.55,857.55,0,7500,8.916928,83100,83698.71
2025-07-09 11:58:00,ATM-6,PUT,172,174.15,171.65,171.65,1260,76500,10.366657,83100,83698.71
2025-07-09 11:58:00,ATM-5,CALL,780.25,781.5,780.25,781.5,40,12120,8.796335,83200,83698.71
2025-07-09 11:58:00,ATM-5,PUT,197.6,199.95,196.85,196.85,4740,101860,10.313722,83200,83698.71
2025-07-09 11:58:00,ATM-4,CALL,710.75,712.05,708.5,712.05,140,42400,8.888964,83300,83698.71
2025-07-09 11:58:00,ATM-4,PUT,227,229.25,226.1,226.1,1800,262000,10.292066,83300,83698.71
2025-07-09 11:58:00,ATM-3,CALL,643.45,644.55,640,643.4,500,52260,8.90045,83400,83698.71
2025-07-09 11:58:00,ATM-3,PUT,258.3,261.25,257.9,257.9,1260,135140,10.256139,83400,83698.71
2025-07-09 11:58:00,ATM-2,CALL,580.55,581,576,581,3020,377940,8.972733,83500,83698.71
2025-07-09 11:58:00,ATM-2,PUT,293.5,297.1,293.2,293.2,9880,504720,10.22694,83500,83698.71
2025-07-09 11:58:00,ATM-1,CALL,517,520.6,516,519.15,7480,257520,8.961049,83600,83698.71
2025-07-09 11:58:00,ATM-1,PUT,333.8,336.8,332.7,333.5,12120,414640,10.236376,83600,83698.71
2025-07-09 11:58:00,ATM,CALL,463.95,464.3,459.9,463.95,13660,281880,9.01234,83700,83698.71
2025-07-09 11:58:00,ATM,PUT,377.25,380.75,376.55,377.45,13000,295180,10.248784,83700,83698.71
2025-07-09 11:58:00,ATM+1,CALL,411.9,411.9,407.1,411.05,7020,219480,9.022192,83800,83698.71
2025-07-09 11:58:00,ATM+1,PUT,424.95,428.8,424.1,424.2,15400,190200,10.243576,83800,83698.71
2025-07-09 11:58:00,ATM+2,CALL,361.65,362.35,358.6,361.85,5400,140080,9.023788,83900,83698.71
2025-07-09 11:58:00,ATM+2,PUT,476.3,480.5,475,476,2180,71660,10.272571,83900,83698.71
2025-07-09 11:58:00,ATM+3,CALL,315,317.15,313.75,316.45,10600,292260,9.019773,84000,83698.71
2025-07-09 11:58:00,ATM+3,PUT,530.05,535,529.1,531.05,1740,118220,10.294779,84000,83698.71
2025-07-09 11:58:00,ATM+4,CALL,276.1,276.1,273.2,275.55,1640,85380,9.027802,84100,83698.71
2025-07-09 11:58:00,ATM+4,PUT,590.55,590.55,589.3,589.3,40,18060,10.310262,84100,83698.71
2025-07-09 11:58:00,ATM+5,CALL,238,239.4,236.35,238.85,2540,113660,9.043797,84200,83698.71
2025-07-09 11:58:00,ATM+5,PUT,649.85,649.85,649.85,649.85,0,13180,10.21931,84200,83698.71
2025-07-09 11:58:00,ATM+6,CALL,204.3,205.7,203.45,205.6,1400,83820,9.053063,84300,83698.71
2025-07-09 11:58:00,ATM+6,PUT,722.65,722.65,722.65,722.65,40,5840,10.508987,84300,83698.71
2025-07-09 11:58:00,ATM+7,CALL,175.25,175.75,173.8,175.65,2220,96960,9.055251,84400,83698.71
2025-07-09 11:58:00,ATM+7,PUT,790,790,790,790,200,6140,10.510118,84400,83698.71
2025-07-09 11:58:00,ATM+8,CALL,150.35,150.35,148.4,149.55,4240,212780,9.070435,84500,83698.71
2025-07-09 11:58:00,ATM+8,PUT,857.85,857.85,857.85,857.85,0,39280,10.339408,84500,83698.71
2025-07-09 11:58:00,ATM+9,CALL,126,126.75,125.65,126.55,800,76340,9.0849,84600,83698.71
2025-07-09 11:58:00,ATM+9,PUT,939.3,939.3,939.3,939.3,0,1780,10.030868,84600,83698.71
2025-07-09 11:58:00,ATM+10,CALL,107.1,107.35,106.2,106.6,2120,92480,9.10459,84700,83698.71
2025-07-09 11:58:00,ATM+10,PUT,1015.65,1015.65,1015.65,1015.65,0,2140,10.56893,84700,83698.71
2025-07-09 11:59:00,ATM-10,CALL,1239.1,1239.1,1239.1,1239.1,0,2100,9.192255,82700,83690.31
2025-07-09 11:59:00,ATM-10,PUT,96.95,98.2,96.9,97.9,1280,78940,10.615281,82700,83690.31
2025-07-09 11:59:00,ATM-9,CALL,1104.9,1104.9,1104.9,1104.9,0,3020,8.884857,82800,83690.31
2025-07-09 11:59:00,ATM-9,PUT,111.55,113,111.55,113,2900,87720,10.533229,82800,83690.31
2025-07-09 11:59:00,ATM-8,CALL,1017.7,1017.7,1017.7,1017.7,0,2760,8.900331,82900,83690.31
2025-07-09 11:59:00,ATM-8,PUT,128.8,130.5,128.45,129.45,1140,70760,10.430402,82900,83690.31
2025-07-09 11:59:00,ATM-7,CALL,933,933.05,933,933.05,60,40440,8.891965,83000,83690.31
2025-07-09 11:59:00,ATM-7,PUT,148.5,150.5,148.5,149.8,5920,228500,10.382753,83000,83690.31
2025-07-09 11:59:00,ATM-6,CALL,852.95,852.95,852.95,852.95,20,7500,8.852884,83100,83690.31
2025-07-09 11:59:00,ATM-6,PUT,170.8,173.35,170.8,172.1,900,76500,10.318813,83100,83690.31
2025-07-09 11:59:00,ATM-5,CALL,782.9,782.9,782.9,782.9,60,12120,9.01795,83200,83690.31
2025-07-09 11:59:00,ATM-5,PUT,196.35,199,195.5,198.15,1400,101860,10.284996,83200,83690.31
2025-07-09 11:59:00,ATM-4,CALL,714.4,714.75,710.7,712.8,380,42400,9.070796,83300,83690.31
2025-07-09 11:59:00,ATM-4,PUT,225.5,228,224.5,227.85,2980,262000,10.269644,83300,83690.31
2025-07-09 11:59:00,ATM-3,CALL,646.25,646.25,644.25,644.6,280,52260,9.076766,83400,83690.31
2025-07-09 11:59:00,ATM-3,PUT,256.95,259.75,256.35,258,800,135140,10.186681,83400,83690.31
2025-07-09 11:59:00,ATM-2,CALL,582.25,584.35,578,581.3,1960,377940,9.111816,83500,83690.31
2025-07-09 11:59:00,ATM-2,PUT,292.05,296,291.8,292.95,9800,504720,10.144373,83500,83690.31
2025-07-09 11:59:00,ATM-1,CALL,521.35,522.35,517,519.55,3860,257520,9.090633,83600,83690.31
2025-07-09 11:59:00,ATM-1,PUT,331.95,335.05,331,332.8,9680,414640,10.1382,83600,83690.31
2025-07-09 11:59:00,ATM,CALL,462.95,466,461,462.8,8300,281880,9.095362,83700,83690.31
2025-07-09 11:59:00,ATM,PUT,375.95,379.5,374.45,377.4,7300,295180,10.160309,83700,83690.31
2025-07-09 11:59:00,ATM+1,CALL,410.35,412.7,408.15,408.15,6640,219480,9.056174,83800,83690.31
2025-07-09 11:59:00,ATM+1,PUT,423.65,428.95,422.35,425.75,8520,190200,10.185758,83800,83690.31
2025-07-09 11:59:00,ATM+2,CALL,362.9,364,360,360,4840,140080,9.074194,83900,83690.31
2025-07-09 11:59:00,ATM+2,PUT,474,478.8,472.45,475.55,760,71660,10.161525,83900,83690.31
2025-07-09 11:59:00,ATM+3,CALL,317.5,318.3,314.65,316.3,7460,292260,9.102591,84000,83690.31
2025-07-09 11:59:00,ATM+3,PUT,528.5,532,526.05,530.1,2740,118220,10.16413,84000,83690.31
2025-07-09 11:59:00,ATM+4,CALL,276.55,277.2,274.15,275.05,960,85380,9.09611,84100,83690.31
2025-07-09 11:59:00,ATM+4,PUT,589.3,590,587.65,590,200,18060,10.209583,84100,83690.31
2025-07-09 11:59:00,ATM+5,CALL,239.35,240,236.7,238.55,1540,113660,9.111283,84200,83690.31
2025-07-09 11:59:00,ATM+5,PUT,651.65,653.55,651,653.55,260,13180,10.261502,84200,83690.31
2025-07-09 11:59:00,ATM+6,CALL,205.65,206.75,204.15,204.8,360,83820,9.102569,84300,83690.31
2025-07-09 11:59:00,ATM+6,PUT,717.8,717.8,717.8,717.8,20,5840,10.249782,84300,83690.31
2025-07-09 11:59:00,ATM+7,CALL,176,176.5,175,175,980,96960,9.103409,84400,83690.31
2025-07-09 11:59:00,ATM+7,PUT,788,788,788,788,40,6140,10.307995,84400,83690.31
2025-07-09 11:59:00,ATM+8,CALL,149.85,151.05,149,149.45,2100,212780,9.12947,84500,83690.31
2025-07-09 11:59:00,ATM+8,PUT,862.05,862.05,862.05,862.05,20,39280,10.392195,84500,83690.31
2025-07-09 11:59:00,ATM+9,CALL,127.25,127.6,126,126.65,440,76340,9.14643,84600,83690.31
2025-07-09 11:59:00,ATM+9,PUT,945,945,945,945,140,1580,10.656458,84600,83690.31
2025-07-09 11:59:00,ATM+10,CALL,107.45,107.7,106.4,106.9,900,92480,9.169937,84700,83690.31
2025-07-09 11:59:00,ATM+10,PUT,1015.65,1015.65,1015.65,1015.65,0,2140,10.56893,84700,83690.31
2025-07-09 12:00:00,ATM-10,CALL,1239.1,1239.1,1239.1,1239.1,0,2100,9.192255,82700,83682.24
2025-07-09 12:00:00,ATM-10,PUT,97.65,98.85,96.85,98.3,1440,80240,10.581925,82700,83682.24
2025-07-09 12:00:00,ATM-9,CALL,1104.9,1104.9,1104.9,1104.9,0,3020,8.884857,82800,83682.24
2025-07-09 12:00:00,ATM-9,PUT,112.4,114.05,111.4,113.2,1940,87660,10.489609,82800,83682.24
2025-07-09 12:00:00,ATM-8,CALL,1017.7,1017.7,1017.7,1017.7,0,2760,8.900331,82900,83682.24
2025-07-09 12:00:00,ATM-8,PUT,129.5,132,128.85,130.05,880,71120,10.396991,82900,83682.24
2025-07-09 12:00:00,ATM-7,CALL,937.45,937.45,930,930,480,40660,9.008035,83000,83682.24
2025-07-09 12:00:00,ATM-7,PUT,149.5,152.5,148.35,150.95,3800,226520,10.362093,83000,83682.24
2025-07-09 12:00:00,ATM-6,CALL,854.85,854.85,850,850,100,7360,8.955904,83100,83682.24
2025-07-09 12:00:00,ATM-6,PUT,172.05,174.9,170.55,173.05,3520,76520,10.287487,83100,83682.24
2025-07-09 12:00:00,ATM-5,CALL,783.75,783.75,778.35,778.35,120,12260,9.059452,83200,83682.24
2025-07-09 12:00:00,ATM-5,PUT,197.6,201.05,196.7,198.3,1920,102400,10.22726,83200,83682.24
2025-07-09 12:00:00,ATM-4,CALL,713.7,713.7,701.1,704.2,1140,42040,8.994097,83300,83682.24
2025-07-09 12:00:00,ATM-4,PUT,226.5,230.35,225.15,228.45,3140,263260,10.219729,83300,83682.24
2025-07-09 12:00:00,ATM-3,CALL,641.05,644.6,629.65,634.7,2320,51980,8.963358,83400,83682.24
2025-07-09 12:00:00,ATM-3,PUT,258.3,262.3,257.45,260.15,3380,131680,10.170905,83400,83682.24
2025-07-09 12:00:00,ATM-2,CALL,580.35,581.7,571.25,575.45,7420,357600,9.094251,83500,83682.24
2025-07-09 12:00:00,ATM-2,PUT,293.25,298.05,291.9,294.65,9400,513240,10.111666,83500,83682.24
2025-07-09 12:00:00,ATM-1,CALL,519,520.55,510,514.2,8860,262340,9.078042,83600,83682.24
2025-07-09 12:00:00,ATM-1,PUT,332.15,338.95,331.35,335.2,14480,420620,10.116093,83600,83682.24
2025-07-09 12:00:00,ATM,CALL,461.75,463.95,453.6,459.05,19680,288800,9.112778,83700,83682.24
2025-07-09 12:00:00,ATM,PUT,376.95,383,375.35,378.75,21020,300320,10.107395,83700,83682.24
2025-07-09 12:00:00,ATM+1,CALL,408.55,410.75,401,405.75,10280,226060,9.097129,83800,83682.24
2025-07-09 12:00:00,ATM+1,PUT,423.8,430.5,422.5,425.65,10700,201920,10.092987,83800,83682.24
2025-07-09 12:00:00,ATM+2,CALL,359.75,361.85,352.85,357.15,10400,141060,9.097263,83900,83682.24
2025-07-09 12:00:00,ATM+2,PUT,474.35,482.25,473.1,477.65,3260,73860,10.112746,83900,83682.24
2025-07-09 12:00:00,ATM+3,CALL,313.65,316.7,308,312.4,20140,302240,9.093792,84000,83682.24
2025-07-09 12:00:00,ATM+3,PUT,530.4,536.7,527.45,530.9,5280,115840,10.077732,84000,83682.24
2025-07-09 12:00:00,ATM+4,CALL,274.5,275.05,269,270,3400,84920,9.05192,84100,83682.24
2025-07-09 12:00:00,ATM+4,PUT,590.95,593,586.05,593,260,17980,10.167242,84100,83682.24
2025-07-09 12:00:00,ATM+5,CALL,238.75,238.75,232,235.7,3540,113120,9.112496,84200,83682.24
2025-07-09 12:00:00,ATM+5,PUT,655.15,658.25,655,658.25,360,13080,10.252872,84200,83682.24
2025-07-09 12:00:00,ATM+6,CALL,204.4,204.8,199.5,202.4,3840,82440,9.107744,84300,83682.24
2025-07-09 12:00:00,ATM+6,PUT,719.3,725,716.5,725,640,5840,10.297041,84300,83682.24
2025-07-09 12:00:00,ATM+7,CALL,175.4,175.4,170.85,173.1,3120,97000,9.114755,84400,83682.24
2025-07-09 12:00:00,ATM+7,PUT,788,788,788,788,0,6140,10.307995,84400,83682.24
2025-07-09 12:00:00,ATM+8,CALL,150,150,145.5,147.25,6220,219760,9.125246,84500,83682.24
2025-07-09 12:00:00,ATM+8,PUT,862,871.05,862,871.05,220,39260,10.479706,84500,83682.24
2025-07-09 12:00:00,ATM+9,CALL,127,127,122.95,123.4,5500,78220,9.101538,84600,83682.24
2025-07-09 12:00:00,ATM+9,PUT,945,945,945,945,0,1580,10.656458,84600,83682.24
2025-07-09 12:00:00,ATM+10,CALL,106.65,106.95,103.55,104.95,2600,94040,9.157527,84700,83682.24
2025-07-09 12:00:00,ATM+10,PUT,1015.65,1015.65,1015.65,1015.65,0,2140,10.56893,84700,83682.24
2025-07-09 12:01:00,ATM-10,CALL,1239.1,1239.1,1239.1,1239.1,0,2100,9.192255,82700,83693.99
2025-07-09 12:01:00,ATM-10,PUT,97.9,98.45,96.85,96.85,2300,80240,10.598769,82700,83693.99
2025-07-09 12:01:00,ATM-9,CALL,1104.9,1104.9,1104.9,1104.9,0,3020,8.884857,82800,83693.99
2025-07-09 12:01:00,ATM-9,PUT,112.75,113.2,111.25,111.3,1340,87660,10.497784,82800,83693.99
2025-07-09 12:01:00,ATM-8,CALL,1017.7,1017.7,1017.7,1017.7,0,2760,8.900331,82900,83693.99
2025-07-09 12:01:00,ATM-8,PUT,129.8,130.8,128.2,128.2,1740,71120,10.414806,82900,83693.99
2025-07-09 12:01:00,ATM-7,CALL,932,932,930.25,930.25,200,40660,8.697023,83000,83693.99
2025-07-09 12:01:00,ATM-7,PUT,149.85,150.85,148.5,148.85,5660,226520,10.380222,83000,83693.99
2025-07-09 12:01:00,ATM-6,CALL,850,850,850,850,0,7360,8.955904,83100,83693.99
2025-07-09 12:01:00,ATM-6,PUT,171.85,173.2,170.15,170.3,2160,76520,10.294802,83100,83693.99
2025-07-09 12:01:00,ATM-5,CALL,781.65,783.25,781.05,783.25,360,12260,8.951267,83200,83693.99
2025-07-09 12:01:00,ATM-5,PUT,198.55,198.85,195.4,195.5,4320,102400,10.242016,83200,83693.99
2025-07-09 12:01:00,ATM-4,CALL,711.95,714.05,707.85,714.05,500,42040,9.035995,83300,83693.99
2025-07-09 12:01:00,ATM-4,PUT,227.4,228.35,224.35,224.85,4480,263260,10.22255,83300,83693.99
2025-07-09 12:01:00,ATM-3,CALL,640.8,646.3,640.8,644.1,1460,51980,9.002409,83400,83693.99
2025-07-09 12:01:00,ATM-3,PUT,258.4,260.2,255.9,255.9,5620,131680,10.166798,83400,83693.99
2025-07-09 12:01:00,ATM-2,CALL,576.75,581.3,576.4,579.8,5800,357600,9.019383,83500,83693.99
2025-07-09 12:01:00,ATM-2,PUT,294.65,295.6,290.85,291.8,14060,513240,10.151119,83500,83693.99
2025-07-09 12:01:00,ATM-1,CALL,516.1,521.15,515.4,519.2,6800,262340,9.031653,83600,83693.99
2025-07-09 12:01:00,ATM-1,PUT,335.15,335.3,330.05,330.25,13120,420620,10.114722,83600,83693.99
2025-07-09 12:01:00,ATM,CALL,459.15,464.1,458.5,462.3,12360,288800,9.037434,83700,83693.99
2025-07-09 12:01:00,ATM,PUT,377.9,379,373.3,373.6,17740,300320,10.111167,83700,83693.99
2025-07-09 12:01:00,ATM+1,CALL,406.15,410.95,405.8,409.05,8600,226060,9.034516,83800,83693.99
2025-07-09 12:01:00,ATM+1,PUT,424.8,426,420.35,421.65,13300,201920,10.133105,83800,83693.99
2025-07-09 12:01:00,ATM+2,CALL,358.1,362,356.9,361.2,6560,141060,9.062863,83900,83693.99
2025-07-09 12:01:00,ATM+2,PUT,477.85,477.85,471,471,4080,73860,10.101472,83900,83693.99
2025-07-09 12:01:00,ATM+3,CALL,312,316.55,312,315.85,11360,302240,9.055944,84000,83693.99
2025-07-09 12:01:00,ATM+3,PUT,530.95,532.75,525.5,526.7,5000,115840,10.1334,84000,83693.99
2025-07-09 12:01:00,ATM+4,CALL,272.75,275.7,272.1,274.7,2480,84920,9.054249,84100,83693.99
2025-07-09 12:01:00,ATM+4,PUT,588.1,591.55,585.65,586.2,240,17980,10.171854,84100,83693.99
2025-07-09 12:01:00,ATM+5,CALL,235.35,238.9,234.9,238.8,4340,113120,9.086268,84200,83693.99
2025-07-09 12:01:00,ATM+5,PUT,653.5,653.5,649.15,649.15,80,13080,10.211233,84200,83693.99
2025-07-09 12:01:00,ATM+6,CALL,202.4,205.2,202.05,204.3,2200,82440,9.060627,84300,83693.99
2025-07-09 12:01:00,ATM+6,PUT,719,719,718.2,718.2,40,5840,10.321307,84300,83693.99
2025-07-09 12:01:00,ATM+7,CALL,173,175.4,173,175.2,2600,97000,9.0816,84400,83693.99
2025-07-09 12:01:00,ATM+7,PUT,788,788,788,788,0,6140,10.307995,84400,83693.99
2025-07-09 12:01:00,ATM+8,CALL,147.8,149.95,147,149.4,5020,219760,9.102463,84500,83693.99
2025-07-09 12:01:00,ATM+8,PUT,865.45,865.75,860,860,300,39260,10.409027,84500,83693.99
2025-07-09 12:01:00,ATM+9,CALL,124.8,126.75,124.75,126.4,800,78220,9.114645,84600,83693.99
2025-07-09 12:01:00,ATM+9,PUT,944.7,944.7,944.7,944.7,20,1580,10.726247,84600,83693.99
2025-07-09 12:01:00,ATM+10,CALL,105.35,106.75,105.25,106.2,3100,94040,9.123824,84700,83693.99
2025-07-09 12:01:00,ATM+10,PUT,1025.3,1025.3,1025.3,1025.3,320,2160,10.872387,84700,83693.99
2025-07-09 12:02:00,ATM-10,CALL,1239.1,1239.1,1239.1,1239.1,0,2100,9.192255,82700,83690.63
2025-07-09 12:02:00,ATM-10,PUT,97.6,98,96.15,97.8,1740,80240,10.614946,82700,83690.63
2025-07-09 12:02:00,ATM-9,CALL,1104.9,1104.9,1104.9,1104.9,0,3020,8.884857,82800,83690.63
2025-07-09 12:02:00,ATM-9,PUT,111.65,112.1,110.5,111.05,420,87660,10.468288,82800,83690.63
2025-07-09 12:02:00,ATM-8,CALL,1013,1013,1013,1013,20,2700,8.819224,82900,83690.63
2025-07-09 12:02:00,ATM-8,PUT,129,130.45,128,130.05,560,71120,10.453538,82900,83690.63
2025-07-09 12:02:00,ATM-7,CALL,930.25,930.25,930.25,930.25,0,40660,8.697023,83000,83690.63
2025-07-09 12:02:00,ATM-7,PUT,149.5,150.4,147.35,150.4,2880,226520,10.404694,83000,83690.63
2025-07-09 12:02:00,ATM-6,CALL,850,850,850,850,0,7360,8.955904,83100,83690.63
2025-07-09 12:02:00,ATM-6,PUT,170.85,172.55,169.7,172.55,1700,76520,10.33547,83100,83690.63
2025-07-09 12:02:00,ATM-5,CALL,783.25,783.25,783.25,783.25,0,12260,8.951267,83200,83690.63
2025-07-09 12:02:00,ATM-5,PUT,195.85,197.25,194.65,197,960,102400,10.257532,83200,83690.63
2025-07-09 12:02:00,ATM-4,CALL,711.85,713.7,711.85,713.7,40,42040,9.091275,83300,83690.63
2025-07-09 12:02:00,ATM-4,PUT,225.6,226.95,223.5,226.95,1260,263260,10.250239,83300,83690.63
2025-07-09 12:02:00,ATM-3,CALL,646,646,640,640,680,51980,8.956283,83400,83690.63
2025-07-09 12:02:00,ATM-3,PUT,256.95,260,254.8,259.9,900,131680,10.238195,83400,83690.63
2025-07-09 12:02:00,ATM-2,CALL,580,582.5,574.85,576,5400,357600,8.979343,83500,83690.63
2025-07-09 12:02:00,ATM-2,PUT,291.85,296.5,290.55,296.2,8740,513240,10.227218,83500,83690.63
2025-07-09 12:02:00,ATM-1,CALL,519.05,521,514.7,515.3,6560,262340,8.987299,83600,83690.63
2025-07-09 12:02:00,ATM-1,PUT,331.25,335.8,329.1,335.6,11220,420620,10.208744,83600,83690.63
2025-07-09 12:02:00,ATM,CALL,463,464.85,458.6,458.6,7140,288800,8.995468,83700,83690.63
2025-07-09 12:02:00,ATM,PUT,374.05,379.55,372.1,379.45,9120,300320,10.212574,83700,83690.63
2025-07-09 12:02:00,ATM+1,CALL,408.6,411.9,406.4,406.4,6020,226060,9.014037,83800,83690.63
2025-07-09 12:02:00,ATM+1,PUT,422.4,427.5,419.1,427.05,9680,201920,10.220564,83800,83690.63
2025-07-09 12:02:00,ATM+2,CALL,360.95,362.7,356.5,357.25,3580,141060,9.009128,83900,83690.63
2025-07-09 12:02:00,ATM+2,PUT,472.9,475.15,469.9,475.05,1260,73860,10.154967,83900,83690.63
2025-07-09 12:02:00,ATM+3,CALL,314.35,317.15,312,312.85,6960,302240,9.02063,84000,83690.63
2025-07-09 12:02:00,ATM+3,PUT,525.55,533.25,525,533.25,2020,115840,10.242872,84000,83690.63
2025-07-09 12:02:00,ATM+4,CALL,275.95,275.95,271.7,271.7,460,84920,9.014953,84100,83690.63
2025-07-09 12:02:00,ATM+4,PUT,585.15,591,585.15,591,40,17980,10.238861,84100,83690.63
2025-07-09 12:02:00,ATM+5,CALL,237.85,238.85,235.95,235.95,2020,113120,9.046237,84200,83690.63
2025-07-09 12:02:00,ATM+5,PUT,647.8,647.8,647.8,647.8,20,13080,10.127457,84200,83690.63
2025-07-09 12:02:00,ATM+6,CALL,204.55,205.8,202,202,860,82440,9.029754,84300,83690.63
2025-07-09 12:02:00,ATM+6,PUT,718.2,718.2,718.2,718.2,0,5840,10.321307,84300,83690.63
2025-07-09 12:02:00,ATM+7,CALL,175.45,175.9,173.25,173.25,620,97000,9.05538,84400,83690.63
2025-07-09 12:02:00,ATM+7,PUT,788,788,788,788,0,6140,10.307995,84400,83690.63
2025-07-09 12:02:00,ATM+8,CALL,149.45,149.9,147.55,147.55,2680,219760,9.07426,84500,83690.63
2025-07-09 12:02:00,ATM+8,PUT,862,862,862,862,140,39260,10.397934,84500,83690.63
2025-07-09 12:02:00,ATM+9,CALL,125.9,127.2,124.45,124.9,2260,78220,9.091967,84600,83690.63
2025-07-09 12:02:00,ATM+9,PUT,944.7,944.7,944.7,944.7,0,1580,10.726247,84600,83690.63
2025-07-09 12:02:00,ATM+10,CALL,106.75,107.4,105.8,105.8,4340,94040,9.132899,84700,83690.63
2025-07-09 12:02:00,ATM+10,PUT,1025.3,1025.3,1025.3,1025.3,0,2160,10.872387,84700,83690.63
2025-07-09 12:03:00,ATM-10,CALL,1239.1,1239.1,1239.1,1239.1,0,2100,9.192255,82700,83691.22
2025-07-09 12:03:00,ATM-10,PUT,97.85,98,97.1,97.7,1560,80800,10.61524,82700,83691.22
2025-07-09 12:03:00,ATM-9,CALL,1104.9,1104.9,1104.9,1104.9,0,3020,8.884857,82800,83691.22
2025-07-09 12:03:00,ATM-9,PUT,112.2,112.95,111.9,112.95,460,87040,10.539211,82800,83691.22
2025-07-09 12:03:00,ATM-8,CALL,1013,1013,1013,1013,0,2700,8.819224,82900,83691.22
2025-07-09 12:03:00,ATM-8,PUT,129.65,130.5,129.15,129.2,940,70900,10.43019,82900,83691.22
2025-07-09 12:03:00,ATM-7,CALL,932.25,932.25,932.25,932.25,20,40860,8.843821,83000,83691.22
2025-07-09 12:03:00,ATM-7,PUT,150.2,150.75,149.2,149.5,2920,226320,10.381819,83000,83691.22
2025-07-09 12:03:00,ATM-6,CALL,850,850,850,850,0,7360,8.955904,83100,83691.22
2025-07-09 12:03:00,ATM-6,PUT,173.25,173.25,171.55,172.6,500,78560,10.341683,83100,83691.22
2025-07-09 12:03:00,ATM-5,CALL,783.25,783.25,783.25,783.25,0,12260,8.951267,83200,83691.22
2025-07-09 12:03:00,ATM-5,PUT,198.35,198.7,197.05,197.8,2440,102400,10.284313,83200,83691.22
2025-07-09 12:03:00,ATM-4,CALL,706.9,711.95,706.9,711.7,380,42040,9.027251,83300,83691.22
2025-07-09 12:03:00,ATM-4,PUT,225.9,228,225.9,227.15,1680,263500,10.260689,83300,83691.22
2025-07-09 12:03:00,ATM-3,CALL,643.4,643.4,640,640,480,51360,8.946901,83400,83691.22
2025-07-09 12:03:00,ATM-3,PUT,260.1,260.1,257.6,258.15,980,131680,10.200033,83400,83691.22
2025-07-09 12:03:00,ATM-2,CALL,575.6,580,574.8,577.4,4080,357600,9.005221,83500,83691.22
2025-07-09 12:03:00,ATM-2,PUT,295.65,296.4,293.5,295.35,8380,514360,10.212508,83500,83691.22
2025-07-09 12:03:00,ATM-1,CALL,515.35,518.8,515,518,2940,264560,9.043866,83600,83691.22
2025-07-09 12:03:00,ATM-1,PUT,335.9,335.9,332.55,333.9,8280,420620,10.174769,83600,83691.22
2025-07-09 12:03:00,ATM,CALL,459.4,462.45,458.65,462.45,3740,291000,9.078294,83700,83691.22
2025-07-09 12:03:00,ATM,PUT,378.9,379.85,376.45,377.7,6360,303160,10.17844,83700,83691.22
2025-07-09 12:03:00,ATM+1,CALL,406.4,410,406.4,410,4740,232440,9.09088,83800,83691.22
2025-07-09 12:03:00,ATM+1,PUT,427.05,427.1,423.6,423.7,4760,201660,10.150197,83800,83691.22
2025-07-09 12:03:00,ATM+2,CALL,357.5,359.85,357.5,359.55,2200,140740,9.056535,83900,83691.22
2025-07-09 12:03:00,ATM+2,PUT,477.85,478.6,474.4,477.35,1720,75520,10.215642,83900,83691.22
2025-07-09 12:03:00,ATM+3,CALL,313.4,314.65,312.6,314.05,4140,309100,9.043385,84000,83691.22
2025-07-09 12:03:00,ATM+3,PUT,533.1,533.1,529.15,531.75,1580,117860,10.215922,84000,83691.22
2025-07-09 12:03:00,ATM+4,CALL,272.3,274.75,272.3,273.2,1200,86480,9.04592,84100,83691.22
2025-07-09 12:03:00,ATM+4,PUT,589.1,592,589.1,592,200,18160,10.271225,84100,83691.22
2025-07-09 12:03:00,ATM+5,CALL,235.95,237.6,235.8,237.35,1440,110980,9.076257,84200,83691.22
2025-07-09 12:03:00,ATM+5,PUT,653.2,653.2,651.65,651.65,140,12940,10.230497,84200,83691.22
2025-07-09 12:03:00,ATM+6,CALL,202.65,204.75,202.55,204.05,760,82720,9.078339,84300,83691.22
2025-07-09 12:03:00,ATM+6,PUT,718.2,718.2,717.9,717.9,40,5820,10.268628,84300,83691.22
2025-07-09 12:03:00,ATM+7,CALL,173.05,175.1,173.05,174.1,2260,94780,9.074516,84400,83691.22
2025-07-09 12:03:00,ATM+7,PUT,788,788,788,788,0,6140,10.307995,84400,83691.22
2025-07-09 12:03:00,ATM+8,CALL,146.85,149.15,146.85,148.5,5960,220040,9.097998,84500,83691.22
2025-07-09 12:03:00,ATM+8,PUT,865.9,865.9,862.25,862.25,40,39260,10.416638,84500,83691.22
2025-07-09 12:03:00,ATM+9,CALL,125.55,126,125.3,125.5,300,78680,9.107122,84600,83691.22
2025-07-09 12:03:00,ATM+9,PUT,944.7,944.7,941.4,941.4,40,1640,10.573842,84600,83691.22
2025-07-09 12:03:00,ATM+10,CALL,105.5,106.45,105.5,106.45,1140,94400,9.15145,84700,83691.22
2025-07-09 12:03:00,ATM+10,PUT,1025.3,1025.3,1025.3,1025.3,0,2160,10.872387,84700,83691.22
2025-07-09 12:04:00,ATM-10,CALL,1239.1,1239.1,1239.1,1239.1,0,2100,9.192255,82700,83704.29
2025-07-09 12:04:00,ATM-10,PUT,97.9,97.95,96,96,900,80800,10.630046,82700,83704.29
2025-07-09 12:04:00,ATM-9,CALL,1104.9,1104.9,1104.9,1104.9,0,3020,8.884857,82800,83704.29
2025-07-09 12:04:00,ATM-9,PUT,112.8,112.8,110.75,110.75,300,87040,10.54471,82800,83704.29
2025-07-09 12:04:00,ATM-8,CALL,1013,1013,1013,1013,0,2700,8.819224,82900,83704.29
2025-07-09 12:04:00,ATM-8,PUT,129.7,130.2,127.8,127.8,240,70900,10.470984,82900,83704.29
2025-07-09 12:04:00,ATM-7,CALL,936.4,941.5,936.4,941.5,180,40860,8.798359,83000,83704.29
2025-07-09 12:04:00,ATM-7,PUT,149.85,150.3,147.35,147.35,2960,226320,10.406889,83000,83704.29
2025-07-09 12:04:00,ATM-6,CALL,850,850,850,850,0,7360,8.955904,83100,83704.29
2025-07-09 12:04:00,ATM-6,PUT,172.95,172.95,169.85,170.15,660,78560,10.366771,83100,83704.29
2025-07-09 12:04:00,ATM-5,CALL,783.25,783.25,783.25,783.25,0,12260,8.951267,83200,83704.29
2025-07-09 12:04:00,ATM-5,PUT,198.5,198.55,195.5,195.5,980,102400,10.322364,83200,83704.29
2025-07-09 12:04:00,ATM-4,CALL,710.85,717.25,710.85,716.95,640,42040,8.918514,83300,83704.29
2025-07-09 12:04:00,ATM-4,PUT,227.7,227.85,224.8,225.35,1740,263500,10.320493,83300,83704.29
2025-07-09 12:04:00,ATM-3,CALL,643.25,650,643.2,646.55,760,51360,8.888722,83400,83704.29
2025-07-09 12:04:00,ATM-3,PUT,259.5,259.5,255.35,255.85,1400,131680,10.255377,83400,83704.29
2025-07-09 12:04:00,ATM-2,CALL,576.35,585.75,576.35,585.55,5100,357600,9.001423,83500,83704.29
2025-07-09 12:04:00,ATM-2,PUT,295.75,296,290.6,290.9,5540,514360,10.224671,83500,83704.29
2025-07-09 12:04:00,ATM-1,CALL,517.55,524.6,516.6,524.05,6820,264560,9.002392,83600,83704.29
2025-07-09 12:04:00,ATM-1,PUT,334.95,335.3,329.8,329.95,10180,420620,10.209154,83600,83704.29
2025-07-09 12:04:00,ATM,CALL,461.3,467.5,460.2,466.45,7380,291000,9.002021,83700,83704.29
2025-07-09 12:04:00,ATM,PUT,378.95,379.15,372.85,373,11960,303160,10.205614,83700,83704.29
2025-07-09 12:04:00,ATM+1,CALL,409.1,414.85,407.6,414.35,7280,232440,9.035646,83800,83704.29
2025-07-09 12:04:00,ATM+1,PUT,425.35,426.6,420.2,420.35,10060,201660,10.219173,83800,83704.29
2025-07-09 12:04:00,ATM+2,CALL,359,365.3,359,364.6,6400,140740,9.029679,83900,83704.29
2025-07-09 12:04:00,ATM+2,PUT,477.35,477.35,470.6,470.6,1360,75520,10.216897,83900,83704.29
2025-07-09 12:04:00,ATM+3,CALL,313.85,320,313.6,319.65,7940,309100,9.041371,84000,83704.29
2025-07-09 12:04:00,ATM+3,PUT,530.95,530.95,525.45,525.75,1000,117860,10.245494,84000,83704.29
2025-07-09 12:04:00,ATM+4,CALL,273.65,278.5,272.55,278.35,1180,86480,9.04543,84100,83704.29
2025-07-09 12:04:00,ATM+4,PUT,592,592,583.5,583.5,240,18160,10.252836,84100,83704.29
2025-07-09 12:04:00,ATM+5,CALL,237.45,241.75,237.05,241.75,2980,110980,9.069507,84200,83704.29
2025-07-09 12:04:00,ATM+5,PUT,652.6,652.6,648,648,180,12940,10.340103,84200,83704.29
2025-07-09 12:04:00,ATM+6,CALL,204.2,208.3,203.4,208.3,1280,82720,9.079782,84300,83704.29
2025-07-09 12:04:00,ATM+6,PUT,717.9,717.9,717.9,717.9,0,5820,10.268628,84300,83704.29
2025-07-09 12:04:00,ATM+7,CALL,173.8,177.95,173.8,177.65,680,94780,9.069578,84400,83704.29
2025-07-09 12:04:00,ATM+7,PUT,788,788,788,788,0,6140,10.307995,84400,83704.29
2025-07-09 12:04:00,ATM+8,CALL,148.7,152,148.05,151.2,4480,220040,9.080639,84500,83704.29
2025-07-09 12:04:00,ATM+8,PUT,862.25,862.25,862.25,862.25,0,39260,10.416638,84500,83704.29
2025-07-09 12:04:00,ATM+9,CALL,126,128.6,125.65,128.6,1140,78680,9.113065,84600,83704.29
2025-07-09 12:04:00,ATM+9,PUT,931.05,931.05,931.05,931.05,20,1640,10.555844,84600,83704.29
2025-07-09 12:04:00,ATM+10,CALL,106.1,108.3,106.05,108.3,980,94400,9.128368,84700,83704.29
2025-07-09 12:04:00,ATM+10,PUT,1025.3,1025.3,1025.3,1025.3,0,2160,10.872387,84700,83704.29
2025-07-09 12:05:00,ATM-10,CALL,1239.1,1239.1,1239.1,1239.1,0,2100,9.192255,82700,83696.78
2025-07-09 12:05:00,ATM-10,PUT,95.95,97.55,95.65,97.4,2900,80800,10.638532,82700,83696.78
2025-07-09 12:05:00,ATM-9,CALL,1104.9,1104.9,1104.9,1104.9,0,3020,8.884857,82800,83696.78
2025-07-09 12:05:00,ATM-9,PUT,111,112.8,110.55,111.9,260,87040,10.53847,82800,83696.78
2025-07-09 12:05:00,ATM-8,CALL,1013,1013,1013,1013,0,2700,8.819224,82900,83696.78
2025-07-09 12:05:00,ATM-8,PUT,127.65,129.2,126.8,129.2,1480,70900,10.467894,82900,83696.78
2025-07-09 12:05:00,ATM-7,CALL,940.9,940.9,940.9,940.9,20,40860,8.985938,83000,83696.78
2025-07-09 12:05:00,ATM-7,PUT,147.6,149.8,147.15,149.6,2040,226320,10.4244,83000,83696.78
2025-07-09 12:05:00,ATM-6,CALL,850,850,850,850,0,7360,8.955904,83100,83696.78
2025-07-09 12:05:00,ATM-6,PUT,169.65,172.15,169.65,172.15,2480,78560,10.370269,83100,83696.78
2025-07-09 12:05:00,ATM-5,CALL,785.95,785.95,785.95,785.95,20,12420,8.97243,83200,83696.78
2025-07-09 12:05:00,ATM-5,PUT,195.1,198.6,195,198.3,2060,102400,10.341652,83200,83696.78
2025-07-09 12:05:00,ATM-4,CALL,716.95,716.95,716.95,716.95,0,42040,8.918514,83300,83696.78
2025-07-09 12:05:00,ATM-4,PUT,224.25,227.25,223.6,226.85,600,263500,10.299055,83300,83696.78
2025-07-09 12:05:00,ATM-3,CALL,646,646.4,642.2,642.65,780,51360,8.920174,83400,83696.78
2025-07-09 12:05:00,ATM-3,PUT,255.5,259.15,254.65,258.3,3060,131680,10.252615,83400,83696.78
2025-07-09 12:05:00,ATM-2,CALL,585.75,585.75,578.1,580.4,7640,357600,8.993526,83500,83696.78
2025-07-09 12:05:00,ATM-2,PUT,291.05,295.25,290.6,295.2,14520,514360,10.260752,83500,83696.78
2025-07-09 12:05:00,ATM-1,CALL,523.2,524.3,518.7,519.65,4260,264560,9.005615,83600,83696.78
2025-07-09 12:05:00,ATM-1,PUT,329.35,334.5,329.35,334.25,7860,420620,10.238241,83600,83696.78
2025-07-09 12:05:00,ATM,CALL,466.95,467.1,461.85,462.85,8980,291000,9.016835,83700,83696.78
2025-07-09 12:05:00,ATM,PUT,373.55,377.7,372.5,377.5,9520,303160,10.232705,83700,83696.78
2025-07-09 12:05:00,ATM+1,CALL,414.3,414.3,409.6,410.55,6120,232440,9.038636,83800,83696.78
2025-07-09 12:05:00,ATM+1,PUT,420.65,425.05,420.05,423.9,5660,201660,10.217878,83800,83696.78
2025-07-09 12:05:00,ATM+2,CALL,365.15,365.15,360,360,5700,140740,9.007107,83900,83696.78
2025-07-09 12:05:00,ATM+2,PUT,472.1,474.75,470.6,474.75,580,75520,10.223228,83900,83696.78
2025-07-09 12:05:00,ATM+3,CALL,319.35,319.45,314.9,316.1,5800,309100,9.036013,84000,83696.78
2025-07-09 12:05:00,ATM+3,PUT,526.2,531.95,525,530.8,1700,117860,10.266621,84000,83696.78
2025-07-09 12:05:00,ATM+4,CALL,278.35,278.5,274.6,275.25,780,86480,9.043584,84100,83696.78
2025-07-09 12:05:00,ATM+4,PUT,585.1,586.3,585,586.3,80,18160,10.214734,84100,83696.78
2025-07-09 12:05:00,ATM+5,CALL,241.1,241.1,237.35,238,1260,110980,9.044494,84200,83696.78
2025-07-09 12:05:00,ATM+5,PUT,648,650.65,648,650.65,40,12940,10.291357,84200,83696.78
2025-07-09 12:05:00,ATM+6,CALL,207.95,207.95,204.25,204.25,1880,82720,9.03886,84300,83696.78
2025-07-09 12:05:00,ATM+6,PUT,715.25,715.65,715.25,715.65,40,5820,10.304636,84300,83696.78
2025-07-09 12:05:00,ATM+7,CALL,178.05,178.1,175,175,3700,94780,9.057099,84400,83696.78
2025-07-09 12:05:00,ATM+7,PUT,788,788,788,788,0,6140,10.307995,84400,83696.78
2025-07-09 12:05:00,ATM+8,CALL,151.7,151.8,149,149.5,4920,220040,9.087493,84500,83696.78
2025-07-09 12:05:00,ATM+8,PUT,862.8,862.8,862.8,862.8,60,39260,10.540734,84500,83696.78
2025-07-09 12:05:00,ATM+9,CALL,128.5,128.5,126.65,126.65,820,78680,9.105639,84600,83696.78
2025-07-09 12:05:00,ATM+9,PUT,931.05,931.05,931.05,931.05,0,1640,10.555844,84600,83696.78
2025-07-09 12:05:00,ATM+10,CALL,108.1,108.4,106.45,106.95,1720,94400,9.133173,84700,83696.78
2025-07-09 12:05:00,ATM+10,PUT,1025.3,1025.3,1025.3,1025.3,0,2160,10.872387,84700,83696.78
2025-07-09 12:06:00,ATM-10,CALL,1239.1,1239.1,1239.1,1239.1,0,2100,9.192255,82700,83708.82
2025-07-09 12:06:00,ATM-10,PUT,97.3,97.3,94.25,94.4,880,81680,10.596924,82700,83708.82
2025-07-09 12:06:00,ATM-9,CALL,1104.9,1104.9,1104.9,1104.9,0,3020,8.884857,82800,83708.82
2025-07-09 12:06:00,ATM-9,PUT,110.95,110.95,108.5,108.5,3720,87420,10.49422,82800,83708.82
2025-07-09 12:06:00,ATM-8,CALL,1013,1013,1013,1013,0,2700,8.819224,82900,83708.82
2025-07-09 12:06:00,ATM-8,PUT,128.05,128.25,125.65,125.85,2740,70860,10.437388,82900,83708.82
2025-07-09 12:06:00,ATM-7,CALL,939.8,943,939.8,943,280,40860,8.724272,83000,83708.82
2025-07-09 12:06:00,ATM-7,PUT,149.5,149.5,145.05,145.05,3320,224220,10.368138,83000,83708.82
2025-07-09 12:06:00,ATM-6,CALL,862.65,862.65,862.65,862.65,20,7400,8.708177,83100,83708.82
2025-07-09 12:06:00,ATM-6,PUT,172.45,172.45,167.1,167.3,2900,77540,10.317957,83100,83708.82
2025-07-09 12:06:00,ATM-5,CALL,790,790,790,790,100,12420,8.829177,83200,83708.82
2025-07-09 12:06:00,ATM-5,PUT,198.45,198.45,192.2,192.35,5080,100320,10.271502,83200,83708.82
2025-07-09 12:06:00,ATM-4,CALL,716,720.3,716,720.3,280,42500,8.922993,83300,83708.82
2025-07-09 12:06:00,ATM-4,PUT,227.15,227.15,220.85,220.85,1760,263000,10.240417,83300,83708.82
2025-07-09 12:06:00,ATM-3,CALL,643.8,653.1,643.8,652.6,680,51600,8.966754,83400,83708.82
2025-07-09 12:06:00,ATM-3,PUT,257,257,251.9,252.7,3200,133780,10.21596,83400,83708.82
2025-07-09 12:06:00,ATM-2,CALL,579.8,587.9,579.2,586.4,3880,356780,8.952251,83500,83708.82
2025-07-09 12:06:00,ATM-2,PUT,294.45,294.45,287,287.05,9700,512180,10.173175,83500,83708.82
2025-07-09 12:06:00,ATM-1,CALL,518.7,526,518.2,525.95,7900,265920,8.984087,83600,83708.82
2025-07-09 12:06:00,ATM-1,PUT,333.7,333.7,325.25,325.8,12660,425740,10.155524,83600,83708.82
2025-07-09 12:06:00,ATM,CALL,462.5,469.6,462.5,469.55,9660,292680,9.016382,83700,83708.82
2025-07-09 12:06:00,ATM,PUT,377,377,368.3,368.75,19740,303220,10.154281,83700,83708.82
2025-07-09 12:06:00,ATM+1,CALL,409.25,416.75,409.25,416.55,8400,233680,9.03328,83800,83708.82
2025-07-09 12:06:00,ATM+1,PUT,425,425,415.7,416.75,11240,200920,10.187049,83800,83708.82
2025-07-09 12:06:00,ATM+2,CALL,361.1,367.2,361.1,366.95,8780,141540,9.035,83900,83708.82
2025-07-09 12:06:00,ATM+2,PUT,475.05,475.05,466,466.1,4680,75800,10.167728,83900,83708.82
2025-07-09 12:06:00,ATM+3,CALL,315.95,321.25,315.95,319.9,11840,309360,9.001958,84000,83708.82
2025-07-09 12:06:00,ATM+3,PUT,529.35,529.35,520,521.2,3180,117720,10.198508,84000,83708.82
2025-07-09 12:06:00,ATM+4,CALL,274.75,280.35,274.75,279.75,1060,85940,9.03682,84100,83708.82
2025-07-09 12:06:00,ATM+4,PUT,582.8,582.8,578.6,578.6,260,18160,10.200556,84100,83708.82
2025-07-09 12:06:00,ATM+5,CALL,241,242.6,240,241.95,5340,112840,9.035384,84200,83708.82
2025-07-09 12:06:00,ATM+5,PUT,649.35,649.35,641.75,641.8,180,12880,10.258786,84200,83708.82
2025-07-09 12:06:00,ATM+6,CALL,204.55,208.75,204.55,208.5,880,83500,9.048464,84300,83708.82
2025-07-09 12:06:00,ATM+6,PUT,715.65,715.65,709.65,709.65,180,5800,10.352039,84300,83708.82
2025-07-09 12:06:00,ATM+7,CALL,174.9,178.95,174.9,178.5,1600,95300,9.058349,84400,83708.82
2025-07-09 12:06:00,ATM+7,PUT,780.6,780.6,780.6,780.6,600,6160,10.448233,84400,83708.82
2025-07-09 12:06:00,ATM+8,CALL,149.1,153.05,149.1,152.7,7760,214640,9.091447,84500,83708.82
2025-07-09 12:06:00,ATM+8,PUT,858,858,850,850,400,39120,10.427238,84500,83708.82
2025-07-09 12:06:00,ATM+9,CALL,126.35,129.7,126.35,129.2,1280,78900,9.101277,84600,83708.82
2025-07-09 12:06:00,ATM+9,PUT,931.05,931.05,931.05,931.05,0,1640,10.555844,84600,83708.82
2025-07-09 12:06:00,ATM+10,CALL,107.25,109.55,107.25,109.45,1800,95000,9.137938,84700,83708.82
2025-07-09 12:06:00,ATM+10,PUT,1025.3,1025.3,1025.3,1025.3,0,2160,10.872387,84700,83708.82
2025-07-09 12:07:00,ATM-10,CALL,1239.1,1239.1,1239.1,1239.1,0,2100,9.192255,82700,83705.59
2025-07-09 12:07:00,ATM-10,PUT,94.6,95.65,93.5,95.05,3400,81680,10.603002,82700,83705.59
2025-07-09 12:07:00,ATM-9,CALL,1104.9,1104.9,1104.9,1104.9,0,3020,8.884857,82800,83705.59
2025-07-09 12:07:00,ATM-9,PUT,108.7,109.4,107.5,109.3,960,87420,10.502949,82800,83705.59
2025-07-09 12:07:00,ATM-8,CALL,1013,1013,1013,1013,0,2700,8.819224,82900,83705.59
2025-07-09 12:07:00,ATM-8,PUT,125.75,127.2,124.5,126.3,880,70860,10.431556,82900,83705.59
2025-07-09 12:07:00,ATM-7,CALL,949.9,949.9,944.45,946.65,60,40860,8.941236,83000,83705.59
2025-07-09 12:07:00,ATM-7,PUT,145.3,146.2,144,146.2,4260,224220,10.381881,83000,83705.59
2025-07-09 12:07:00,ATM-6,CALL,862.65,862.65,862.65,862.65,0,7400,8.708177,83100,83705.59
2025-07-09 12:07:00,ATM-6,PUT,167.15,169,165.6,168.4,2560,77540,10.326958,83100,83705.59
2025-07-09 12:07:00,ATM-5,CALL,790,790,790,790,0,12420,8.829177,83200,83705.59
2025-07-09 12:07:00,ATM-5,PUT,193,194.25,191.3,193.65,3340,100320,10.282999,83200,83705.59
2025-07-09 12:07:00,ATM-4,CALL,723.45,723.45,722.1,722.8,400,42500,9.054312,83300,83705.59
2025-07-09 12:07:00,ATM-4,PUT,221.8,222.8,219.1,221.8,2020,263000,10.239661,83300,83705.59
2025-07-09 12:07:00,ATM-3,CALL,652.7,656,650.85,654,1920,51600,9.059908,83400,83705.59
2025-07-09 12:07:00,ATM-3,PUT,252.15,254.25,250,253.55,2740,133780,10.210127,83400,83705.59
2025-07-09 12:07:00,ATM-2,CALL,587.9,590.75,585.5,587.45,9520,356780,9.029985,83500,83705.59
2025-07-09 12:07:00,ATM-2,PUT,288.05,290,285,288.95,10260,512180,10.190439,83500,83705.59
2025-07-09 12:07:00,ATM-1,CALL,525.3,528.95,524.4,525.05,7720,265920,9.009801,83600,83705.59
2025-07-09 12:07:00,ATM-1,PUT,326,328.6,323.05,327.5,12260,425740,10.164969,83600,83705.59
2025-07-09 12:07:00,ATM,CALL,469.5,472,467.8,469.55,15540,292680,9.059545,83700,83705.59
2025-07-09 12:07:00,ATM,PUT,370,371.05,366,370,11980,303220,10.150398,83700,83705.59
2025-07-09 12:07:00,ATM+1,CALL,415.25,419.7,415.25,417.4,10780,233680,9.092604,83800,83705.59
2025-07-09 12:07:00,ATM+1,PUT,416.8,418.5,413.35,417.8,9780,200920,10.175878,83800,83705.59
2025-07-09 12:07:00,ATM+2,CALL,366.25,369.75,365.8,366.85,10720,141540,9.069308,83900,83705.59
2025-07-09 12:07:00,ATM+2,PUT,466.2,468.4,464,468.4,2300,75800,10.182741,83900,83705.59
2025-07-09 12:07:00,ATM+3,CALL,320.7,323.75,320.25,320.95,10460,309360,9.060384,84000,83705.59
2025-07-09 12:07:00,ATM+3,PUT,520.85,523.75,517.65,522.1,5040,117720,10.178333,84000,83705.59
2025-07-09 12:07:00,ATM+4,CALL,280.15,282.6,279.3,280.1,2100,85940,9.076705,84100,83705.59
2025-07-09 12:07:00,ATM+4,PUT,577.25,581.8,577.15,581.8,180,18160,10.231753,84100,83705.59
2025-07-09 12:07:00,ATM+5,CALL,242.1,244.8,241.95,242.45,5360,112840,9.07709,84200,83705.59
2025-07-09 12:07:00,ATM+5,PUT,643.15,643.15,640,642.45,180,12880,10.226285,84200,83705.59
2025-07-09 12:07:00,ATM+6,CALL,209.1,210.95,208.65,209.15,2680,83500,9.092632,84300,83705.59
2025-07-09 12:07:00,ATM+6,PUT,709.9,711.15,709.9,711.15,160,5800,10.337152,84300,83705.59
2025-07-09 12:07:00,ATM+7,CALL,178.5,180.7,178,179,4280,95300,9.097659,84400,83705.59
2025-07-09 12:07:00,ATM+7,PUT,780.6,780.6,780.6,780.6,0,6160,10.448233,84400,83705.59
2025-07-09 12:07:00,ATM+8,CALL,152.1,154.55,152.05,152.45,11660,214640,9.108696,84500,83705.59
2025-07-09 12:07:00,ATM+8,PUT,846.05,853.25,846.05,853,240,39120,10.446302,84500,83705.59
2025-07-09 12:07:00,ATM+9,CALL,128.75,131,128.75,129.6,3700,78900,9.136528,84600,83705.59
2025-07-09 12:07:00,ATM+9,PUT,922.1,922.1,922.1,922.1,20,1680,10.328304,84600,83705.59
2025-07-09 12:07:00,ATM+10,CALL,109.45,110.45,108.2,109.3,2460,95000,9.154804,84700,83705.59
2025-07-09 12:07:00,ATM+10,PUT,1025.3,1025.3,1025.3,1025.3,0,2160,10.872387,84700,83705.59
2025-07-09 12:08:00,ATM-10,CALL,1239.1,1239.1,1239.1,1239.1,0,2100,9.192255,82700,83721.79
2025-07-09 12:08:00,ATM-10,PUT,94.9,95.2,93.2,93.2,820,81680,10.629227,82700,83721.79
2025-07-09 12:08:00,ATM-9,CALL,1104.9,1104.9,1104.9,1104.9,0,3020,8.884857,82800,83721.79
2025-07-09 12:08:00,ATM-9,PUT,109.45,109.8,107.45,107.65,2800,87420,10.545845,82800,83721.79
2025-07-09 12:08:00,ATM-8,CALL,1013,1013,1013,1013,0,2700,8.819224,82900,83721.79
2025-07-09 12:08:00,ATM-8,PUT,126.35,126.75,124.3,124.3,440,70860,10.47171,82900,83721.79
2025-07-09 12:08:00,ATM-7,CALL,946.45,950,945,950,580,40860,8.59765,83000,83721.79
2025-07-09 12:08:00,ATM-7,PUT,145.8,146.2,143.6,143.75,6400,224220,10.417744,83000,83721.79
2025-07-09 12:08:00,ATM-6,CALL,862.65,862.65,862.65,862.65,0,7400,8.708177,83100,83721.79
2025-07-09 12:08:00,ATM-6,PUT,168,169.05,165.7,165.7,7860,77540,10.365833,83100,83721.79
2025-07-09 12:08:00,ATM-5,CALL,790,790,790,790,0,12420,8.829177,83200,83721.79
2025-07-09 12:08:00,ATM-5,PUT,193.1,193.9,190.8,190.8,2980,100320,10.328342,83200,83721.79
2025-07-09 12:08:00,ATM-4,CALL,721.6,724.85,720,723.65,940,42500,8.760077,83300,83721.79
2025-07-09 12:08:00,ATM-4,PUT,221.65,222.9,218.8,218.8,2080,263000,10.291764,83300,83721.79
2025-07-09 12:08:00,ATM-3,CALL,651.55,658,651.25,657.6,980,51600,8.868329,83400,83721.79
2025-07-09 12:08:00,ATM-3,PUT,253.65,254,250.25,250.45,2760,133780,10.270662,83400,83721.79
2025-07-09 12:08:00,ATM-2,CALL,588.25,592.6,586.05,590.95,10540,356780,8.858987,83500,83721.79
2025-07-09 12:08:00,ATM-2,PUT,287.6,289.9,285,285.55,10180,512180,10.254861,83500,83721.79
2025-07-09 12:08:00,ATM-1,CALL,526.3,530.2,525,530.05,10260,265920,8.895444,83600,83721.79
2025-07-09 12:08:00,ATM-1,PUT,327,328.45,323.6,323.6,8900,425740,10.229141,83600,83721.79
2025-07-09 12:08:00,ATM,CALL,469.25,473.85,468.45,473.2,10840,292680,8.931442,83700,83721.79
2025-07-09 12:08:00,ATM,PUT,370.8,371.3,366.3,366.4,9020,303220,10.233835,83700,83721.79
2025-07-09 12:08:00,ATM+1,CALL,415.55,421,415.55,420.4,12580,233680,8.966155,83800,83721.79
2025-07-09 12:08:00,ATM+1,PUT,418.05,418.05,412.5,413,11340,200920,10.244239,83800,83721.79
2025-07-09 12:08:00,ATM+2,CALL,366.25,371,366,371,6520,141540,8.984751,83900,83721.79
2025-07-09 12:08:00,ATM+2,PUT,467.45,469.25,463,463.4,1740,75800,10.259834,83900,83721.79
2025-07-09 12:08:00,ATM+3,CALL,321,324.6,320.55,324.6,6960,309360,8.97864,84000,83721.79
2025-07-09 12:08:00,ATM+3,PUT,521.55,522.9,517.25,517.25,3040,117720,10.272901,84000,83721.79
2025-07-09 12:08:00,ATM+4,CALL,279.65,283.4,279.5,283.4,2960,85940,9.000259,84100,83721.79
2025-07-09 12:08:00,ATM+4,PUT,579.3,579.4,575,575,220,18160,10.295046,84100,83721.79
2025-07-09 12:08:00,ATM+5,CALL,242.15,245.4,241.4,245.4,3860,112840,9.005079,84200,83721.79
2025-07-09 12:08:00,ATM+5,PUT,641.1,641.1,640.4,640.4,40,12880,10.418914,84200,83721.79
2025-07-09 12:08:00,ATM+6,CALL,208.75,211.45,208.25,211.2,1340,83500,9.010061,84300,83721.79
2025-07-09 12:08:00,ATM+6,PUT,711.15,711.15,711.15,711.15,0,5800,10.337152,84300,83721.79
2025-07-09 12:08:00,ATM+7,CALL,178.15,181.15,177.95,181.15,1320,95300,9.02887,84400,83721.79
2025-07-09 12:08:00,ATM+7,PUT,780.6,780.6,780.6,780.6,0,6160,10.448233,84400,83721.79
2025-07-09 12:08:00,ATM+8,CALL,152.15,154.4,151.95,154.35,2360,214640,9.043894,84500,83721.79
2025-07-09 12:08:00,ATM+8,PUT,850,850,847.15,847.15,180,39120,10.599014,84500,83721.79
2025-07-09 12:08:00,ATM+9,CALL,128.85,131.4,128.55,131.2,1220,78900,9.073136,84600,83721.79
2025-07-09 12:08:00,ATM+9,PUT,922.1,922.1,922.1,922.1,0,1680,10.328304,84600,83721.79
2025-07-09 12:08:00,ATM+10,CALL,108.85,110.7,108.45,110.3,3940,95000,9.081787,84700,83721.79
2025-07-09 12:08:00,ATM+10,PUT,1025.3,1025.3,1025.3,1025.3,0,2160,10.872387,84700,83721.79
2025-07-09 12:09:00,ATM-10,CALL,1239.1,1239.1,1239.1,1239.1,0,2100,9.192255,82700,83736.51
2025-07-09 12:09:00,ATM-10,PUT,93.4,93.4,88.75,88.75,7700,81700,10.542601,82700,83736.51
2025-07-09 12:09:00,ATM-9,CALL,1104.9,1104.9,1104.9,1104.9,0,3020,8.884857,82800,83736.51
2025-07-09 12:09:00,ATM-9,PUT,107.5,108.05,102.6,103.2,3500,90360,10.476563,82800,83736.51
2025-07-09 12:09:00,ATM-8,CALL,1013,1013,1013,1013,0,2700,8.819224,82900,83736.51
2025-07-09 12:09:00,ATM-8,PUT,124.15,124.15,118.5,118.6,1540,71380,10.376011,82900,83736.51
2025-07-09 12:09:00,ATM-7,CALL,955,966.9,955,966.9,1440,40680,8.768434,83000,83736.51
2025-07-09 12:09:00,ATM-7,PUT,143.7,144.45,137.55,137.95,14660,224160,10.336695,83000,83736.51
2025-07-09 12:09:00,ATM-6,CALL,872,872,872,872,20,7400,8.293544,83100,83736.51
2025-07-09 12:09:00,ATM-6,PUT,165.85,166.65,158.4,158.4,7260,76620,10.256808,83100,83736.51
2025-07-09 12:09:00,ATM-5,CALL,800.25,811.1,800.25,811.1,360,12300,8.835172,83200,83736.51
2025-07-09 12:09:00,ATM-5,PUT,191.45,191.45,182.45,182.45,7480,100320,10.207732,83200,83736.51
2025-07-09 12:09:00,ATM-4,CALL,727.85,741.5,727.85,738.85,840,42500,8.88561,83300,83736.51
2025-07-09 12:09:00,ATM-4,PUT,220.1,220.1,209.6,209.6,13060,263140,10.166243,83300,83736.51
2025-07-09 12:09:00,ATM-3,CALL,657.6,674.05,657.6,669.25,3560,51380,8.90838,83400,83736.51
2025-07-09 12:09:00,ATM-3,PUT,250.55,251.3,240,241,11180,133780,10.155992,83400,83736.51
2025-07-09 12:09:00,ATM-2,CALL,592.15,605.7,590.1,605.05,19060,356780,8.972147,83500,83736.51
2025-07-09 12:09:00,ATM-2,PUT,285,286.85,273.7,274.85,51100,507500,10.125479,83500,83736.51
2025-07-09 12:09:00,ATM-1,CALL,529.2,542.55,528.65,540.85,20760,265400,8.939218,83600,83736.51
2025-07-09 12:09:00,ATM-1,PUT,323.75,325,311,312.9,35760,425740,10.115234,83600,83736.51
2025-07-09 12:09:00,ATM,CALL,473.85,485.85,471.75,484.15,33960,289820,8.991654,83700,83736.51
2025-07-09 12:09:00,ATM,PUT,366.5,368.2,353,353,36180,302600,10.071028,83700,83736.51
2025-07-09 12:09:00,ATM+1,CALL,420.9,432.8,419.6,430.45,39700,231700,9.018605,83800,83736.51
2025-07-09 12:09:00,ATM+1,PUT,412.8,414.55,397.85,397.85,39400,204380,10.054859,83800,83736.51
2025-07-09 12:09:00,ATM+2,CALL,370.4,381,369,379.65,27760,145520,9.018571,83900,83736.51
2025-07-09 12:09:00,ATM+2,PUT,463.8,465,448.85,449,9800,77280,10.100448,83900,83736.51
2025-07-09 12:09:00,ATM+3,CALL,323.5,333.7,323.5,332.45,25460,310380,9.008001,84000,83736.51
2025-07-09 12:09:00,ATM+3,PUT,517.25,518.75,501.2,501.2,11040,118440,10.086508,84000,83736.51
2025-07-09 12:09:00,ATM+4,CALL,283.4,290.8,282.85,290.55,9140,86440,9.027435,84100,83736.51
2025-07-09 12:09:00,ATM+4,PUT,574.5,575.95,559.45,559.5,1140,18080,10.131193,84100,83736.51
2025-07-09 12:09:00,ATM+5,CALL,245,253.15,244.2,251.05,8720,114160,9.010465,84200,83736.51
2025-07-09 12:09:00,ATM+5,PUT,631.05,631.05,622,622,640,12820,10.193703,84200,83736.51
2025-07-09 12:09:00,ATM+6,CALL,210.8,218.5,210.8,217.4,6580,83960,9.043476,84300,83736.51
2025-07-09 12:09:00,ATM+6,PUT,704.2,704.2,686.05,687.85,180,5820,10.257676,84300,83736.51
2025-07-09 12:09:00,ATM+7,CALL,181.7,187.3,180.1,185.35,4940,95400,9.024806,84400,83736.51
2025-07-09 12:09:00,ATM+7,PUT,773.3,773.3,773.3,773.3,40,6160,10.741943,84400,83736.51
2025-07-09 12:09:00,ATM+8,CALL,154.45,159.75,153.8,158.8,10100,219260,9.06046,84500,83736.51
2025-07-09 12:09:00,ATM+8,PUT,833.6,833.6,826.7,826.7,400,39040,10.330425,84500,83736.51
2025-07-09 12:09:00,ATM+9,CALL,130.6,135.9,130.2,134.9,4860,79160,9.082048,84600,83736.51
2025-07-09 12:09:00,ATM+9,PUT,922.1,922.1,922.1,922.1,0,1680,10.328304,84600,83736.51
2025-07-09 12:09:00,ATM+10,CALL,110.5,114.95,110.45,114.4,5520,95060,9.11822,84700,83736.51
2025-07-09 12:09:00,ATM+10,PUT,1000,1000,999,999,40,2120,11.047879,84700,83736.51
2025-07-09 12:10:00,ATM-10,CALL,1239.1,1239.1,1239.1,1239.1,0,2100,9.192255,82700,83745.08
2025-07-09 12:10:00,ATM-10,PUT,90,90,88.7,90,3300,81700,10.643316,82700,83745.08
2025-07-09 12:10:00,ATM-9,CALL,1104.9,1104.9,1104.9,1104.9,0,3020,8.884857,82800,83745.08
2025-07-09 12:10:00,ATM-9,PUT,103.15,103.75,102.5,102.9,1320,90360,10.51892,82800,83745.08
2025-07-09 12:10:00,ATM-8,CALL,1013,1013,1013,1013,0,2700,8.819224,82900,83745.08
2025-07-09 12:10:00,ATM-8,PUT,119.75,120.4,118.7,120.15,2720,71380,10.484328,82900,83745.08
2025-07-09 12:10:00,ATM-7,CALL,962.2,968.1,962.2,968.1,180,40680,8.556451,83000,83745.08
2025-07-09 12:10:00,ATM-7,PUT,138.75,139.05,136.9,139,4440,224160,10.42831,83000,83745.08
2025-07-09 12:10:00,ATM-6,CALL,889.45,889.45,887.3,887.3,120,7400,8.575326,83100,83745.08
2025-07-09 12:10:00,ATM-6,PUT,159.15,160.5,158.05,158.55,1160,76620,10.322572,83100,83745.08
2025-07-09 12:10:00,ATM-5,CALL,811.1,813.05,811.1,813,100,12300,8.696323,83200,83745.08
2025-07-09 12:10:00,ATM-5,PUT,184.2,184.65,182,184.6,3700,100320,10.332487,83200,83745.08
2025-07-09 12:10:00,ATM-4,CALL,739.95,741.75,739.3,741.75,80,42500,8.792966,83300,83745.08
2025-07-09 12:10:00,ATM-4,PUT,211.55,211.55,209.25,211,3160,263140,10.271683,83300,83745.08
2025-07-09 12:10:00,ATM-3,CALL,668.55,673.45,666.85,670.35,1440,51380,8.781831,83400,83745.08
2025-07-09 12:10:00,ATM-3,PUT,242.15,242.25,239.2,241.6,7400,133780,10.243509,83400,83745.08
2025-07-09 12:10:00,ATM-2,CALL,603.35,608,600.4,603,10380,356780,8.780895,83500,83745.08
2025-07-09 12:10:00,ATM-2,PUT,275.7,276,273.1,275.75,18340,507500,10.224267,83500,83745.08
2025-07-09 12:10:00,ATM-1,CALL,540.6,544.3,538.3,540,15020,265400,8.791781,83600,83745.08
2025-07-09 12:10:00,ATM-1,PUT,313.85,314.3,310.2,313.5,11060,425740,10.211194,83600,83745.08
2025-07-09 12:10:00,ATM,CALL,482.4,487.6,480.75,483,21760,289820,8.849119,83700,83745.08
2025-07-09 12:10:00,ATM,PUT,355.35,356.15,352.05,356,22340,302600,10.228411,83700,83745.08
2025-07-09 12:10:00,ATM+1,CALL,428.65,433.7,427.3,429.75,22740,231700,8.896685,83800,83745.08
2025-07-09 12:10:00,ATM+1,PUT,400.9,402.3,397.35,401.35,13180,204380,10.229143,83800,83745.08
2025-07-09 12:10:00,ATM+2,CALL,377.6,382,376.55,378.45,17160,145520,8.893669,83900,83745.08
2025-07-09 12:10:00,ATM+2,PUT,451.75,451.75,446.35,451,8740,77280,10.246683,83900,83745.08
2025-07-09 12:10:00,ATM+3,CALL,330,335.2,330,332,39800,310380,8.907807,84000,83745.08
2025-07-09 12:10:00,ATM+3,PUT,504.65,505.05,500,504.5,11520,118440,10.270753,84000,83745.08
2025-07-09 12:10:00,ATM+4,CALL,288.65,293,288.6,290,5540,86440,8.931257,84100,83745.08
2025-07-09 12:10:00,ATM+4,PUT,561.55,561.55,558,558.85,480,18080,10.232168,84100,83745.08
2025-07-09 12:10:00,ATM+5,CALL,250.7,253.95,249.6,251.6,5440,114160,8.946477,84200,83745.08
2025-07-09 12:10:00,ATM+5,PUT,622,623.2,619.55,623.15,320,12820,10.346901,84200,83745.08
2025-07-09 12:10:00,ATM+6,CALL,215.55,218.95,215.55,216.6,5580,83960,8.951111,84300,83745.08
2025-07-09 12:10:00,ATM+6,PUT,687,687,687,687,20,5820,10.372874,84300,83745.08
2025-07-09 12:10:00,ATM+7,CALL,184.95,187.8,184.95,187.2,3180,95400,9.006108,84400,83745.08
2025-07-09 12:10:00,ATM+7,PUT,754.95,757.6,754.7,755,200,6160,10.422848,84400,83745.08
2025-07-09 12:10:00,ATM+8,CALL,157.65,160.35,157.65,158.8,11020,219260,8.996984,84500,83745.08
2025-07-09 12:10:00,ATM+8,PUT,825,825,825,825,20,39040,10.446506,84500,83745.08
2025-07-09 12:10:00,ATM+9,CALL,133.95,136.3,133.6,134.75,3240,79160,9.017771,84600,83745.08
2025-07-09 12:10:00,ATM+9,PUT,902,902,902,902,20,1680,10.583975,84600,83745.08
2025-07-09 12:10:00,ATM+10,CALL,113.7,115.3,113,113.8,7440,95060,9.042372,84700,83745.08
2025-07-09 12:10:00,ATM+10,PUT,980.1,980.1,980.1,980.1,20,2120,10.685523,84700,83745.08
2025-07-09 12:11:00,ATM-10,CALL,1239.1,1239.1,1239.1,1239.1,0,2100,9.192255,82700,83742.91
2025-07-09 12:11:00,ATM-10,PUT,90,90.1,89.35,89.35,720,81700,10.605237,82700,83742.91
2025-07-09 12:11:00,ATM-9,CALL,1104.9,1104.9,1104.9,1104.9,0,3020,8.884857,82800,83742.91
2025-07-09 12:11:00,ATM-9,PUT,103.05,104.2,103,103.5,640,90360,10.52801,82800,83742.91
2025-07-09 12:11:00,ATM-8,CALL,1013,1013,1013,1013,0,2700,8.819224,82900,83742.91
2025-07-09 12:11:00,ATM-8,PUT,120,120.5,119.4,119.4,660,71380,10.44539,82900,83742.91
2025-07-09 12:11:00,ATM-7,CALL,968,968,962.5,966.55,300,40680,8.566741,83000,83742.91
2025-07-09 12:11:00,ATM-7,PUT,138.15,139.5,138,138,2200,224160,10.382516,83000,83742.91
2025-07-09 12:11:00,ATM-6,CALL,887.05,887.05,887.05,887.05,60,7400,8.625528,83100,83742.91
2025-07-09 12:11:00,ATM-6,PUT,159.55,160.35,158.85,159.4,920,76620,10.332857,83100,83742.91
2025-07-09 12:11:00,ATM-5,CALL,810,813,810,813,80,12300,8.747374,83200,83742.91
2025-07-09 12:11:00,ATM-5,PUT,183.7,185.2,183.1,183.75,3000,100320,10.29293,83200,83742.91
2025-07-09 12:11:00,ATM-4,CALL,741.65,741.65,737.25,740.8,320,42500,8.811627,83300,83742.91
2025-07-09 12:11:00,ATM-4,PUT,210.9,212.3,210.6,211.15,2120,263140,10.258972,83300,83742.91
2025-07-09 12:11:00,ATM-3,CALL,670.25,670.25,667.3,669,840,51380,8.786875,83400,83742.91
2025-07-09 12:11:00,ATM-3,PUT,241.65,242.85,240.7,240.7,1160,133780,10.20287,83400,83742.91
2025-07-09 12:11:00,ATM-2,CALL,603.5,606,601.75,603.8,4520,356780,8.837572,83500,83742.91
2025-07-09 12:11:00,ATM-2,PUT,275.1,277,274.15,274.9,9000,507500,10.18453,83500,83742.91
2025-07-09 12:11:00,ATM-1,CALL,540.4,542.95,538.35,540.75,5340,265400,8.843112,83600,83742.91
2025-07-09 12:11:00,ATM-1,PUT,312.45,314,311.55,312.2,6680,425740,10.160019,83600,83742.91
2025-07-09 12:11:00,ATM,CALL,483.25,485.15,481.25,484.05,12440,289820,8.904082,83700,83742.91
2025-07-09 12:11:00,ATM,PUT,355.15,356.4,353.7,354,9820,302600,10.160043,83700,83742.91
2025-07-09 12:11:00,ATM+1,CALL,431.3,432.3,428.1,431.05,14800,231700,8.954544,83800,83742.91
2025-07-09 12:11:00,ATM+1,PUT,400.35,402.55,399.8,400.6,6260,204380,10.188711,83800,83742.91
2025-07-09 12:11:00,ATM+2,CALL,379.25,380.75,377.1,379.95,4940,145520,8.953827,83900,83742.91
2025-07-09 12:11:00,ATM+2,PUT,450.5,451.75,448.7,449.25,2780,77280,10.1815,83900,83742.91
2025-07-09 12:11:00,ATM+3,CALL,332.1,333.25,330.8,332.85,8100,310380,8.951166,84000,83742.91
2025-07-09 12:11:00,ATM+3,PUT,504.55,506.1,502.05,502.8,3520,118440,10.204615,84000,83742.91
2025-07-09 12:11:00,ATM+4,CALL,289.5,291.1,288.4,290.6,4360,86440,8.967358,84100,83742.91
2025-07-09 12:11:00,ATM+4,PUT,558.75,563.15,558.75,563.15,700,18080,10.304274,84100,83742.91
2025-07-09 12:11:00,ATM+5,CALL,252.2,252.2,250.35,251.4,2580,114160,8.962056,84200,83742.91
2025-07-09 12:11:00,ATM+5,PUT,620.3,624,620.3,624,180,12820,10.336033,84200,83742.91
2025-07-09 12:11:00,ATM+6,CALL,217.2,217.7,215.4,216.9,2160,83960,8.977775,84300,83742.91
2025-07-09 12:11:00,ATM+6,PUT,687,687,687,687,280,5820,10.338948,84300,83742.91
2025-07-09 12:11:00,ATM+7,CALL,186,186.5,184.6,185.6,2440,95400,8.98179,84400,83742.91
2025-07-09 12:11:00,ATM+7,PUT,758.55,758.55,756.95,756.95,180,6160,10.43569,84400,83742.91
2025-07-09 12:11:00,ATM+8,CALL,158.3,159.1,157.85,157.9,5100,219260,8.988667,84500,83742.91
2025-07-09 12:11:00,ATM+8,PUT,825,825,825,825,0,39040,10.446506,84500,83742.91
2025-07-09 12:11:00,ATM+9,CALL,135,135.05,133.65,134.4,2700,79160,9.023231,84600,83742.91
2025-07-09 12:11:00,ATM+9,PUT,902,902,902,902,0,1680,10.583975,84600,83742.91
2025-07-09 12:11:00,ATM+10,CALL,114.2,114.3,113.3,113.85,2700,95060,9.059067,84700,83742.91
2025-07-09 12:11:00,ATM+10,PUT,980.1,980.1,980.1,980.1,0,2120,10.685523,84700,83742.91
2025-07-09 12:12:00,ATM-10,CALL,1239.1,1239.1,1239.1,1239.1,0,2100,9.192255,82700,83743.61
2025-07-09 12:12:00,ATM-10,PUT,89.1,89.8,88.6,89.15,1800,81820,10.601944,82700,83743.61
2025-07-09 12:12:00,ATM-9,CALL,1104.9,1104.9,1104.9,1104.9,0,3020,8.884857,82800,83743.61
2025-07-09 12:12:00,ATM-9,PUT,103,103.5,101.6,102.9,1220,90700,10.510855,82800,83743.61
2025-07-09 12:12:00,ATM-8,CALL,1013,1013,1013,1013,0,2700,8.819224,82900,83743.61
2025-07-09 12:12:00,ATM-8,PUT,119.9,119.9,118.15,118.5,1020,69600,10.419812,82900,83743.61
2025-07-09 12:12:00,ATM-7,CALL,963.3,968.05,963.3,968.05,100,38840,8.601231,83000,83743.61
2025-07-09 12:12:00,ATM-7,PUT,138.35,138.45,136.8,138.15,1660,228520,10.39247,83000,83743.61
2025-07-09 12:12:00,ATM-6,CALL,887.05,887.05,887.05,887.05,0,7400,8.625528,83100,83743.61
2025-07-09 12:12:00,ATM-6,PUT,159.8,159.8,157,159.3,1060,76740,10.335335,83100,83743.61
2025-07-09 12:12:00,ATM-5,CALL,813.7,813.7,813.7,813.7,60,11980,8.753147,83200,83743.61
2025-07-09 12:12:00,ATM-5,PUT,184.45,184.45,181.9,182.6,4020,100960,10.266438,83200,83743.61
2025-07-09 12:12:00,ATM-4,CALL,739.6,744.6,739.6,743.85,480,42040,8.883236,83300,83743.61
2025-07-09 12:12:00,ATM-4,PUT,211,211.2,208.7,210.5,1920,268360,10.247672,83300,83743.61
2025-07-09 12:12:00,ATM-3,CALL,674,674.05,672.65,673.65,280,50800,8.897145,83400,83743.61
2025-07-09 12:12:00,ATM-3,PUT,241.05,241.2,237.7,240.2,3180,137680,10.196431,83400,83743.61
2025-07-09 12:12:00,ATM-2,CALL,602.35,608.45,602.35,605.55,3140,343860,8.870655,83500,83743.61
2025-07-09 12:12:00,ATM-2,PUT,275,275.55,271.4,274,15660,500000,10.169061,83500,83743.61
2025-07-09 12:12:00,ATM-1,CALL,540.85,545,540,544.1,6320,261100,8.914298,83600,83743.61
2025-07-09 12:12:00,ATM-1,PUT,312,312.75,308.75,311.85,10300,425300,10.158699,83600,83743.61
2025-07-09 12:12:00,ATM,CALL,484,487.85,482.3,486.7,19060,298120,8.957639,83700,83743.61
2025-07-09 12:12:00,ATM,PUT,354.75,355.25,351,353.95,10920,306080,10.166356,83700,83743.61
2025-07-09 12:12:00,ATM+1,CALL,430,433.65,429.25,432.7,14140,244920,8.984787,83800,83743.61
2025-07-09 12:12:00,ATM+1,PUT,401.1,401.1,396,400.1,13800,201300,10.185106,83800,83743.61
2025-07-09 12:12:00,ATM+2,CALL,379.15,382.3,378,381.4,7900,141760,8.979974,83900,83743.61
2025-07-09 12:12:00,ATM+2,PUT,449.4,450.2,445.15,448.6,5380,74480,10.175014,83900,83743.61
2025-07-09 12:12:00,ATM+3,CALL,331.7,335.4,331.35,334.55,10420,326020,8.98393,84000,83743.61
2025-07-09 12:12:00,ATM+3,PUT,502.75,504,498,501.6,4020,124800,10.185908,84000,83743.61
2025-07-09 12:12:00,ATM+4,CALL,289.1,292.3,288.85,290.85,3340,85380,8.967066,84100,83743.61
2025-07-09 12:12:00,ATM+4,PUT,557.8,557.8,557.8,557.8,40,18280,10.188413,84100,83743.61
2025-07-09 12:12:00,ATM+5,CALL,251.05,253.7,249.7,252.85,4560,108220,8.99152,84200,83743.61
2025-07-09 12:12:00,ATM+5,PUT,620,620,620,620,20,12940,10.250704,84200,83743.61
2025-07-09 12:12:00,ATM+6,CALL,216,218.45,215.25,217.95,3760,84720,8.998914,84300,83743.61
2025-07-09 12:12:00,ATM+6,PUT,683.55,685.9,683.55,685.9,40,5900,10.323232,84300,83743.61
2025-07-09 12:12:00,ATM+7,CALL,185.3,187.1,184.35,186.9,3600,96780,9.01119,84400,83743.61
2025-07-09 12:12:00,ATM+7,PUT,752,752,752,752,20,6160,10.321668,84400,83743.61
2025-07-09 12:12:00,ATM+8,CALL,157.7,159.95,156.7,159,3840,218040,9.014841,84500,83743.61
2025-07-09 12:12:00,ATM+8,PUT,825,825,825,825,200,39000,10.419593,84500,83743.61
2025-07-09 12:12:00,ATM+9,CALL,133.75,135.85,133.6,135.05,2860,80260,9.038355,84600,83743.61
2025-07-09 12:12:00,ATM+9,PUT,902,902,902,902,20,1660,10.554651,84600,83743.61
2025-07-09 12:12:00,ATM+10,CALL,113,114.85,112.45,114.4,6060,95400,9.072747,84700,83743.61
2025-07-09 12:12:00,ATM+10,PUT,980.1,980.1,980.1,980.1,0,2120,10.685523,84700,83743.61
2025-07-09 12:13:00,ATM-10,CALL,1239.1,1239.1,1239.1,1239.1,0,2100,9.192255,82700,83745.48
2025-07-09 12:13:00,ATM-10,PUT,90.1,90.25,89.35,90.25,740,81820,10.657096,82700,83745.48
2025-07-09 12:13:00,ATM-9,CALL,1104.9,1104.9,1104.9,1104.9,0,3020,8.884857,82800,83745.48
2025-07-09 12:13:00,ATM-9,PUT,103.15,104.2,103,103.5,480,90700,10.544855,82800,83745.48
2025-07-09 12:13:00,ATM-8,CALL,1051.15,1051.15,1050.95,1050.95,80,2700,8.49324,82900,83745.48
2025-07-09 12:13:00,ATM-8,PUT,120,120.6,119.25,119.3,840,69600,10.459537,82900,83745.48
2025-07-09 12:13:00,ATM-7,CALL,969.2,969.95,965.35,969.95,80,38840,8.614843,83000,83745.48
2025-07-09 12:13:00,ATM-7,PUT,138.2,139.35,137.6,138.45,2980,228520,10.415077,83000,83745.48
2025-07-09 12:13:00,ATM-6,CALL,887.05,887.05,887.05,887.05,0,7400,8.625528,83100,83745.48
2025-07-09 12:13:00,ATM-6,PUT,159.6,160,159.25,160,180,76740,10.369845,83100,83745.48
2025-07-09 12:13:00,ATM-5,CALL,813.7,813.7,813.7,813.7,0,11980,8.753147,83200,83745.48
2025-07-09 12:13:00,ATM-5,PUT,184.2,184.2,182.75,183.7,520,100960,10.31169,83200,83745.48
2025-07-09 12:13:00,ATM-4,CALL,738.9,742,738.9,742,440,42040,8.794222,83300,83745.48
2025-07-09 12:13:00,ATM-4,PUT,211,211.55,209.9,211.5,1320,268360,10.289509,83300,83745.48
2025-07-09 12:13:00,ATM-3,CALL,670.65,673,670,670,820,50800,8.767601,83400,83745.48
2025-07-09 12:13:00,ATM-3,PUT,241,242,240,241.75,2940,137680,10.252013,83400,83745.48
2025-07-09 12:13:00,ATM-2,CALL,605.8,607.8,603.8,605.15,4140,343860,8.830528,83500,83745.48
2025-07-09 12:13:00,ATM-2,PUT,274.35,276.6,273.15,275.75,7440,500000,10.229128,83500,83745.48
2025-07-09 12:13:00,ATM-1,CALL,543.2,544.7,540.9,540.9,3640,261100,8.809751,83600,83745.48
2025-07-09 12:13:00,ATM-1,PUT,312.55,313.9,310.8,313.15,3880,425300,10.207887,83600,83745.48
2025-07-09 12:13:00,ATM,CALL,485.75,487,483.45,483.45,6620,298120,8.856409,83700,83745.48
2025-07-09 12:13:00,ATM,PUT,354.4,355.85,352.15,355.75,9080,306080,10.227839,83700,83745.48
2025-07-09 12:13:00,ATM+1,CALL,430.95,433.1,430,430,10380,244920,8.899594,83800,83745.48
2025-07-09 12:13:00,ATM+1,PUT,400.45,402.15,398,400.65,5560,201300,10.218463,83800,83745.48
2025-07-09 12:13:00,ATM+2,CALL,380.6,382.5,379,379,4140,141760,8.903832,83900,83745.48
2025-07-09 12:13:00,ATM+2,PUT,449.2,450.8,447,450.8,2400,74480,10.247883,83900,83745.48
2025-07-09 12:13:00,ATM+3,CALL,333.65,335.1,332.3,332.65,14460,326020,8.920685,84000,83745.48
2025-07-09 12:13:00,ATM+3,PUT,502.25,504.4,500.05,504.4,3880,124800,10.274564,84000,83745.48
2025-07-09 12:13:00,ATM+4,CALL,291,292.65,289.85,289.85,2040,85380,8.925772,84100,83745.48
2025-07-09 12:13:00,ATM+4,PUT,557,557.85,557,557.85,280,18280,10.215157,84100,83745.48
2025-07-09 12:13:00,ATM+5,CALL,251.8,253.6,251.35,251.5,1340,108220,8.942352,84200,83745.48
2025-07-09 12:13:00,ATM+5,PUT,619.5,620.15,618.75,618.75,60,12940,10.248353,84200,83745.48
2025-07-09 12:13:00,ATM+6,CALL,217.75,218.75,216.6,216.6,1620,84720,8.949629,84300,83745.48
2025-07-09 12:13:00,ATM+6,PUT,687.6,687.6,684.85,685.3,140,5900,10.338315,84300,83745.48
2025-07-09 12:13:00,ATM+7,CALL,185.85,187,185.3,185.3,1220,96780,8.954656,84400,83745.48
2025-07-09 12:13:00,ATM+7,PUT,752,752,752,752,0,6160,10.321668,84400,83745.48
2025-07-09 12:13:00,ATM+8,CALL,159,160,158.2,158.2,2020,218040,8.979089,84500,83745.48
2025-07-09 12:13:00,ATM+8,PUT,825.5,828.35,825.5,826.15,120,39000,10.485391,84500,83745.48
2025-07-09 12:13:00,ATM+9,CALL,134.65,135.45,134.2,134.25,700,80260,9.001865,84600,83745.48
2025-07-09 12:13:00,ATM+9,PUT,903.55,903.55,903.55,903.55,20,1660,10.635956,84600,83745.48
2025-07-09 12:13:00,ATM+10,CALL,114.1,114.5,113.5,113.5,5080,95400,9.03188,84700,83745.48
2025-07-09 12:13:00,ATM+10,PUT,980,980,980,980,20,2160,10.692176,84700,83745.48
2025-07-09 12:14:00,ATM-10,CALL,1239.1,1239.1,1239.1,1239.1,0,2100,9.192255,82800,83750.23
2025-07-09 12:14:00,ATM-10,PUT,103.6,104.1,102.25,102.25,1520,90700,10.528723,82800,83750.23
2025-07-09 12:14:00,ATM-9,CALL,1104.9,1104.9,1104.9,1104.9,0,3020,8.884857,82900,83750.23
2025-07-09 12:14:00,ATM-9,PUT,120.45,120.45,118.45,118.6,1920,69600,10.46679,82900,83750.23
2025-07-09 12:14:00,ATM-8,CALL,968.15,975,968.15,975,180,38840,8.656097,83000,83750.23
2025-07-09 12:14:00,ATM-8,PUT,139.3,139.3,136.4,137.4,4120,228520,10.414371,83000,83750.23
2025-07-09 12:14:00,ATM-7,CALL,969.95,969.95,969.95,969.95,0,38840,8.614843,83100,83750.23
2025-07-09 12:14:00,ATM-7,PUT,159.9,160.2,157.55,157.55,700,76740,10.331202,83100,83750.23
2025-07-09 12:14:00,ATM-6,CALL,887.05,887.05,887.05,887.05,0,7400,8.625528,83200,83750.23
2025-07-09 12:14:00,ATM-6,PUT,184.55,184.55,181,182.15,3500,100960,10.304184,83200,83750.23
2025-07-09 12:14:00,ATM-5,CALL,741,747,741,747,200,42040,8.837568,83300,83750.23
2025-07-09 12:14:00,ATM-5,PUT,211.9,211.9,207.95,209.1,2600,268360,10.263515,83300,83750.23
2025-07-09 12:14:00,ATM-4,CALL,673,676.95,671.85,676.9,420,50800,8.863036,83400,83750.23
2025-07-09 12:14:00,ATM-4,PUT,242.2,242.2,238.2,238.2,2640,137680,10.201555,83400,83750.23
2025-07-09 12:14:00,ATM-3,CALL,603.95,611.5,603.35,609,3200,343860,8.849312,83500,83750.23
2025-07-09 12:14:00,ATM-3,PUT,276,276.5,271.1,273.15,9700,500000,10.20772,83500,83750.23
2025-07-09 12:14:00,ATM-2,CALL,540,547.35,540,546.85,9980,261100,8.883149,83600,83750.23
2025-07-09 12:14:00,ATM-2,PUT,314,314,308.75,310.05,6260,425300,10.178982,83600,83750.23
2025-07-09 12:14:00,ATM-1,CALL,483.8,491.4,483.55,489.25,14560,298120,8.928886,83700,83750.23
2025-07-09 12:14:00,ATM-1,PUT,356,356.15,350,351.2,18060,306080,10.169432,83700,83750.23
2025-07-09 12:14:00,ATM,CALL,429,436.5,429,434.8,11920,244920,8.952271,83800,83750.23
2025-07-09 12:14:00,ATM,PUT,402.85,402.85,395,397.65,11560,201300,10.200588,83800,83750.23
2025-07-09 12:14:00,ATM+1,CALL,379.15,384,379.15,382.4,7520,141760,8.928433,83900,83750.23
2025-07-09 12:14:00,ATM+1,PUT,450.5,450.8,443.7,446.55,4240,74480,10.205145,83900,83750.23
2025-07-09 12:14:00,ATM+2,CALL,331.8,337.2,331.8,335.8,10340,326020,8.944124,84000,83750.23
2025-07-09 12:14:00,ATM+2,PUT,505,505,496.35,499.25,2860,124800,10.214692,84000,83750.23
2025-07-09 12:14:00,ATM+3,CALL,289.5,294.25,289.5,293.35,2020,85380,8.962357,84100,83750.23
2025-07-09 12:14:00,ATM+3,PUT,562.5,562.5,555,555.1,520,18280,10.214822,84100,83750.23
2025-07-09 12:14:00,ATM+4,CALL,251.3,254.85,251.1,254.2,2540,108220,8.965038,84200,83750.23
2025-07-09 12:14:00,ATM+4,PUT,618.85,618.85,617.75,617.75,100,12940,10.293799,84200,83750.23
2025-07-09 12:14:00,ATM+5,CALL,215.6,220.3,215.6,218.95,2260,84720,8.968881,84300,83750.23
2025-07-09 12:14:00,ATM+5,PUT,684.4,684.4,683,684.25,300,5900,10.387556,84300,83750.23
2025-07-09 12:14:00,ATM+6,CALL,184.8,188.7,184.8,188,2020,96780,8.988574,84400,83750.23
2025-07-09 12:14:00,ATM+6,PUT,685.3,685.3,685.3,685.3,0,5900,10.338315,84400,83750.23
2025-07-09 12:14:00,ATM+7,CALL,158,161.25,158,160.75,4840,218040,9.015259,84500,83750.23
2025-07-09 12:14:00,ATM+7,PUT,828.85,828.85,822.4,822.4,40,39000,10.474543,84500,83750.23
2025-07-09 12:14:00,ATM+8,CALL,134.2,136.8,134.2,136.05,2080,80260,9.022635,84600,83750.23
2025-07-09 12:14:00,ATM+8,PUT,826.15,826.15,826.15,826.15,0,39000,10.485391,84600,83750.23
2025-07-09 12:14:00,ATM+9,CALL,113.5,115.75,113.5,114.8,3060,95400,9.04263,84700,83750.23
2025-07-09 12:14:00,ATM+9,PUT,975,975,975,975,20,2160,10.650982,84700,83750.23
2025-07-09 12:14:00,ATM+10,CALL,94.85,97.25,94.85,96.9,3280,168700,9.083437,84800,83750.23
2025-07-09 12:14:00,ATM+10,PUT,980,980,980,980,0,2160,10.692176,84800,83750.23
2025-07-09 12:15:00,ATM-10,CALL,1239.1,1239.1,1239.1,1239.1,0,2100,9.192255,82800,83762.05
2025-07-09 12:15:00,ATM-10,PUT,103.5,103.5,102.1,102.5,1600,90720,10.611047,82800,83762.05
2025-07-09 12:15:00,ATM-9,CALL,1104.9,1104.9,1104.9,1104.9,0,3020,8.884857,82900,83762.05
2025-07-09 12:15:00,ATM-9,PUT,119.05,119.35,117.6,118.6,3200,69600,10.543212,82900,83762.05
2025-07-09 12:15:00,ATM-8,CALL,979.95,979.95,972.8,972.8,740,38840,8.200855,83000,83762.05
2025-07-09 12:15:00,ATM-8,PUT,137.45,137.95,136.4,137.15,2840,230100,10.4865,83000,83762.05
2025-07-09 12:15:00,ATM-7,CALL,969.95,969.95,969.95,969.95,0,38840,8.614843,83100,83762.05
2025-07-09 12:15:00,ATM-7,PUT,158.25,158.85,156.9,158.35,840,76740,10.439102,83100,83762.05
2025-07-09 12:15:00,ATM-6,CALL,821.1,824.45,818.95,822.5,280,11980,8.590448,83200,83762.05
2025-07-09 12:15:00,ATM-6,PUT,182.15,182.8,180.8,181.85,1780,100660,10.384232,83200,83762.05
2025-07-09 12:15:00,ATM-5,CALL,744.9,749.7,744.9,747.25,640,41920,8.598687,83300,83762.05
2025-07-09 12:15:00,ATM-5,PUT,210,210,207.95,208.6,2260,267880,10.343528,83300,83762.05
2025-07-09 12:15:00,ATM-4,CALL,675.45,680.2,675.45,676.5,1440,50800,8.632885,83400,83762.05
2025-07-09 12:15:00,ATM-4,PUT,239.1,239.8,237.2,238.75,2920,136580,10.31438,83400,83762.05
2025-07-09 12:15:00,ATM-3,CALL,612.25,613.95,609.8,612.45,4420,345780,8.739279,83500,83762.05
2025-07-09 12:15:00,ATM-3,PUT,274,274,270.3,272.3,7460,500860,10.291569,83500,83762.05
2025-07-09 12:15:00,ATM-2,CALL,546.45,550.85,545.1,548.55,12740,261100,8.746155,83600,83762.05
2025-07-09 12:15:00,ATM-2,PUT,310.5,310.75,307.2,309.5,9080,424540,10.277276,83600,83762.05
2025-07-09 12:15:00,ATM-1,CALL,489.15,493,488.75,490,20180,300320,8.784569,83700,83762.05
2025-07-09 12:15:00,ATM-1,PUT,352.25,352.25,349,350,9720,306080,10.260154,83700,83762.05
2025-07-09 12:15:00,ATM,CALL,434.8,438.2,433.65,435.9,23240,242460,8.829715,83800,83762.05
2025-07-09 12:15:00,ATM,PUT,397.4,398.7,394,396.45,12220,209220,10.299961,83800,83762.05
2025-07-09 12:15:00,ATM+1,CALL,382.2,386.3,382.2,384,8700,139720,8.829335,83900,83762.05
2025-07-09 12:15:00,ATM+1,PUT,446.55,447.75,442.6,444,4320,74260,10.282664,83900,83762.05
2025-07-09 12:15:00,ATM+2,CALL,335.95,338.85,335.5,335.7,16300,326020,8.816364,84000,83762.05
2025-07-09 12:15:00,ATM+2,PUT,499.5,499.5,495.75,498,3540,128940,10.332353,84000,83762.05
2025-07-09 12:15:00,ATM+3,CALL,293,296,292.8,293.05,2740,87260,8.83914,84100,83762.05
2025-07-09 12:15:00,ATM+3,PUT,552.05,553.3,551.3,553.1,200,18280,10.326051,84100,83762.05
2025-07-09 12:15:00,ATM+4,CALL,253.95,256.8,253.9,255.1,4480,107400,8.878851,84200,83762.05
2025-07-09 12:15:00,ATM+4,PUT,614,617.35,613.95,613.95,60,12960,10.373778,84200,83762.05
2025-07-09 12:15:00,ATM+5,CALL,219.15,221.35,219.05,219.6,5100,85180,8.88454,84300,83762.05
2025-07-09 12:15:00,ATM+5,PUT,684.25,684.25,684.25,684.25,0,5900,10.387556,84300,83762.05
2025-07-09 12:15:00,ATM+6,CALL,187.6,189.75,187.6,188.35,1900,97020,8.903594,84400,83762.05
2025-07-09 12:15:00,ATM+6,PUT,685.3,685.3,685.3,685.3,0,5900,10.338315,84400,83762.05
2025-07-09 12:15:00,ATM+7,CALL,160.35,162.45,160.2,161,4040,216920,8.933778,84500,83762.05
2025-07-09 12:15:00,ATM+7,PUT,819.9,820.35,817.2,820.2,240,39040,10.634192,84500,83762.05
2025-07-09 12:15:00,ATM+8,CALL,136.15,137.65,135.9,135.9,2560,80780,8.934994,84600,83762.05
2025-07-09 12:15:00,ATM+8,PUT,826.15,826.15,826.15,826.15,0,39000,10.485391,84600,83762.05
2025-07-09 12:15:00,ATM+9,CALL,114.9,116.45,114.9,115.6,1480,95240,8.989663,84700,83762.05
2025-07-09 12:15:00,ATM+9,PUT,975,975,975,975,0,2160,10.650982,84700,83762.05
2025-07-09 12:15:00,ATM+10,CALL,96.65,98,96.65,97.15,2200,169300,9.017721,84800,83762.05
2025-07-09 12:15:00,ATM+10,PUT,980,980,980,980,0,2160,10.692176,84800,83762.05
2025-07-09 12:16:00,ATM-10,CALL,1130,1130,1130,1130,20,3020,7.643996,82800,83755.55
2025-07-09 12:16:00,ATM-10,PUT,102.25,104.25,101.95,103.9,1620,90720,10.623079,82800,83755.55
2025-07-09 12:16:00,ATM-9,CALL,1104.9,1104.9,1104.9,1104.9,0,3020,8.884857,82900,83755.55
2025-07-09 12:16:00,ATM-9,PUT,118.4,120.8,118.1,120.7,2660,69600,10.573459,82900,83755.55
2025-07-09 12:16:00,ATM-8,CALL,975,975,962.65,962.65,1320,38840,8.019913,83000,83755.55
2025-07-09 12:16:00,ATM-8,PUT,136.6,139.35,136,139.05,3780,230100,10.503549,83000,83755.55
2025-07-09 12:16:00,ATM-7,CALL,888.8,888.8,888.8,888.8,20,7440,8.346465,83100,83755.55
2025-07-09 12:16:00,ATM-7,PUT,157.7,160.35,157.1,159.95,1380,76740,10.441253,83100,83755.55
2025-07-09 12:16:00,ATM-6,CALL,812.7,812.7,812.65,812.65,80,11980,8.443088,83200,83755.55
2025-07-09 12:16:00,ATM-6,PUT,181.6,184.5,181.6,184.5,2440,100660,10.410777,83200,83755.55
2025-07-09 12:16:00,ATM-5,CALL,749,749,736,739.45,560,41920,8.514661,83300,83755.55
2025-07-09 12:16:00,ATM-5,PUT,209.35,212,207.8,211.9,5000,267880,10.381034,83300,83755.55
2025-07-09 12:16:00,ATM-4,CALL,678.3,678.3,667,669.6,1640,50800,8.571878,83400,83755.55
2025-07-09 12:16:00,ATM-4,PUT,238.15,242.65,237.2,242.3,3360,136580,10.351525,83400,83755.55
2025-07-09 12:16:00,ATM-3,CALL,610,612.7,600.85,602.6,8460,345780,8.600315,83500,83755.55
2025-07-09 12:16:00,ATM-3,PUT,272,276.65,270.9,275.5,8640,500860,10.313567,83500,83755.55
2025-07-09 12:16:00,ATM-2,CALL,546.4,548.9,537.05,542.15,12560,261100,8.690272,83600,83755.55
2025-07-09 12:16:00,ATM-2,PUT,308.8,314.4,307.5,312.8,7060,424540,10.295788,83600,83755.55
2025-07-09 12:16:00,ATM-1,CALL,489,491.75,480,482.6,16300,300320,8.700354,83700,83755.55
2025-07-09 12:16:00,ATM-1,PUT,351.95,356.3,349.25,355.55,15180,306080,10.325802,83700,83755.55
2025-07-09 12:16:00,ATM,CALL,435.15,436.05,426.05,430.5,19240,242460,8.787084,83800,83755.55
2025-07-09 12:16:00,ATM,PUT,395.5,402,394.4,400.95,13200,209220,10.335098,83800,83755.55
2025-07-09 12:16:00,ATM+1,CALL,383,385,375,377.4,10720,139720,8.753008,83900,83755.55
2025-07-09 12:16:00,ATM+1,PUT,445.3,450.8,443,449.5,4980,74260,10.335385,83900,83755.55
2025-07-09 12:16:00,ATM+2,CALL,336.8,338.05,329.05,331.1,18240,326020,8.779767,84000,83755.55
2025-07-09 12:16:00,ATM+2,PUT,498.3,504.95,495.8,503.8,4240,128940,10.386868,84000,83755.55
2025-07-09 12:16:00,ATM+3,CALL,294.75,294.75,286.55,289.4,4380,87260,8.818076,84100,83755.55
2025-07-09 12:16:00,ATM+3,PUT,552.6,562.1,552.6,562.1,240,18280,10.450799,84100,83755.55
2025-07-09 12:16:00,ATM+4,CALL,253.7,255.75,248.25,250.95,3760,107400,8.838876,84200,83755.55
2025-07-09 12:16:00,ATM+4,PUT,615.6,622,613.9,621.25,160,12960,10.455002,84200,83755.55
2025-07-09 12:16:00,ATM+5,CALL,219,220.3,213.55,216.25,5820,85180,8.856837,84300,83755.55
2025-07-09 12:16:00,ATM+5,PUT,684,684,684,684,20,5900,10.465287,84300,83755.55
2025-07-09 12:16:00,ATM+6,CALL,188,188.95,183.2,184.65,4300,97020,8.859028,84400,83755.55
2025-07-09 12:16:00,ATM+6,PUT,749,749,749,749,20,6340,10.450557,84400,83755.55
2025-07-09 12:16:00,ATM+7,CALL,160,161.35,155.9,157.8,9500,216920,8.894299,84500,83755.55
2025-07-09 12:16:00,ATM+7,PUT,823.25,828.6,821.7,828.15,320,39040,10.724771,84500,83755.55
2025-07-09 12:16:00,ATM+8,CALL,136.35,136.35,132.45,133.25,4240,80780,8.90276,84600,83755.55
2025-07-09 12:16:00,ATM+8,PUT,897.4,897.4,897.4,897.4,20,1680,10.669033,84600,83755.55
2025-07-09 12:16:00,ATM+9,CALL,115,115.5,112,112.85,4260,95240,8.945607,84700,83755.55
2025-07-09 12:16:00,ATM+9,PUT,975,975,975,975,0,2160,10.650982,84700,83755.55
2025-07-09 12:16:00,ATM+10,CALL,96.7,97.2,93.85,94.9,6000,169300,8.98103,84800,83755.55
2025-07-09 12:16:00,ATM+10,PUT,980,980,980,980,0,2160,10.692176,84800,83755.55
2025-07-09 12:17:00,ATM-10,CALL,1130,1130,1130,1130,0,3020,7.643996,82700,83743.92
2025-07-09 12:17:00,ATM-10,PUT,90.1,90.55,89.75,89.95,1000,81820,10.638021,82700,83743.92
2025-07-09 12:17:00,ATM-9,CALL,1104.9,1104.9,1104.9,1104.9,0,3020,8.884857,82800,83743.92
2025-07-09 12:17:00,ATM-9,PUT,103.95,104.1,103.5,103.5,1420,90720,10.537223,82800,83743.92
2025-07-09 12:17:00,ATM-8,CALL,962.65,962.65,962.65,962.65,0,38840,8.019913,82900,83743.92
2025-07-09 12:17:00,ATM-8,PUT,120.75,120.75,119.9,120.05,820,69600,10.476879,82900,83743.92
2025-07-09 12:17:00,ATM-7,CALL,967.1,967.1,965.05,965.45,80,38840,8.501267,83000,83743.92
2025-07-09 12:17:00,ATM-7,PUT,138.75,139.2,138.15,138.45,1860,230100,10.406451,83000,83743.92
2025-07-09 12:17:00,ATM-6,CALL,812.65,812.65,812.65,812.65,0,11980,8.443088,83100,83743.92
2025-07-09 12:17:00,ATM-6,PUT,160.1,160.4,159.4,160,1360,76740,10.360647,83100,83743.92
2025-07-09 12:17:00,ATM-5,CALL,812.15,812.15,810.05,810.05,40,11980,8.640052,83200,83743.92
2025-07-09 12:17:00,ATM-5,PUT,183.95,184.45,183.5,184,800,100660,10.310263,83200,83743.92
2025-07-09 12:17:00,ATM-4,CALL,740,740,736.3,739,540,41920,8.745497,83300,83743.92
2025-07-09 12:17:00,ATM-4,PUT,211.2,211.9,210.8,211.5,1200,267880,10.278991,83300,83743.92
2025-07-09 12:17:00,ATM-3,CALL,671,671,666.65,667.75,260,50800,8.740079,83400,83743.92
2025-07-09 12:17:00,ATM-3,PUT,242.15,242.4,240.75,241.8,1740,136580,10.242007,83400,83743.92
2025-07-09 12:17:00,ATM-2,CALL,603.3,605,600,602.8,4480,345780,8.800373,83500,83743.92
2025-07-09 12:17:00,ATM-2,PUT,276.05,276.45,274.95,275.75,6520,500860,10.217005,83500,83743.92
2025-07-09 12:17:00,ATM-1,CALL,541.6,542,537.05,540.1,3480,261100,8.816715,83600,83743.92
2025-07-09 12:17:00,ATM-1,PUT,313,314.1,312.35,313.3,6280,424540,10.198415,83600,83743.92
2025-07-09 12:17:00,ATM,CALL,482.55,485,479.9,482.25,10080,300320,8.852276,83700,83743.92
2025-07-09 12:17:00,ATM,PUT,355,356,354,355.2,8620,306080,10.200852,83700,83743.92
2025-07-09 12:17:00,ATM+1,CALL,430.25,430.5,426.05,429.65,7920,242460,8.913725,83800,83743.92
2025-07-09 12:17:00,ATM+1,PUT,401.2,402.35,400,400.6,10580,209220,10.202055,83800,83743.92
2025-07-09 12:17:00,ATM+2,CALL,378,379.05,375.1,378.65,5080,139720,8.91637,83900,83743.92
2025-07-09 12:17:00,ATM+2,PUT,449.8,451.4,448.2,450.3,2240,74260,10.219811,83900,83743.92
2025-07-09 12:17:00,ATM+3,CALL,332.55,332.55,329.6,331.8,13100,326020,8.92013,84000,83743.92
2025-07-09 12:17:00,ATM+3,PUT,503.5,505,502.3,504.6,1900,128940,10.261253,84000,83743.92
2025-07-09 12:17:00,ATM+4,CALL,289.35,290.65,287,288.5,2420,87260,8.911806,84100,83743.92
2025-07-09 12:17:00,ATM+4,PUT,560,561.65,560,561.4,220,18280,10.278972,84100,83743.92
2025-07-09 12:17:00,ATM+5,CALL,250.5,250.75,248.35,250.15,960,107400,8.9264,84200,83743.92
2025-07-09 12:17:00,ATM+5,PUT,623.15,625,623.15,623.3,540,12960,10.336069,84200,83743.92
2025-07-09 12:17:00,ATM+6,CALL,216.4,216.65,213.85,215,920,85180,8.925124,84300,83743.92
2025-07-09 12:17:00,ATM+6,PUT,685.9,685.9,685.9,685.9,20,5900,10.32978,84300,83743.92
2025-07-09 12:17:00,ATM+7,CALL,184.65,185.15,182.8,184.5,1240,97020,8.948456,84400,83743.92
2025-07-09 12:17:00,ATM+7,PUT,757.7,757.7,757.7,757.7,20,6340,10.474,84400,83743.92
2025-07-09 12:17:00,ATM+8,CALL,157.3,157.9,155.95,157,2760,216920,8.959651,84500,83743.92
2025-07-09 12:17:00,ATM+8,PUT,897.4,897.4,897.4,897.4,0,1680,10.669033,84500,83743.92
2025-07-09 12:17:00,ATM+9,CALL,133.85,133.85,132.35,132.95,1220,80780,8.976393,84600,83743.92
2025-07-09 12:17:00,ATM+9,PUT,975,975,975,975,0,2160,10.650982,84600,83743.92
2025-07-09 12:17:00,ATM+10,CALL,113.1,113.1,111.45,112.2,2880,95240,9.002703,84700,83743.92
2025-07-09 12:17:00,ATM+10,PUT,980,980,980,980,0,2160,10.692176,84700,83743.92
2025-07-09 12:18:00,ATM-10,CALL,1130,1130,1130,1130,0,3020,7.643996,82800,83754.76
2025-07-09 12:18:00,ATM-10,PUT,103.5,103.8,102.2,102.2,1360,90940,10.556715,82800,83754.76
2025-07-09 12:18:00,ATM-9,CALL,1050.95,1050.95,1050.95,1050.95,60,2740,8.156363,82900,83754.76
2025-07-09 12:18:00,ATM-9,PUT,119.4,120.15,118.1,118.65,380,68860,10.499581,82900,83754.76
2025-07-09 12:18:00,ATM-8,CALL,966.25,970,966.25,970,60,38920,8.332799,83000,83754.76
2025-07-09 12:18:00,ATM-8,PUT,138.45,138.75,136.9,137.7,2080,227060,10.456367,83000,83754.76
2025-07-09 12:18:00,ATM-7,CALL,965.45,965.45,965.45,965.45,0,38840,8.501267,83100,83754.76
2025-07-09 12:18:00,ATM-7,PUT,159.45,159.9,157.7,158.65,3460,76620,10.397924,83100,83754.76
2025-07-09 12:18:00,ATM-6,CALL,814.15,814.15,814.15,814.15,20,12040,8.510136,83200,83754.76
2025-07-09 12:18:00,ATM-6,PUT,183,183,181.3,182.25,2100,101840,10.34263,83200,83754.76
2025-07-09 12:18:00,ATM-5,CALL,739.85,746.9,739.85,746.9,440,42000,8.744376,83300,83754.76
2025-07-09 12:18:00,ATM-5,PUT,210.6,211.25,208.55,208.55,1180,268120,10.286304,83300,83754.76
2025-07-09 12:18:00,ATM-4,CALL,668.8,676,668.8,676,320,50280,8.758588,83400,83754.76
2025-07-09 12:18:00,ATM-4,PUT,241,241,238.7,238.7,4580,135520,10.253846,83400,83754.76
2025-07-09 12:18:00,ATM-3,CALL,605.5,610,605.4,608.85,3800,345800,8.773087,83500,83754.76
2025-07-09 12:18:00,ATM-3,PUT,275.25,275.25,272.6,273.95,5380,500240,10.269263,83500,83754.76
2025-07-09 12:18:00,ATM-2,CALL,541.85,547,541.85,545.15,5060,255660,8.776571,83600,83754.76
2025-07-09 12:18:00,ATM-2,PUT,312.85,312.85,309.45,311.1,4780,422880,10.248488,83600,83754.76
2025-07-09 12:18:00,ATM-1,CALL,483.15,489.05,482.95,488,7860,297760,8.840153,83700,83754.76
2025-07-09 12:18:00,ATM-1,PUT,354.5,354.9,351.2,353,10280,310600,10.258859,83700,83754.76
2025-07-09 12:18:00,ATM,CALL,429.9,435.75,429.4,434.25,11580,244880,8.885482,83800,83754.76
2025-07-09 12:18:00,ATM,PUT,401,401,395.95,398.7,8920,211520,10.275269,83800,83754.76
2025-07-09 12:18:00,ATM+1,CALL,377.9,383.65,377.9,382.65,4380,139580,8.884704,83900,83754.76
2025-07-09 12:18:00,ATM+1,PUT,448.7,449.05,445.5,448.4,1980,76980,10.301691,83900,83754.76
2025-07-09 12:18:00,ATM+2,CALL,333.5,336.5,333.1,335.75,11060,325120,8.897439,84000,83754.76
2025-07-09 12:18:00,ATM+2,PUT,503.7,503.7,498.3,500.25,3840,131220,10.295605,84000,83754.76
2025-07-09 12:18:00,ATM+3,CALL,289.15,294.2,289.15,292.95,3180,87180,8.910894,84100,83754.76
2025-07-09 12:18:00,ATM+3,PUT,557.05,559.3,556,556,180,18320,10.298038,84100,83754.76
2025-07-09 12:18:00,ATM+4,CALL,250.4,254.85,250.4,253,2920,107100,8.897053,84200,83754.76
2025-07-09 12:18:00,ATM+4,PUT,619.6,619.6,618.2,618.2,180,13060,10.371481,84200,83754.76
2025-07-09 12:18:00,ATM+5,CALL,216.4,219.5,216.4,218.25,940,85880,8.915117,84300,83754.76
2025-07-09 12:18:00,ATM+5,PUT,685,685,685,685,20,6120,10.478174,84300,83754.76
2025-07-09 12:18:00,ATM+6,CALL,186.2,188.25,186.2,186.85,860,97560,8.924564,84400,83754.76
2025-07-09 12:18:00,ATM+6,PUT,685.9,685.9,685.9,685.9,0,5900,10.32978,84400,83754.76
2025-07-09 12:18:00,ATM+7,CALL,157.7,160.55,157.7,159.85,3000,216620,8.958631,84500,83754.76
2025-07-09 12:18:00,ATM+7,PUT,821.65,822.55,821.65,822.55,220,39140,10.563444,84500,83754.76
2025-07-09 12:18:00,ATM+8,CALL,134.65,136.2,134.65,135.75,860,80720,8.984107,84600,83754.76
2025-07-09 12:18:00,ATM+8,PUT,902,902,902,902,40,1700,10.780546,84600,83754.76
2025-07-09 12:18:00,ATM+9,CALL,112.4,115.5,112.4,114.65,3420,94720,9.009976,84700,83754.76
2025-07-09 12:18:00,ATM+9,PUT,976,976,976,976,20,2200,10.780386,84700,83754.76
2025-07-09 12:18:00,ATM+10,CALL,94.5,96.8,94.5,96.05,4540,169860,9.027501,84800,83754.76
2025-07-09 12:18:00,ATM+10,PUT,980,980,980,980,0,2160,10.692176,84800,83754.76
2025-07-09 12:19:00,ATM-10,CALL,1130,1130,1130,1130,0,3020,7.643996,82700,83738.3
2025-07-09 12:19:00,ATM-10,PUT,89.25,89.9,89.1,89.25,1180,82260,10.57804,82700,83738.3
2025-07-09 12:19:00,ATM-9,CALL,1050.95,1050.95,1050.95,1050.95,0,2740,8.156363,82800,83738.3
2025-07-09 12:19:00,ATM-9,PUT,103,103.5,103,103.3,200,90940,10.496212,82800,83738.3
2025-07-09 12:19:00,ATM-8,CALL,970,970,970,970,0,38920,8.332799,82900,83738.3
2025-07-09 12:19:00,ATM-8,PUT,119.2,119.2,119.2,119.2,140,68860,10.412758,82900,83738.3
2025-07-09 12:19:00,ATM-7,CALL,970.45,970.45,970.45,970.45,20,38920,8.8517,83000,83738.3
2025-07-09 12:19:00,ATM-7,PUT,137.5,138.75,137.5,137.75,2420,227060,10.347258,83000,83738.3
2025-07-09 12:19:00,ATM-6,CALL,814.15,814.15,814.15,814.15,0,12040,8.510136,83100,83738.3
2025-07-09 12:19:00,ATM-6,PUT,159.3,160.05,159.15,159.15,360,76620,10.29643,83100,83738.3
2025-07-09 12:19:00,ATM-5,CALL,746.9,746.9,746.9,746.9,0,42000,8.744376,83200,83738.3
2025-07-09 12:19:00,ATM-5,PUT,184,184,182.95,182.95,1380,101840,10.239707,83200,83738.3
2025-07-09 12:19:00,ATM-4,CALL,744.8,744.8,744.8,744.8,300,42000,9.022498,83300,83738.3
2025-07-09 12:19:00,ATM-4,PUT,209.75,211.3,209.75,210.3,520,268120,10.203508,83300,83738.3
2025-07-09 12:19:00,ATM-3,CALL,674.35,674.35,669.1,670.4,640,50280,8.913966,83400,83738.3
2025-07-09 12:19:00,ATM-3,PUT,240.2,241.6,240.2,240.5,640,135520,10.162688,83400,83738.3
2025-07-09 12:19:00,ATM-2,CALL,607.55,608.55,604.85,607.7,3640,345800,9.01675,83500,83738.3
2025-07-09 12:19:00,ATM-2,PUT,273.5,275.55,273.5,273.8,4480,500240,10.11994,83500,83738.3
2025-07-09 12:19:00,ATM-1,CALL,543.3,544.6,540.5,543.85,2500,255660,8.992389,83600,83738.3
2025-07-09 12:19:00,ATM-1,PUT,311.85,313.65,311.2,311.8,3220,422880,10.11015,83600,83738.3
2025-07-09 12:19:00,ATM,CALL,486.35,487.8,483.7,485.6,6300,297760,9.008779,83700,83738.3
2025-07-09 12:19:00,ATM,PUT,353,355.7,352.75,353.85,7040,310600,10.11316,83700,83738.3
2025-07-09 12:19:00,ATM+1,CALL,432.4,433.65,430,432.05,8220,244880,9.040589,83800,83738.3
2025-07-09 12:19:00,ATM+1,PUT,398.8,401.9,398.8,400,3420,211520,10.128049,83800,83738.3
2025-07-09 12:19:00,ATM+2,CALL,381,381.7,378.4,379.2,3560,139580,8.994679,83900,83738.3
2025-07-09 12:19:00,ATM+2,PUT,448.3,450.8,448.05,448.45,1400,76980,10.112471,83900,83738.3
2025-07-09 12:19:00,ATM+3,CALL,335.55,335.6,331.6,334.7,3840,325120,9.048229,84000,83738.3
2025-07-09 12:19:00,ATM+3,PUT,501.1,504,501,501.6,2120,131220,10.121984,84000,83738.3
2025-07-09 12:19:00,ATM+4,CALL,291.35,292.85,289.5,291.75,1880,87180,9.044981,84100,83738.3
2025-07-09 12:19:00,ATM+4,PUT,618.2,618.2,618.2,618.2,0,13060,10.371481,84100,83738.3
2025-07-09 12:19:00,ATM+5,CALL,253,253.4,250.9,252.1,2580,107100,9.026261,84200,83738.3
2025-07-09 12:19:00,ATM+5,PUT,622.6,622.6,622.6,622.6,20,13060,10.237816,84200,83738.3
2025-07-09 12:19:00,ATM+6,CALL,218.5,218.5,216.15,217.2,1900,85880,9.029684,84300,83738.3
2025-07-09 12:19:00,ATM+6,PUT,685.9,685.9,685.9,685.9,0,5900,10.32978,84300,83738.3
2025-07-09 12:19:00,ATM+7,CALL,186.85,186.85,185,185.8,300,97560,9.028859,84400,83738.3
2025-07-09 12:19:00,ATM+7,PUT,756.65,756.65,755,755,140,6360,10.308848,84400,83738.3
2025-07-09 12:19:00,ATM+8,CALL,159.75,159.9,157.7,158.9,2920,216620,9.056191,84500,83738.3
2025-07-09 12:19:00,ATM+8,PUT,902,902,902,902,0,1700,10.780546,84500,83738.3
2025-07-09 12:19:00,ATM+9,CALL,135,135.4,134.05,134.5,620,80720,9.0637,84600,83738.3
2025-07-09 12:19:00,ATM+9,PUT,976,976,976,976,0,2200,10.780386,84600,83738.3
2025-07-09 12:19:00,ATM+10,CALL,114,114.8,113.4,113.85,380,94720,9.094736,84700,83738.3
2025-07-09 12:19:00,ATM+10,PUT,980,980,980,980,0,2160,10.692176,84700,83738.3
2025-07-09 12:20:00,ATM-10,CALL,1130,1130,1130,1130,0,3020,7.643996,82700,83735.3
2025-07-09 12:20:00,ATM-10,PUT,89.15,89.55,88.5,88.8,2100,82260,10.542948,82700,83735.3
2025-07-09 12:20:00,ATM-9,CALL,1050.95,1050.95,1050.95,1050.95,0,2740,8.156363,82800,83735.3
2025-07-09 12:20:00,ATM-9,PUT,103.1,103.35,102.55,103,820,90940,10.467212,82800,83735.3
2025-07-09 12:20:00,ATM-8,CALL,970,970,970,970,0,38920,8.332799,82900,83735.3
2025-07-09 12:20:00,ATM-8,PUT,119.2,119.4,118.35,119.15,900,68860,10.392178,82900,83735.3
2025-07-09 12:20:00,ATM-7,CALL,965.85,967.2,965.85,967.2,100,38920,8.824937,83000,83735.3
2025-07-09 12:20:00,ATM-7,PUT,137.55,137.95,136.8,137.55,3440,227060,10.321108,83000,83735.3
2025-07-09 12:20:00,ATM-6,CALL,892,892,892,892,40,7440,8.990298,83100,83735.3
2025-07-09 12:20:00,ATM-6,PUT,158.8,159.2,157.55,158.25,3940,76620,10.248886,83100,83735.3
2025-07-09 12:20:00,ATM-5,CALL,746.9,746.9,746.9,746.9,0,42000,8.744376,83200,83735.3
2025-07-09 12:20:00,ATM-5,PUT,182.8,183.35,181.5,182.25,1120,101840,10.1981,83200,83735.3
2025-07-09 12:20:00,ATM-4,CALL,741.05,741.05,741.05,741.05,20,42000,8.979834,83300,83735.3
2025-07-09 12:20:00,ATM-4,PUT,209.85,211.15,209,209.65,2720,268120,10.162919,83300,83735.3
2025-07-09 12:20:00,ATM-3,CALL,671.15,673.15,669.35,673.15,180,50280,9.040699,83400,83735.3
2025-07-09 12:20:00,ATM-3,PUT,240.35,240.65,238.75,240.35,2460,135520,10.134136,83400,83735.3
2025-07-09 12:20:00,ATM-2,CALL,607.15,609.5,604.75,606.15,4200,345800,9.027667,83500,83735.3
2025-07-09 12:20:00,ATM-2,PUT,274.05,275.2,272.5,273.15,9080,500240,10.077673,83500,83735.3
2025-07-09 12:20:00,ATM-1,CALL,542.05,545.6,541,542.9,1380,255660,9.01462,83600,83735.3
2025-07-09 12:20:00,ATM-1,PUT,311.9,312.8,310.1,312,6000,422880,10.08686,83600,83735.3
2025-07-09 12:20:00,ATM,CALL,485.05,488.6,483.35,485.05,5780,297760,9.037062,83700,83735.3
2025-07-09 12:20:00,ATM,PUT,353.05,355,352,353.1,7460,310600,10.065566,83700,83735.3
2025-07-09 12:20:00,ATM+1,CALL,432.3,434,430,432,9320,244880,9.077251,83800,83735.3
2025-07-09 12:20:00,ATM+1,PUT,400,400.95,397.6,399,3300,211520,10.072676,83800,83735.3
2025-07-09 12:20:00,ATM+2,CALL,380.7,382.6,378.5,381.6,3880,139580,9.084984,83900,83735.3
2025-07-09 12:20:00,ATM+2,PUT,448.45,449.75,447,447.6,2920,76980,10.058193,83900,83735.3
2025-07-09 12:20:00,ATM+3,CALL,334.4,336,331.9,334.55,3600,325120,9.077021,84000,83735.3
2025-07-09 12:20:00,ATM+3,PUT,502.05,503.65,500,501.95,1940,131220,10.092743,84000,83735.3
2025-07-09 12:20:00,ATM+4,CALL,291.5,292.4,289.45,291,1580,87180,9.057218,84100,83735.3
2025-07-09 12:20:00,ATM+4,PUT,558.8,559.5,558.8,559.5,160,18320,10.118635,84100,83735.3
2025-07-09 12:20:00,ATM+5,CALL,252.25,253.8,251.15,252.75,1520,107100,9.070008,84200,83735.3
2025-07-09 12:20:00,ATM+5,PUT,619.2,620.9,619.15,620.9,80,13060,10.153165,84200,83735.3
2025-07-09 12:20:00,ATM+6,CALL,216.25,218.25,215.65,217,1200,85880,9.050751,84300,83735.3
2025-07-09 12:20:00,ATM+6,PUT,696,696,684.35,684.35,820,6120,10.155196,84300,83735.3
2025-07-09 12:20:00,ATM+7,CALL,185.8,187,184.55,186.1,400,97560,9.061303,84400,83735.3
2025-07-09 12:20:00,ATM+7,PUT,753.6,753.6,753.6,753.6,20,6360,10.22105,84400,83735.3
2025-07-09 12:20:00,ATM+8,CALL,158,159.65,157.5,159.05,2440,216620,9.08346,84500,83735.3
2025-07-09 12:20:00,ATM+8,PUT,825,825,821.7,821.7,220,39140,10.176076,84500,83735.3
2025-07-09 12:20:00,ATM+9,CALL,133.85,135,133.25,134.5,1080,80720,9.085454,84600,83735.3
2025-07-09 12:20:00,ATM+9,PUT,898.55,898.55,898.55,898.55,20,1700,10.288497,84600,83735.3
2025-07-09 12:20:00,ATM+10,CALL,113.7,114.3,112.75,113.55,1140,94720,9.105621,84700,83735.3
2025-07-09 12:20:00,ATM+10,PUT,980,980,980,980,0,2160,10.692176,84700,83735.3
2025-07-09 12:21:00,ATM-10,CALL,1130,1130,1130,1130,0,3020,7.643996,82800,83753.39
2025-07-09 12:21:00,ATM-10,PUT,103,103,102.1,102.1,460,91300,10.546106,82800,83753.39
2025-07-09 12:21:00,ATM-9,CALL,1050.95,1050.95,1050.95,1050.95,0,2740,8.156363,82900,83753.39
2025-07-09 12:21:00,ATM-9,PUT,119.1,119.6,118.3,119.25,920,68660,10.5127,82900,83753.39
2025-07-09 12:21:00,ATM-8,CALL,971.35,972,966.75,966.75,140,38860,8.255684,83000,83753.39
2025-07-09 12:21:00,ATM-8,PUT,137.75,138.25,136.7,136.7,1920,228660,10.416798,83000,83753.39
2025-07-09 12:21:00,ATM-7,CALL,891.65,891.65,891.65,891.65,60,7440,8.507073,83100,83753.39
2025-07-09 12:21:00,ATM-7,PUT,158.65,159.1,157.35,158.15,900,76400,10.374752,83100,83753.39
2025-07-09 12:21:00,ATM-6,CALL,814.15,815.85,814.15,815,120,12040,8.571512,83200,83753.39
2025-07-09 12:21:00,ATM-6,PUT,182.15,183.25,180.45,182.35,460,101840,10.336624,83200,83753.39
2025-07-09 12:21:00,ATM-5,CALL,741.8,743.75,739.5,739.5,200,41840,8.565826,83300,83753.39
2025-07-09 12:21:00,ATM-5,PUT,209.95,210.75,208,209.3,1400,266260,10.296929,83300,83753.39
2025-07-09 12:21:00,ATM-4,CALL,673,674.95,668.5,670.05,580,50460,8.628358,83400,83753.39
2025-07-09 12:21:00,ATM-4,PUT,240,240.8,237.85,239.5,2260,135520,10.26423,83400,83753.39
2025-07-09 12:21:00,ATM-3,CALL,608,609.4,603.3,603.75,5580,345380,8.669547,83500,83753.39
2025-07-09 12:21:00,ATM-3,PUT,273.2,274.25,271.25,273.1,5880,500880,10.237508,83500,83753.39
2025-07-09 12:21:00,ATM-2,CALL,542,545.6,539.15,541.45,3240,255180,8.709713,83600,83753.39
2025-07-09 12:21:00,ATM-2,PUT,311.3,312.25,309,310.1,5040,423980,10.212918,83600,83753.39
2025-07-09 12:21:00,ATM-1,CALL,486.1,488.05,481.5,484.15,6180,293380,8.770282,83700,83753.39
2025-07-09 12:21:00,ATM-1,PUT,353,354.3,350.4,352,6560,310880,10.222879,83700,83753.39
2025-07-09 12:21:00,ATM,CALL,431.4,433.95,427.25,429.85,7740,244880,8.802655,83800,83753.39
2025-07-09 12:21:00,ATM,PUT,398.75,400,395.6,396.9,8760,220020,10.220033,83800,83753.39
2025-07-09 12:21:00,ATM+1,CALL,380.8,382,376.7,378.8,3580,140440,8.813681,83900,83753.39
2025-07-09 12:21:00,ATM+1,PUT,448.6,448.6,445,446.7,2480,76980,10.247837,83900,83753.39
2025-07-09 12:21:00,ATM+2,CALL,334.35,335.95,330.15,331.7,5040,324980,8.820028,84000,83753.39
2025-07-09 12:21:00,ATM+2,PUT,501.6,502,496.35,500,3840,132900,10.273978,84000,83753.39
2025-07-09 12:21:00,ATM+3,CALL,291,292.8,288,290.3,2300,87820,8.863886,84100,83753.39
2025-07-09 12:21:00,ATM+3,PUT,555,556.8,554.15,556.8,320,18620,10.299591,84100,83753.39
2025-07-09 12:21:00,ATM+4,CALL,252.05,253,249,249.05,3480,109020,8.815834,84200,83753.39
2025-07-09 12:21:00,ATM+4,PUT,620.5,621.9,615.6,618.85,340,13120,10.368306,84200,83753.39
2025-07-09 12:21:00,ATM+5,CALL,216.9,217.65,214.4,214.55,1700,84720,8.8357,84300,83753.39
2025-07-09 12:21:00,ATM+5,PUT,683.2,685.55,680.65,685.55,220,6100,10.471313,84300,83753.39
2025-07-09 12:21:00,ATM+6,CALL,185.55,186.2,183.6,183.6,2220,97320,8.851711,84400,83753.39
2025-07-09 12:21:00,ATM+6,PUT,750,752.35,738.4,752.35,640,6380,10.500543,84400,83753.39
2025-07-09 12:21:00,ATM+7,CALL,158.25,159.2,156.3,156.3,4740,216100,8.871684,84500,83753.39
2025-07-09 12:21:00,ATM+7,PUT,820.05,820.05,820.05,820.05,20,39280,10.472942,84500,83753.39
2025-07-09 12:21:00,ATM+8,CALL,134.55,135,132.3,132.3,1580,80420,8.892666,84600,83753.39
2025-07-09 12:21:00,ATM+8,PUT,821.7,821.7,821.7,821.7,0,39140,10.176076,84600,83753.39
2025-07-09 12:21:00,ATM+9,CALL,113.6,114,112,112,780,94460,8.93565,84700,83753.39
2025-07-09 12:21:00,ATM+9,PUT,898.55,898.55,898.55,898.55,0,1700,10.288497,84700,83753.39
2025-07-09 12:21:00,ATM+10,CALL,95.1,95.85,93.5,93.5,1740,170360,8.948477,84800,83753.39
2025-07-09 12:21:00,ATM+10,PUT,980,980,980,980,0,2160,10.692176,84800,83753.39
2025-07-09 12:22:00,ATM-10,CALL,1217.7,1217.7,1217.7,1217.7,20,2100,8.334189,82700,83739.01
2025-07-09 12:22:00,ATM-10,PUT,89.6,90.85,89.6,90.3,1860,83420,10.625299,82700,83739.01
2025-07-09 12:22:00,ATM-9,CALL,1050.95,1050.95,1050.95,1050.95,0,2740,8.156363,82800,83739.01
2025-07-09 12:22:00,ATM-9,PUT,102.6,104.15,102.5,103.8,960,91300,10.520354,82800,83739.01
2025-07-09 12:22:00,ATM-8,CALL,1046.05,1046.05,1046.05,1046.05,20,2680,8.529489,82900,83739.01
2025-07-09 12:22:00,ATM-8,PUT,118.6,121.1,118.6,120.2,800,68660,10.452684,82900,83739.01
2025-07-09 12:22:00,ATM-7,CALL,968.8,968.8,958.35,963.75,220,38860,8.593299,83000,83739.01
2025-07-09 12:22:00,ATM-7,PUT,137.65,139.7,137.1,138.45,3140,228660,10.375613,83000,83739.01
2025-07-09 12:22:00,ATM-6,CALL,815,815,815,815,0,12040,8.571512,83100,83739.01
2025-07-09 12:22:00,ATM-6,PUT,158.1,160.6,158.1,159.75,2420,76400,10.320663,83100,83739.01
2025-07-09 12:22:00,ATM-5,CALL,810.05,810.05,803,804.6,100,12040,8.593662,83200,83739.01
2025-07-09 12:22:00,ATM-5,PUT,182.15,184.9,182.15,182.95,3740,101840,10.246407,83200,83739.01
2025-07-09 12:22:00,ATM-4,CALL,740.85,740.85,730,736.8,500,41840,8.788566,83300,83739.01
2025-07-09 12:22:00,ATM-4,PUT,209.3,212.15,209.05,210.5,1360,266260,10.2158,83300,83739.01
2025-07-09 12:22:00,ATM-3,CALL,670,670,660.55,667.8,1420,50460,8.835247,83400,83739.01
2025-07-09 12:22:00,ATM-3,PUT,239.7,242.8,239.7,241.6,4040,135520,10.197969,83400,83739.01
2025-07-09 12:22:00,ATM-2,CALL,603.3,606,594.4,600.55,8640,345380,8.828689,83500,83739.01
2025-07-09 12:22:00,ATM-2,PUT,272.9,276.5,272.8,275.3,14740,500880,10.164408,83500,83739.01
2025-07-09 12:22:00,ATM-1,CALL,539.75,542,531.9,537.95,8120,255180,8.841758,83600,83739.01
2025-07-09 12:22:00,ATM-1,PUT,310.75,315.15,309.8,312.2,9500,423980,10.127706,83600,83739.01
2025-07-09 12:22:00,ATM,CALL,482.2,484.35,475.3,480.9,14360,293380,8.890797,83700,83739.01
2025-07-09 12:22:00,ATM,PUT,352,357,351.55,354.25,8800,310880,10.130959,83700,83739.01
2025-07-09 12:22:00,ATM+1,CALL,428.5,430.8,422.8,426,19100,244880,8.893635,83800,83739.01
2025-07-09 12:22:00,ATM+1,PUT,398.8,403.75,396.35,400.65,15340,220020,10.152014,83800,83739.01
2025-07-09 12:22:00,ATM+2,CALL,377,379.35,371.2,375.45,6900,140440,8.902022,83900,83739.01
2025-07-09 12:22:00,ATM+2,PUT,446.2,452.55,446.2,450.05,2240,76980,10.158864,83900,83739.01
2025-07-09 12:22:00,ATM+3,CALL,331.65,332.15,325.6,328.3,11880,324980,8.893933,84000,83739.01
2025-07-09 12:22:00,ATM+3,PUT,500.85,506,500.85,502.4,2680,132900,10.15059,84000,83739.01
2025-07-09 12:22:00,ATM+4,CALL,287.9,289.25,283.6,286.8,5540,87820,8.922918,84100,83739.01
2025-07-09 12:22:00,ATM+4,PUT,558.35,564,558.35,560,680,18620,10.181507,84100,83739.01
2025-07-09 12:22:00,ATM+5,CALL,249.15,250.3,245,247.55,5520,109020,8.911076,84200,83739.01
2025-07-09 12:22:00,ATM+5,PUT,618.2,625.3,618.2,625.3,180,13120,10.314103,84200,83739.01
2025-07-09 12:22:00,ATM+6,CALL,214.4,215.75,210.5,212.95,4060,84720,8.918193,84300,83739.01
2025-07-09 12:22:00,ATM+6,PUT,686.9,690,686.9,690,100,6100,10.354813,84300,83739.01
2025-07-09 12:22:00,ATM+7,CALL,183,184.4,180.05,182,5760,97320,8.92434,84400,83739.01
2025-07-09 12:22:00,ATM+7,PUT,820.05,820.05,820.05,820.05,0,39280,10.472942,84400,83739.01
2025-07-09 12:22:00,ATM+8,CALL,156.1,157.25,153.45,155.15,6620,216100,8.947426,84500,83739.01
2025-07-09 12:22:00,ATM+8,PUT,829.05,829.05,829.05,829.05,20,39280,10.444102,84500,83739.01
2025-07-09 12:22:00,ATM+9,CALL,132.35,133,130.1,131.25,1760,80420,8.962856,84600,83739.01
2025-07-09 12:22:00,ATM+9,PUT,898.55,898.55,898.55,898.55,0,1700,10.288497,84600,83739.01
2025-07-09 12:22:00,ATM+10,CALL,111.8,112.8,109.65,110.3,4780,94460,8.976605,84700,83739.01
2025-07-09 12:22:00,ATM+10,PUT,980,980,980,980,0,2160,10.692176,84700,83739.01
2025-07-09 12:23:00,ATM-10,CALL,1217.7,1217.7,1217.7,1217.7,0,2100,8.334189,82700,83747.8
2025-07-09 12:23:00,ATM-10,PUT,89.9,89.9,89.25,89.8,1740,83420,10.658088,82700,83747.8
2025-07-09 12:23:00,ATM-9,CALL,1050.95,1050.95,1050.95,1050.95,0,2740,8.156363,82800,83747.8
2025-07-09 12:23:00,ATM-9,PUT,103,103.15,103,103.15,260,91300,10.551315,82800,83747.8
2025-07-09 12:23:00,ATM-8,CALL,1046.05,1046.05,1046.05,1046.05,0,2680,8.529489,82900,83747.8
2025-07-09 12:23:00,ATM-8,PUT,120,120,119.1,119.55,200,68660,10.48788,82900,83747.8
2025-07-09 12:23:00,ATM-7,CALL,965.25,970.4,965.25,968.55,600,38860,8.502047,83000,83747.8
2025-07-09 12:23:00,ATM-7,PUT,137.4,138.5,137.15,138.5,3400,228660,10.437161,83000,83747.8
2025-07-09 12:23:00,ATM-6,CALL,888,888,888,888,20,7440,8.537599,83100,83747.8
2025-07-09 12:23:00,ATM-6,PUT,159,159.1,158,159,1960,76400,10.361368,83100,83747.8
2025-07-09 12:23:00,ATM-5,CALL,804.6,804.6,804.6,804.6,0,12040,8.593662,83200,83747.8
2025-07-09 12:23:00,ATM-5,PUT,183.25,183.55,181.75,182.4,3300,101840,10.297229,83200,83747.8
2025-07-09 12:23:00,ATM-4,CALL,736.8,736.8,736.8,736.8,0,41840,8.788566,83300,83747.8
2025-07-09 12:23:00,ATM-4,PUT,210.3,210.35,208.75,210.35,2040,266260,10.281774,83300,83747.8
2025-07-09 12:23:00,ATM-3,CALL,667.6,673.5,666.45,673.5,440,50460,8.825146,83400,83747.8
2025-07-09 12:23:00,ATM-3,PUT,240.85,241.1,238.95,240.45,1420,135520,10.242727,83400,83747.8
2025-07-09 12:23:00,ATM-2,CALL,600.1,607.2,600.1,605.4,4200,345380,8.805981,83500,83747.8
2025-07-09 12:23:00,ATM-2,PUT,274.05,274.5,271.8,274.1,4120,500880,10.213493,83500,83747.8
2025-07-09 12:23:00,ATM-1,CALL,537.95,544.5,536.7,544.1,4280,255180,8.859736,83600,83747.8
2025-07-09 12:23:00,ATM-1,PUT,312.4,312.5,309.3,310.7,5260,423980,10.175443,83600,83747.8
2025-07-09 12:23:00,ATM,CALL,481.2,487.45,480.1,485.7,10720,293380,8.884923,83700,83747.8
2025-07-09 12:23:00,ATM,PUT,354.6,354.6,350.7,353.3,7620,310880,10.197957,83700,83747.8
2025-07-09 12:23:00,ATM+1,CALL,427.4,432.6,425.85,432,11200,244880,8.924035,83800,83747.8
2025-07-09 12:23:00,ATM+1,PUT,400.1,400.25,396,398.45,5140,220020,10.196572,83800,83747.8
2025-07-09 12:23:00,ATM+2,CALL,375,381.6,375,381.15,3740,140440,8.933705,83900,83747.8
2025-07-09 12:23:00,ATM+2,PUT,449.05,449.05,445.6,448,1000,76980,10.21404,83900,83747.8
2025-07-09 12:23:00,ATM+3,CALL,329,334.05,328.55,333.4,5480,324980,8.920248,84000,83747.8
2025-07-09 12:23:00,ATM+3,PUT,502.9,502.9,498.1,501.75,1300,132900,10.245825,84000,83747.8
2025-07-09 12:23:00,ATM+4,CALL,286,291.25,286,291.25,2860,87820,8.942664,84100,83747.8
2025-07-09 12:23:00,ATM+4,PUT,557.25,557.25,557.25,557.25,40,18620,10.235911,84100,83747.8
2025-07-09 12:23:00,ATM+5,CALL,248.2,252.6,247.9,251.85,3480,109020,8.936163,84200,83747.8
2025-07-09 12:23:00,ATM+5,PUT,620,620,616,616,40,13120,10.21968,84200,83747.8
2025-07-09 12:23:00,ATM+6,CALL,213.35,217.6,213.35,217.6,980,84720,8.961457,84300,83747.8
2025-07-09 12:23:00,ATM+6,PUT,690,690,690,690,0,6100,10.354813,84300,83747.8
2025-07-09 12:23:00,ATM+7,CALL,182.4,186.15,181.9,185.95,1200,97320,8.959653,84400,83747.8
2025-07-09 12:23:00,ATM+7,PUT,820.05,820.05,820.05,820.05,0,39280,10.472942,84400,83747.8
2025-07-09 12:23:00,ATM+8,CALL,155,158.9,154.8,158.5,4060,216100,8.976367,84500,83747.8
2025-07-09 12:23:00,ATM+8,PUT,824.5,824.5,824.5,824.5,1040,39280,10.487714,84500,83747.8
2025-07-09 12:23:00,ATM+9,CALL,131.3,134.4,131.3,134.4,1360,80420,8.996188,84600,83747.8
2025-07-09 12:23:00,ATM+9,PUT,897.25,897.25,897.25,897.25,20,1740,10.510479,84600,83747.8
2025-07-09 12:23:00,ATM+10,CALL,112,113.7,112,113.7,1860,94460,9.029025,84700,83747.8
2025-07-09 12:23:00,ATM+10,PUT,980,980,980,980,0,2160,10.692176,84700,83747.8
2025-07-09 12:24:00,ATM-10,CALL,1135,1135,1135,1135,20,3040,8.116506,82800,83751.43
2025-07-09 12:24:00,ATM-10,PUT,102.4,103.6,102.4,102.85,700,91940,10.563159,82800,83751.43
2025-07-09 12:24:00,ATM-9,CALL,1050.95,1050.95,1050.95,1050.95,0,2740,8.156363,82900,83751.43
2025-07-09 12:24:00,ATM-9,PUT,118.35,119.5,118.35,119.4,200,68140,10.506663,82900,83751.43
2025-07-09 12:24:00,ATM-8,CALL,972,972,971.55,971.55,60,39000,8.501868,83000,83751.43
2025-07-09 12:24:00,ATM-8,PUT,137.5,138.1,137,137.4,1360,230000,10.427282,83000,83751.43
2025-07-09 12:24:00,ATM-7,CALL,968.55,968.55,968.55,968.55,0,38860,8.502047,83100,83751.43
2025-07-09 12:24:00,ATM-7,PUT,158.3,158.8,157.65,158.25,780,77940,10.36527,83100,83751.43
2025-07-09 12:24:00,ATM-6,CALL,888,888,888,888,0,7440,8.537599,83200,83751.43
2025-07-09 12:24:00,ATM-6,PUT,182.15,183,181.7,182,800,102360,10.313561,83200,83751.43
2025-07-09 12:24:00,ATM-5,CALL,804.6,804.6,804.6,804.6,0,12040,8.593662,83300,83751.43
2025-07-09 12:24:00,ATM-5,PUT,209.5,210.45,208.3,209.45,800,267840,10.286862,83300,83751.43
2025-07-09 12:24:00,ATM-4,CALL,673.5,675,671.9,671.9,200,50560,8.716459,83400,83751.43
2025-07-09 12:24:00,ATM-4,PUT,239.25,240.4,238.7,238.7,1500,131520,10.22878,83400,83751.43
2025-07-09 12:24:00,ATM-3,CALL,607,609.5,606.7,608.4,3740,344880,8.821892,83500,83751.43
2025-07-09 12:24:00,ATM-3,PUT,273.35,274.35,272.05,272.65,5240,500760,10.210381,83500,83751.43
2025-07-09 12:24:00,ATM-2,CALL,545,545.7,543.3,543.6,4900,254120,8.793728,83600,83751.43
2025-07-09 12:24:00,ATM-2,PUT,310.25,311.2,309,310.3,2900,423360,10.20053,83600,83751.43
2025-07-09 12:24:00,ATM-1,CALL,487.4,488.4,485,487.1,7880,298660,8.868964,83700,83751.43
2025-07-09 12:24:00,ATM-1,PUT,352,353.5,351,352.45,5860,312560,10.214988,83700,83751.43
2025-07-09 12:24:00,ATM,CALL,432.75,433.5,431.45,433,8360,251960,8.902496,83800,83751.43
2025-07-09 12:24:00,ATM,PUT,397.75,400.4,396.6,397.3,3860,221320,10.209439,83800,83751.43
2025-07-09 12:24:00,ATM+1,CALL,381.2,382.2,380,382,2980,141520,8.912243,83900,83751.43
2025-07-09 12:24:00,ATM+1,PUT,446.4,448.45,445.2,448.05,660,79660,10.257576,83900,83751.43
2025-07-09 12:24:00,ATM+2,CALL,334.7,335.55,333,335,9940,325020,8.919526,84000,83751.43
2025-07-09 12:24:00,ATM+2,PUT,499.8,501.4,498,499,1460,134260,10.227598,84000,83751.43
2025-07-09 12:24:00,ATM+3,CALL,291,292.4,289.8,291.8,2780,88940,8.92058,84100,83751.43
2025-07-09 12:24:00,ATM+3,PUT,556.2,556.7,555,556.7,120,18500,10.272102,84100,83751.43
2025-07-09 12:24:00,ATM+4,CALL,252.85,253.5,252.35,252.35,2640,111800,8.915727,84200,83751.43
2025-07-09 12:24:00,ATM+4,PUT,620.65,620.65,617.75,618,480,13020,10.320674,84200,83751.43
2025-07-09 12:24:00,ATM+5,CALL,218,218.3,217.15,218.2,1180,84180,8.946193,84300,83751.43
2025-07-09 12:24:00,ATM+5,PUT,680.65,682,680.65,682,60,6800,10.354412,84300,83751.43
2025-07-09 12:24:00,ATM+6,CALL,186.6,187.05,185.9,186.5,740,98540,8.945791,84400,83751.43
2025-07-09 12:24:00,ATM+6,PUT,690,690,690,690,0,6100,10.354813,84400,83751.43
2025-07-09 12:24:00,ATM+7,CALL,159.1,159.35,158.05,159,3600,214780,8.963723,84500,83751.43
2025-07-09 12:24:00,ATM+7,PUT,821,821,821,821,20,39280,10.462637,84500,83751.43
2025-07-09 12:24:00,ATM+8,CALL,134.35,135.15,134.1,134.65,460,80140,8.978624,84600,83751.43
2025-07-09 12:24:00,ATM+8,PUT,824.5,824.5,824.5,824.5,0,39280,10.487714,84600,83751.43
2025-07-09 12:24:00,ATM+9,CALL,113.95,113.95,113.2,113.55,1000,93280,9.000571,84700,83751.43
2025-07-09 12:24:00,ATM+9,PUT,897.25,897.25,897.25,897.25,0,1740,10.510479,84700,83751.43
2025-07-09 12:24:00,ATM+10,CALL,96,96,94.75,95.5,1440,169920,9.033002,84800,83751.43
2025-07-09 12:24:00,ATM+10,PUT,980,980,980,980,0,2160,10.692176,84800,83751.43
2025-07-09 12:25:00,ATM-10,CALL,1135,1135,1135,1135,0,3040,8.116506,82800,83765.42
2025-07-09 12:25:00,ATM-10,PUT,102.5,102.5,100.55,101,2160,91940,10.58119,82800,83765.42
2025-07-09 12:25:00,ATM-9,CALL,1055,1055,1055,1055,20,2660,7.925293,82900,83765.42
2025-07-09 12:25:00,ATM-9,PUT,117.6,118.05,116.4,117.4,480,68140,10.528625,82900,83765.42
2025-07-09 12:25:00,ATM-8,CALL,980,985.25,980,985.25,760,39000,8.577468,83000,83765.42
2025-07-09 12:25:00,ATM-8,PUT,136.7,136.9,134.25,135.65,8420,230000,10.466102,83000,83765.42
2025-07-09 12:25:00,ATM-7,CALL,894.6,903,894.6,903,100,7400,8.56562,83100,83765.42
2025-07-09 12:25:00,ATM-7,PUT,156.65,157,154.8,156.15,2940,77940,10.401809,83100,83765.42
2025-07-09 12:25:00,ATM-6,CALL,819.85,825.05,819.85,825.05,160,11960,8.596958,83200,83765.42
2025-07-09 12:25:00,ATM-6,PUT,182,182,178.15,180.15,4520,102360,10.365958,83200,83765.42
2025-07-09 12:25:00,ATM-5,CALL,745.8,756,745.8,751.9,640,41960,8.668215,83300,83765.42
2025-07-09 12:25:00,ATM-5,PUT,207.75,207.75,205.3,206.55,3500,267840,10.319566,83300,83765.42
2025-07-09 12:25:00,ATM-4,CALL,676,686.25,676,683.7,1300,50560,8.769625,83400,83765.42
2025-07-09 12:25:00,ATM-4,PUT,239.1,239.1,235,236.5,8420,131520,10.289122,83400,83765.42
2025-07-09 12:25:00,ATM-3,CALL,609,619,609,616,10140,344880,8.779907,83500,83765.42
2025-07-09 12:25:00,ATM-3,PUT,272.65,272.65,268,269.95,25040,500760,10.267534,83500,83765.42
2025-07-09 12:25:00,ATM-2,CALL,545.5,555,545.5,551.45,15220,254120,8.772623,83600,83765.42
2025-07-09 12:25:00,ATM-2,PUT,309.3,309.55,304,306.9,16440,423360,10.25069,83600,83765.42
2025-07-09 12:25:00,ATM-1,CALL,487.7,497.5,487.3,494.25,30140,298660,8.845493,83700,83765.42
2025-07-09 12:25:00,ATM-1,PUT,351.05,351.65,345.1,348.4,23120,312560,10.26038,83700,83765.42
2025-07-09 12:25:00,ATM,CALL,432.7,442,432.5,440.5,31220,251960,8.900915,83800,83765.42
2025-07-09 12:25:00,ATM,PUT,397,397,390,393.25,18920,221320,10.265789,83800,83765.42
2025-07-09 12:25:00,ATM+1,CALL,381,390,381,387.5,11800,141520,8.877767,83900,83765.42
2025-07-09 12:25:00,ATM+1,PUT,446,446,439.25,442.1,3300,79660,10.281344,83900,83765.42
2025-07-09 12:25:00,ATM+2,CALL,335.1,343,335.1,341.2,20160,325020,8.914443,84000,83765.42
2025-07-09 12:25:00,ATM+2,PUT,499.15,499.15,491,494.5,4480,134260,10.296614,84000,83765.42
2025-07-09 12:25:00,ATM+3,CALL,292.1,299,292,297.4,5140,88940,8.914641,84100,83765.42
2025-07-09 12:25:00,ATM+3,PUT,552.5,553.6,547,551.65,540,18500,10.340499,84100,83765.42
2025-07-09 12:25:00,ATM+4,CALL,253,259.55,252.85,257.55,9920,111800,8.913383,84200,83765.42
2025-07-09 12:25:00,ATM+4,PUT,617.55,617.55,610.35,610.35,480,13020,10.339749,84200,83765.42
2025-07-09 12:25:00,ATM+5,CALL,218.35,224,218.35,222.2,3780,84180,8.927,84300,83765.42
2025-07-09 12:25:00,ATM+5,PUT,682.85,682.85,673.5,675.4,720,6800,10.411082,84300,83765.42
2025-07-09 12:25:00,ATM+6,CALL,187,191.9,186.65,190.5,4520,98540,8.939118,84400,83765.42
2025-07-09 12:25:00,ATM+6,PUT,747.3,747.3,742.15,742.15,240,6060,10.446596,84400,83765.42
2025-07-09 12:25:00,ATM+7,CALL,159,163.8,159,162.6,5880,214780,8.95889,84500,83765.42
2025-07-09 12:25:00,ATM+7,PUT,820,820,816.45,816.45,60,39440,10.600202,84500,83765.42
2025-07-09 12:25:00,ATM+8,CALL,134.65,139,134.55,138.15,3800,80140,8.983813,84600,83765.42
2025-07-09 12:25:00,ATM+8,PUT,824.5,824.5,824.5,824.5,0,39280,10.487714,84600,83765.42
2025-07-09 12:25:00,ATM+9,CALL,113.9,117.4,113.55,116.7,4540,93280,9.008225,84700,83765.42
2025-07-09 12:25:00,ATM+9,PUT,975,975,975,975,20,2180,10.982853,84700,83765.42
2025-07-09 12:25:00,ATM+10,CALL,95.5,98.45,95.2,98.1,6640,169920,9.035315,84800,83765.42
2025-07-09 12:25:00,ATM+10,PUT,1053,1053,1053,1053,20,740,11.043737,84800,83765.42
2025-07-09 12:26:00,ATM-10,CALL,1135,1135,1135,1135,0,3040,8.116506,82800,83762.8
2025-07-09 12:26:00,ATM-10,PUT,102,102.4,101.3,102.3,860,91940,10.613792,82800,83762.8
2025-07-09 12:26:00,ATM-9,CALL,1055,1055,1055,1055,0,2660,7.925293,82900,83762.8
2025-07-09 12:26:00,ATM-9,PUT,117.8,118.4,117.45,118.1,700,68140,10.536341,82900,83762.8
2025-07-09 12:26:00,ATM-8,CALL,975.35,975.35,975.35,975.35,20,39000,8.285952,83000,83762.8
2025-07-09 12:26:00,ATM-8,PUT,136.05,136.8,135.9,136.2,1160,230000,10.466579,83000,83762.8
2025-07-09 12:26:00,ATM-7,CALL,903.45,903.45,903.45,903.45,40,7400,8.653042,83100,83762.8
2025-07-09 12:26:00,ATM-7,PUT,156.75,157.5,156.5,157.3,1180,77940,10.418264,83100,83762.8
2025-07-09 12:26:00,ATM-6,CALL,823,823,818.9,819.65,360,11960,8.493648,83200,83762.8
2025-07-09 12:26:00,ATM-6,PUT,180.4,181.4,180.25,181,1020,102360,10.370985,83200,83762.8
2025-07-09 12:26:00,ATM-5,CALL,751,751,748.65,748.65,400,41960,8.631795,83300,83762.8
2025-07-09 12:26:00,ATM-5,PUT,206.95,208.75,206.95,208,1400,267840,10.338394,83300,83762.8
2025-07-09 12:26:00,ATM-4,CALL,680.75,683.15,679.35,679.55,480,50560,8.708924,83400,83762.8
2025-07-09 12:26:00,ATM-4,PUT,237.3,238.3,236.9,238.1,2620,131520,10.308903,83400,83762.8
2025-07-09 12:26:00,ATM-3,CALL,615.65,615.65,611,611.5,4560,344880,8.71089,83500,83762.8
2025-07-09 12:26:00,ATM-3,PUT,270.2,272.25,270.1,271.8,7400,500760,10.290674,83500,83762.8
2025-07-09 12:26:00,ATM-2,CALL,552.2,553.15,547.95,548.95,5160,254120,8.752537,83600,83762.8
2025-07-09 12:26:00,ATM-2,PUT,306.55,309.45,306.55,308.75,4440,423360,10.271042,83600,83762.8
2025-07-09 12:26:00,ATM-1,CALL,494,495.6,490,491.85,9740,298660,8.825805,83700,83762.8
2025-07-09 12:26:00,ATM-1,PUT,348.8,351,348.55,349,6160,312560,10.24876,83700,83762.8
2025-07-09 12:26:00,ATM,CALL,439,440.55,435.6,437.05,11680,251960,8.854645,83800,83762.8
2025-07-09 12:26:00,ATM,PUT,394,396.5,393.05,396.3,7820,221320,10.309023,83800,83762.8
2025-07-09 12:26:00,ATM+1,CALL,387.3,388.5,384.15,386.4,8580,141520,8.883565,83900,83762.8
2025-07-09 12:26:00,ATM+1,PUT,442.7,444.9,442.3,444.9,1760,79660,10.316423,83900,83762.8
2025-07-09 12:26:00,ATM+2,CALL,341.2,341.35,337.6,339.05,10180,325020,8.893396,84000,83762.8
2025-07-09 12:26:00,ATM+2,PUT,494.75,498.45,494.55,496.8,4380,134260,10.318043,84000,83762.8
2025-07-09 12:26:00,ATM+3,CALL,297.45,297.6,294.9,295,4360,88940,8.884858,84100,83762.8
2025-07-09 12:26:00,ATM+3,PUT,552.15,553.7,551.65,553.7,340,18500,10.354142,84100,83762.8
2025-07-09 12:26:00,ATM+4,CALL,257.65,258.7,255.6,255.8,2720,111800,8.895983,84200,83762.8
2025-07-09 12:26:00,ATM+4,PUT,612.6,615.45,612.6,612.75,580,13020,10.359817,84200,83762.8
2025-07-09 12:26:00,ATM+5,CALL,222.7,222.7,220.15,220.6,1500,84180,8.910174,84300,83762.8
2025-07-09 12:26:00,ATM+5,PUT,677.2,678.55,677.2,678.55,40,6800,10.447904,84300,83762.8
2025-07-09 12:26:00,ATM+6,CALL,190,190.55,188.6,189,3680,98540,8.921562,84400,83762.8
2025-07-09 12:26:00,ATM+6,PUT,745.75,745.75,745.75,745.75,60,6060,10.493896,84400,83762.8
2025-07-09 12:26:00,ATM+7,CALL,162.15,162.95,160.8,161.15,4860,214780,8.939156,84500,83762.8
2025-07-09 12:26:00,ATM+7,PUT,819,821.7,819,821.7,240,39440,10.690609,84500,83762.8
2025-07-09 12:26:00,ATM+8,CALL,137.45,138.2,137,137,2780,80140,8.969084,84600,83762.8
2025-07-09 12:26:00,ATM+8,PUT,824.5,824.5,824.5,824.5,0,39280,10.487714,84600,83762.8
2025-07-09 12:26:00,ATM+9,CALL,116.45,116.8,115.3,115.3,3320,93280,8.981811,84700,83762.8
2025-07-09 12:26:00,ATM+9,PUT,975,975,975,975,0,2180,10.982853,84700,83762.8
2025-07-09 12:26:00,ATM+10,CALL,97.9,98.1,96.7,97,7440,169920,9.014466,84800,83762.8
2025-07-09 12:26:00,ATM+10,PUT,1053,1053,1053,1053,0,740,11.043737,84800,83762.8
2025-07-09 12:27:00,ATM-10,CALL,1138.6,1138.6,1138.6,1138.6,20,3040,7.915984,82800,83759.82
2025-07-09 12:27:00,ATM-10,PUT,102.4,102.4,100.8,101.15,1140,92480,10.553451,82800,83759.82
2025-07-09 12:27:00,ATM-9,CALL,1060,1060,1060,1060,20,2680,8.367728,82900,83759.82
2025-07-09 12:27:00,ATM-9,PUT,118.3,118.4,116.65,117.05,780,67920,10.481716,82900,83759.82
2025-07-09 12:27:00,ATM-8,CALL,976.95,982.9,976.95,982.9,40,39080,8.665825,83000,83759.82
2025-07-09 12:27:00,ATM-8,PUT,136.9,137,134.65,135,3300,232140,10.408695,83000,83759.82
2025-07-09 12:27:00,ATM-7,CALL,905.5,905.5,905.5,905.5,20,7400,8.801944,83100,83759.82
2025-07-09 12:27:00,ATM-7,PUT,157.55,157.55,155.8,155.9,900,77900,10.355799,83100,83759.82
2025-07-09 12:27:00,ATM-6,CALL,818,818,818,818,20,12000,8.515318,83200,83759.82
2025-07-09 12:27:00,ATM-6,PUT,181.45,181.45,179.05,179.6,2260,102360,10.309785,83200,83759.82
2025-07-09 12:27:00,ATM-5,CALL,747.55,756,747.55,756,280,41600,8.903323,83300,83759.82
2025-07-09 12:27:00,ATM-5,PUT,208.75,208.95,205.8,206.45,2900,267840,10.273926,83300,83759.82
2025-07-09 12:27:00,ATM-4,CALL,677,686.5,673.9,686.5,1480,50340,8.950108,83400,83759.82
2025-07-09 12:27:00,ATM-4,PUT,238.05,238.7,235.25,236.35,1880,131520,10.239739,83400,83759.82
2025-07-09 12:27:00,ATM-3,CALL,610.6,619.95,609,617.75,10180,339860,8.919869,83500,83759.82
2025-07-09 12:27:00,ATM-3,PUT,272.65,272.65,268.3,268.8,12440,503420,10.19071,83500,83759.82
2025-07-09 12:27:00,ATM-2,CALL,547.5,555.75,545.9,553,9760,251300,8.897133,83600,83759.82
2025-07-09 12:27:00,ATM-2,PUT,309.7,309.7,305.4,306.2,7740,423800,10.182319,83600,83759.82
2025-07-09 12:27:00,ATM-1,CALL,490.4,497.85,488.4,497.55,17200,295440,9.002443,83700,83759.82
2025-07-09 12:27:00,ATM-1,PUT,351,351.4,346.55,348.45,8380,315040,10.206455,83700,83759.82
2025-07-09 12:27:00,ATM,CALL,435.55,443.35,434.15,441.85,19500,251960,9.004588,83800,83759.82
2025-07-09 12:27:00,ATM,PUT,396.45,396.7,391.65,393.4,5460,219560,10.210251,83800,83759.82
2025-07-09 12:27:00,ATM+1,CALL,384.7,391.3,382.75,390.45,11060,139880,9.012434,83900,83759.82
2025-07-09 12:27:00,ATM+1,PUT,445,445.35,440,441.4,2960,79660,10.201794,83900,83759.82
2025-07-09 12:27:00,ATM+2,CALL,337.9,343.3,335.5,342,11820,330680,8.994472,84000,83759.82
2025-07-09 12:27:00,ATM+2,PUT,498.8,498.8,491.9,493.2,920,134240,10.198241,84000,83759.82
2025-07-09 12:27:00,ATM+3,CALL,294.3,299.55,293.55,298.45,3940,86700,8.996372,84100,83759.82
2025-07-09 12:27:00,ATM+3,PUT,554.8,554.8,549.6,551.25,200,18880,10.25748,84100,83759.82
2025-07-09 12:27:00,ATM+4,CALL,255,260,253.5,258.7,4900,111180,8.99421,84200,83759.82
2025-07-09 12:27:00,ATM+4,PUT,616.05,616.05,614,614,60,13000,10.347211,84200,83759.82
2025-07-09 12:27:00,ATM+5,CALL,219.7,224.05,218.85,223.35,2540,84380,9.005336,84300,83759.82
2025-07-09 12:27:00,ATM+5,PUT,680.55,680.55,673.15,673.15,120,7340,10.269407,84300,83759.82
2025-07-09 12:27:00,ATM+6,CALL,188.1,192.1,187.8,191.65,2420,97860,9.015685,84400,83759.82
2025-07-09 12:27:00,ATM+6,PUT,745.75,745.75,745.75,745.75,0,6060,10.493896,84400,83759.82
2025-07-09 12:27:00,ATM+7,CALL,160.8,164,159.3,163.7,5480,213580,9.033015,84500,83759.82
2025-07-09 12:27:00,ATM+7,PUT,821.7,821.7,814.35,814.35,60,39460,10.442802,84500,83759.82
2025-07-09 12:27:00,ATM+8,CALL,136.5,139.1,135.2,138.7,3240,80060,9.041245,84600,83759.82
2025-07-09 12:27:00,ATM+8,PUT,824.5,824.5,824.5,824.5,0,39280,10.487714,84600,83759.82
2025-07-09 12:27:00,ATM+9,CALL,115,117.9,113.85,116.95,5400,93620,9.055122,84700,83759.82
2025-07-09 12:27:00,ATM+9,PUT,975,975,975,975,0,2180,10.982853,84700,83759.82
2025-07-09 12:27:00,ATM+10,CALL,96.65,98.5,95.55,97.7,5760,169840,9.058352,84800,83759.82
2025-07-09 12:27:00,ATM+10,PUT,1053,1053,1053,1053,0,740,11.043737,84800,83759.82
2025-07-09 12:28:00,ATM-10,CALL,1138.6,1138.6,1138.6,1138.6,0,3040,7.915984,82800,83761.05
2025-07-09 12:28:00,ATM-10,PUT,101.8,102.15,101.4,101.6,300,92480,10.578164,82800,83761.05
2025-07-09 12:28:00,ATM-9,CALL,1060,1060,1060,1060,0,2680,8.367728,82900,83761.05
2025-07-09 12:28:00,ATM-9,PUT,118,118.25,117.6,117.9,660,67920,10.519248,82900,83761.05
2025-07-09 12:28:00,ATM-8,CALL,980.55,982,980.55,982,280,39080,8.595488,83000,83761.05
2025-07-09 12:28:00,ATM-8,PUT,135.8,136.6,135.4,136.05,1380,232140,10.450998,83000,83761.05
2025-07-09 12:28:00,ATM-7,CALL,905.5,905.5,905.5,905.5,0,7400,8.801944,83100,83761.05
2025-07-09 12:28:00,ATM-7,PUT,156.9,157.1,156.35,157.1,300,77900,10.40088,83100,83761.05
2025-07-09 12:28:00,ATM-6,CALL,825,825,825,825,40,12000,8.702307,83200,83761.05
2025-07-09 12:28:00,ATM-6,PUT,179.85,181.5,179.85,180.55,2240,102360,10.346214,83200,83761.05
2025-07-09 12:28:00,ATM-5,CALL,750.9,755.9,750.9,753.6,280,41600,8.810891,83300,83761.05
2025-07-09 12:28:00,ATM-5,PUT,207.5,208.05,206.95,207.7,660,267840,10.317542,83300,83761.05
2025-07-09 12:28:00,ATM-4,CALL,684.25,684.6,682.65,684.6,160,50340,8.877723,83400,83761.05
2025-07-09 12:28:00,ATM-4,PUT,236.45,238.1,236.15,237.2,1800,131520,10.272196,83400,83761.05
2025-07-09 12:28:00,ATM-3,CALL,618,619,614.9,616.2,6880,339860,8.8609,83500,83761.05
2025-07-09 12:28:00,ATM-3,PUT,269.55,271.1,269.1,269.7,8520,503420,10.224229,83500,83761.05
2025-07-09 12:28:00,ATM-2,CALL,552.9,554.6,550.1,552.8,2000,251300,8.874344,83600,83761.05
2025-07-09 12:28:00,ATM-2,PUT,307.25,308.7,306.75,307.75,1900,423800,10.231492,83600,83761.05
2025-07-09 12:28:00,ATM-1,CALL,496.25,497.4,492.4,494.7,10080,295440,8.918858,83700,83761.05
2025-07-09 12:28:00,ATM-1,PUT,349,350,347.8,349.15,2900,315040,10.235634,83700,83761.05
2025-07-09 12:28:00,ATM,CALL,441.4,442.5,438.6,440.8,13500,251960,8.965361,83800,83761.05
2025-07-09 12:28:00,ATM,PUT,393,395.7,392.9,393.35,1880,219560,10.22266,83800,83761.05
2025-07-09 12:28:00,ATM+1,CALL,388.4,390.15,386.35,388.6,5800,139880,8.956108,83900,83761.05
2025-07-09 12:28:00,ATM+1,PUT,443,444.15,441.3,442.4,520,79660,10.239407,83900,83761.05
2025-07-09 12:28:00,ATM+2,CALL,342.45,342.55,338.7,341.8,7820,330680,8.977323,84000,83761.05
2025-07-09 12:28:00,ATM+2,PUT,494.25,496.9,493.6,495.2,760,134240,10.260163,84000,83761.05
2025-07-09 12:28:00,ATM+3,CALL,298.45,299,296.5,298.15,3840,86700,8.977755,84100,83761.05
2025-07-09 12:28:00,ATM+3,PUT,551.25,551.25,551.25,551.25,0,18880,10.25748,84100,83761.05
2025-07-09 12:28:00,ATM+4,CALL,258.8,259.55,256.55,258.45,1620,111180,8.977467,84200,83761.05
2025-07-09 12:28:00,ATM+4,PUT,612.25,612.25,611.2,611.2,600,13000,10.298374,84200,83761.05
2025-07-09 12:28:00,ATM+5,CALL,222.9,223.75,221.5,221.7,1700,84380,8.954072,84300,83761.05
2025-07-09 12:28:00,ATM+5,PUT,677.5,678.8,677.5,678.3,160,7340,10.415277,84300,83761.05
2025-07-09 12:28:00,ATM+6,CALL,191.55,191.65,190,191.35,2040,97860,8.998543,84400,83761.05
2025-07-09 12:28:00,ATM+6,PUT,745.75,745.75,745.75,745.75,0,6060,10.493896,84400,83761.05
2025-07-09 12:28:00,ATM+7,CALL,162.6,163.4,161.35,161.8,2640,213580,8.971672,84500,83761.05
2025-07-09 12:28:00,ATM+7,PUT,819,819,812.9,812.9,40,39460,10.427468,84500,83761.05
2025-07-09 12:28:00,ATM+8,CALL,138.3,138.5,137.4,137.95,680,80060,9.010917,84600,83761.05
2025-07-09 12:28:00,ATM+8,PUT,824.5,824.5,824.5,824.5,0,39280,10.487714,84600,83761.05
2025-07-09 12:28:00,ATM+9,CALL,116.7,117.15,115.9,116.45,1360,93620,9.031524,84700,83761.05
2025-07-09 12:28:00,ATM+9,PUT,975,975,975,975,0,2180,10.982853,84700,83761.05
2025-07-09 12:28:00,ATM+10,CALL,97.5,98.1,96.85,97.6,3700,169840,9.047665,84800,83761.05
2025-07-09 12:28:00,ATM+10,PUT,1053,1053,1053,1053,0,740,11.043737,84800,83761.05
2025-07-09 12:29:00,ATM-10,CALL,1150,1150,1150,1150,120,3040,8.324429,82800,83763.7
2025-07-09 12:29:00,ATM-10,PUT,102.15,102.2,100.65,101.75,3500,92480,10.600474,82800,83763.7
2025-07-09 12:29:00,ATM-9,CALL,1060,1060,1060,1060,0,2680,8.367728,82900,83763.7
2025-07-09 12:29:00,ATM-9,PUT,117.9,118.3,116.25,117.45,2180,67920,10.521298,82900,83763.7
2025-07-09 12:29:00,ATM-8,CALL,981.7,986,980.55,982.35,900,39080,8.526653,83000,83763.7
2025-07-09 12:29:00,ATM-8,PUT,136.2,136.7,134.3,135.25,4340,232140,10.4437,83000,83763.7
2025-07-09 12:29:00,ATM-7,CALL,905.5,905.5,905.5,905.5,0,7400,8.801944,83100,83763.7
2025-07-09 12:29:00,ATM-7,PUT,156.8,156.8,154.75,155.2,920,77900,10.363089,83100,83763.7
2025-07-09 12:29:00,ATM-6,CALL,830,830,830,830,200,12000,8.793388,83200,83763.7
2025-07-09 12:29:00,ATM-6,PUT,180.55,180.55,178.1,178.65,1540,102360,10.312638,83200,83763.7
2025-07-09 12:29:00,ATM-5,CALL,754,760,754,756.35,480,41600,8.834201,83300,83763.7
2025-07-09 12:29:00,ATM-5,PUT,207.75,208.05,204.7,205.8,5720,267840,10.287795,83300,83763.7
2025-07-09 12:29:00,ATM-4,CALL,682.2,689.2,682.2,686.15,1380,50340,8.870308,83400,83763.7
2025-07-09 12:29:00,ATM-4,PUT,237.35,238.05,233.85,236,1800,131520,10.26383,83400,83763.7
2025-07-09 12:29:00,ATM-3,CALL,617.95,622.75,615.65,619.75,6700,339860,8.906899,83500,83763.7
2025-07-09 12:29:00,ATM-3,PUT,269.75,270.95,267.1,268.4,9280,503420,10.215817,83500,83763.7
2025-07-09 12:29:00,ATM-2,CALL,553.6,557.5,551.1,555,6820,251300,8.888269,83600,83763.7
2025-07-09 12:29:00,ATM-2,PUT,307,308,303.25,305.35,3840,423800,10.199075,83600,83763.7
2025-07-09 12:29:00,ATM-1,CALL,495.35,499.8,493.8,496.85,11660,295440,8.933745,83700,83763.7
2025-07-09 12:29:00,ATM-1,PUT,349.2,350,345.2,347.35,7140,315040,10.220198,83700,83763.7
2025-07-09 12:29:00,ATM,CALL,440.05,444.65,439,441,15380,251960,8.937177,83800,83763.7
2025-07-09 12:29:00,ATM,PUT,394,395,389.35,391.8,8540,219560,10.215407,83800,83763.7
2025-07-09 12:29:00,ATM+1,CALL,388.55,393.1,387,389.8,7220,139880,8.953693,83900,83763.7
2025-07-09 12:29:00,ATM+1,PUT,443,443,437.8,439.9,4720,79660,10.21243,83900,83763.7
2025-07-09 12:29:00,ATM+2,CALL,340.75,344.8,340,341.7,13260,330680,8.947233,84000,83763.7
2025-07-09 12:29:00,ATM+2,PUT,496.1,496.1,489.35,493.8,2380,134240,10.260771,84000,83763.7
2025-07-09 12:29:00,ATM+3,CALL,297.1,302.05,296.5,299.35,3180,86700,8.980319,84100,83763.7
2025-07-09 12:29:00,ATM+3,PUT,551.25,551.25,544.1,548.2,540,18880,10.238353,84100,83763.7
2025-07-09 12:29:00,ATM+4,CALL,258.1,261.3,257.3,259.3,3680,111180,8.974147,84200,83763.7
2025-07-09 12:29:00,ATM+4,PUT,610.5,610.5,606.45,606.45,80,13000,10.223379,84200,83763.7
2025-07-09 12:29:00,ATM+5,CALL,222.2,225.5,221.35,223.3,3560,84380,8.971924,84300,83763.7
2025-07-09 12:29:00,ATM+5,PUT,677.8,677.8,670,670,60,7340,10.253356,84300,83763.7
2025-07-09 12:29:00,ATM+6,CALL,190.2,193.05,190.2,192.5,4280,97860,9.007893,84400,83763.7
2025-07-09 12:29:00,ATM+6,PUT,745.75,745.75,745.75,745.75,0,6060,10.493896,84400,83763.7
2025-07-09 12:29:00,ATM+7,CALL,162.9,165.05,161.7,163.35,8520,213580,8.995193,84500,83763.7
2025-07-09 12:29:00,ATM+7,PUT,814.6,814.8,810,810,300,39460,10.400007,84500,83763.7
2025-07-09 12:29:00,ATM+8,CALL,138.25,139.95,137.3,139.15,3660,80060,9.028107,84600,83763.7
2025-07-09 12:29:00,ATM+8,PUT,824.5,824.5,824.5,824.5,0,39280,10.487714,84600,83763.7
2025-07-09 12:29:00,ATM+9,CALL,117.05,118.1,115.9,117.3,6760,93620,9.041375,84700,83763.7
2025-07-09 12:29:00,ATM+9,PUT,965,965,965,965,20,2200,10.658664,84700,83763.7
2025-07-09 12:29:00,ATM+10,CALL,97.8,99.6,96.95,98.6,3280,169840,9.066035,84800,83763.7
2025-07-09 12:29:00,ATM+10,PUT,1050,1050,1050,1050,40,740,10.913517,84800,83763.7
2025-07-09 12:30:00,ATM-10,CALL,1150,1150,1150,1150,0,3040,8.324429,82800,83772.04
2025-07-09 12:30:00,ATM-10,PUT,101.15,102.65,100.4,100.6,1820,93140,10.609313,82800,83772.04
2025-07-09 12:30:00,ATM-9,CALL,1060,1060,1060,1060,0,2680,8.367728,82900,83772.04
2025-07-09 12:30:00,ATM-9,PUT,116.75,117.85,116.25,116.25,1660,68040,10.533826,82900,83772.04
2025-07-09 12:30:00,ATM-8,CALL,988.4,992.15,987.35,992.15,300,39100,8.633207,83000,83772.04
2025-07-09 12:30:00,ATM-8,PUT,134.75,136.45,134.05,134.6,5200,231800,10.479223,83000,83772.04
2025-07-09 12:30:00,ATM-7,CALL,905.5,905.5,905.5,905.5,0,7400,8.801944,83100,83772.04
2025-07-09 12:30:00,ATM-7,PUT,155.05,157.2,154.4,154.4,2620,78120,10.398125,83100,83772.04
2025-07-09 12:30:00,ATM-6,CALL,834.95,835,832.1,835,60,11660,8.749669,83200,83772.04
2025-07-09 12:30:00,ATM-6,PUT,178.75,180.85,177.95,177.95,3580,103220,10.354981,83200,83772.04
2025-07-09 12:30:00,ATM-5,CALL,757.15,763,757.15,763,280,41460,8.848766,83300,83772.04
2025-07-09 12:30:00,ATM-5,PUT,205.3,208.35,204.5,204.65,1260,267820,10.322488,83300,83772.04
2025-07-09 12:30:00,ATM-4,CALL,686,694,685.7,694,1000,50140,8.924003,83400,83772.04
2025-07-09 12:30:00,ATM-4,PUT,234.85,237.6,234,234,2080,132080,10.281803,83400,83772.04
2025-07-09 12:30:00,ATM-3,CALL,620.2,626.95,617.35,625.2,6580,335960,8.905029,83500,83772.04
2025-07-09 12:30:00,ATM-3,PUT,267.1,271.6,266.55,266.8,18180,499800,10.249744,83500,83772.04
2025-07-09 12:30:00,ATM-2,CALL,555.9,563.55,554.3,563.15,24080,251000,8.960088,83600,83772.04
2025-07-09 12:30:00,ATM-2,PUT,304.5,308.3,303.25,303.25,21900,425740,10.226789,83600,83772.04
2025-07-09 12:30:00,ATM-1,CALL,496.85,504.45,496.4,503.2,22020,296660,8.968849,83700,83772.04
2025-07-09 12:30:00,ATM-1,PUT,345.65,349,343.9,345,11920,316400,10.248334,83700,83772.04
2025-07-09 12:30:00,ATM,CALL,441.05,448.45,440.2,448.45,31940,254240,9.005124,83800,83772.04
2025-07-09 12:30:00,ATM,PUT,390,394.3,387.75,388.3,14680,225020,10.223321,83800,83772.04
2025-07-09 12:30:00,ATM+1,CALL,389.3,396,389.15,395.35,12660,140220,8.985144,83900,83772.04
2025-07-09 12:30:00,ATM+1,PUT,440.35,442.85,435.9,436.85,3060,83020,10.237598,83900,83772.04
2025-07-09 12:30:00,ATM+2,CALL,342.35,347.8,341.45,346.65,25780,326740,8.972781,84000,83772.04
2025-07-09 12:30:00,ATM+2,PUT,491.8,495.5,488,489.3,4940,135340,10.259308,84000,83772.04
2025-07-09 12:30:00,ATM+3,CALL,298.75,304.1,298.75,303.6,4900,88320,8.997637,84100,83772.04
2025-07-09 12:30:00,ATM+3,PUT,552.35,552.35,543.2,544,620,18820,10.250821,84100,83772.04
2025-07-09 12:30:00,ATM+4,CALL,259.25,263.95,258.9,263.95,4140,110820,9.00945,84200,83772.04
2025-07-09 12:30:00,ATM+4,PUT,610.2,610.8,603.55,603.55,900,13380,10.274019,84200,83772.04
2025-07-09 12:30:00,ATM+5,CALL,223.45,228.1,223.2,226.65,3040,82880,8.984026,84300,83772.04
2025-07-09 12:30:00,ATM+5,PUT,675,675.35,669,669,400,7460,10.358651,84300,83772.04
2025-07-09 12:30:00,ATM+6,CALL,191.85,195.4,191.25,194.5,5180,98800,8.993182,84400,83772.04
2025-07-09 12:30:00,ATM+6,PUT,741.2,741.2,736,736,200,6020,10.403935,84400,83772.04
2025-07-09 12:30:00,ATM+7,CALL,163.3,166.9,162.65,165.8,8340,214060,9.000067,84500,83772.04
2025-07-09 12:30:00,ATM+7,PUT,812,812,808,810.1,320,39560,10.555525,84500,83772.04
2025-07-09 12:30:00,ATM+8,CALL,138.65,141.55,138.15,140.9,3860,79860,9.020549,84600,83772.04
2025-07-09 12:30:00,ATM+8,PUT,824.5,824.5,824.5,824.5,0,39280,10.487714,84600,83772.04
2025-07-09 12:30:00,ATM+9,CALL,117.1,119.25,116.8,118.8,8180,93760,9.033227,84700,83772.04
2025-07-09 12:30:00,ATM+9,PUT,941.75,941.75,941.75,941.75,1040,2200,10.162145,84700,83772.04
2025-07-09 12:30:00,ATM+10,CALL,98.5,100.15,98,100,4660,169980,9.061549,84800,83772.04
2025-07-09 12:30:00,ATM+10,PUT,1050,1050,1050,1050,0,740,10.913517,84800,83772.04
2025-07-09 12:31:00,ATM-10,CALL,1155.9,1155.9,1151.2,1151.2,40,3040,7.808908,82800,83776.01
2025-07-09 12:31:00,ATM-10,PUT,100.8,101.65,100.75,101.25,900,93140,10.658303,82800,83776.01
2025-07-09 12:31:00,ATM-9,CALL,1060,1060,1060,1060,0,2680,8.367728,82900,83776.01
2025-07-09 12:31:00,ATM-9,PUT,116.5,117.4,116.15,116.95,2320,68040,10.583841,82900,83776.01
2025-07-09 12:31:00,ATM-8,CALL,992.4,993.05,988,991.35,360,39100,8.477574,83000,83776.01
2025-07-09 12:31:00,ATM-8,PUT,134.6,135.55,133.9,135.05,7060,231800,10.520736,83000,83776.01
2025-07-09 12:31:00,ATM-7,CALL,908.3,908.3,908.3,908.3,40,7480,8.458107,83100,83776.01
2025-07-09 12:31:00,ATM-7,PUT,154.5,156.1,154.4,156.1,1160,78120,10.477679,83100,83776.01
2025-07-09 12:31:00,ATM-6,CALL,835,837.9,834,837.9,260,11660,8.744901,83200,83776.01
2025-07-09 12:31:00,ATM-6,PUT,178.05,180,177.85,179.2,2540,103220,10.420282,83200,83776.01
2025-07-09 12:31:00,ATM-5,CALL,763.55,763.55,758.8,761.2,600,41460,8.713917,83300,83776.01
2025-07-09 12:31:00,ATM-5,PUT,204.75,206.95,204.75,206.7,1880,267820,10.409141,83300,83776.01
2025-07-09 12:31:00,ATM-4,CALL,694,694.15,688.95,690,1500,50140,8.742596,83400,83776.01
2025-07-09 12:31:00,ATM-4,PUT,234,236.4,234,235.9,3820,132080,10.36395,83400,83776.01
2025-07-09 12:31:00,ATM-3,CALL,627,627.85,621.65,624.15,9880,335960,8.811587,83500,83776.01
2025-07-09 12:31:00,ATM-3,PUT,266.45,269.8,266.3,268.3,8040,499800,10.322136,83500,83776.01
2025-07-09 12:31:00,ATM-2,CALL,561.45,563.95,558.65,559.4,10480,251000,8.808232,83600,83776.01
2025-07-09 12:31:00,ATM-2,PUT,303.9,306.7,303.45,305.9,6100,425740,10.327979,83600,83776.01
2025-07-09 12:31:00,ATM-1,CALL,503.95,504.95,500,501.9,17400,296660,8.883247,83700,83776.01
2025-07-09 12:31:00,ATM-1,PUT,343.55,347.35,343.5,346,6560,316400,10.311707,83700,83776.01
2025-07-09 12:31:00,ATM,CALL,446.95,448.6,444,445.9,24020,254240,8.895723,83800,83776.01
2025-07-09 12:31:00,ATM,PUT,388.35,391.95,387.55,390.45,8980,225020,10.315799,83800,83776.01
2025-07-09 12:31:00,ATM+1,CALL,395.65,396.9,391.95,393.5,12800,140220,8.896468,83900,83776.01
2025-07-09 12:31:00,ATM+1,PUT,436.6,439.95,436,439.85,2020,83020,10.352443,83900,83776.01
2025-07-09 12:31:00,ATM+2,CALL,347.15,348,344.35,345.65,11840,326740,8.907282,84000,83776.01
2025-07-09 12:31:00,ATM+2,PUT,488,492.35,488,491.85,3320,135340,10.367242,84000,83776.01
2025-07-09 12:31:00,ATM+3,CALL,303.6,304.1,300.65,302.05,4940,88320,8.922069,84100,83776.01
2025-07-09 12:31:00,ATM+3,PUT,543.15,548.95,543.15,547.45,120,18820,10.38416,84100,83776.01
2025-07-09 12:31:00,ATM+4,CALL,263.7,264.05,260.7,261.1,4580,110820,8.904519,84200,83776.01
2025-07-09 12:31:00,ATM+4,PUT,607.05,607.05,603.95,603.95,80,13380,10.340421,84200,83776.01
2025-07-09 12:31:00,ATM+5,CALL,227.6,228.25,224.8,225.6,3020,82880,8.92403,84300,83776.01
2025-07-09 12:31:00,ATM+5,PUT,671.3,671.95,668.3,668.3,80,7460,10.403055,84300,83776.01
2025-07-09 12:31:00,ATM+6,CALL,195.1,195.6,192.4,193.3,3380,98800,8.930303,84400,83776.01
2025-07-09 12:31:00,ATM+6,PUT,739.2,740.65,739,739,100,6020,10.546152,84400,83776.01
2025-07-09 12:31:00,ATM+7,CALL,166.3,166.55,164.4,165,7360,214060,8.948421,84500,83776.01
2025-07-09 12:31:00,ATM+7,PUT,808.15,808.15,805.4,805.4,40,39560,10.504691,84500,83776.01
2025-07-09 12:31:00,ATM+8,CALL,141.55,141.55,139.4,140.25,3540,79860,8.973614,84600,83776.01
2025-07-09 12:31:00,ATM+8,PUT,881.4,881.4,881.4,881.4,20,1720,10.639622,84600,83776.01
2025-07-09 12:31:00,ATM+9,CALL,119.4,119.4,117.7,118.1,4380,93760,8.984842,84700,83776.01
2025-07-09 12:31:00,ATM+9,PUT,941.75,941.75,941.75,941.75,0,2200,10.162145,84700,83776.01
2025-07-09 12:31:00,ATM+10,CALL,100.1,100.1,98.7,99.25,3240,169980,9.010969,84800,83776.01
2025-07-09 12:31:00,ATM+10,PUT,1050,1050,1050,1050,0,740,10.913517,84800,83776.01
2025-07-09 12:32:00,ATM-10,CALL,1151.2,1151.2,1151.2,1151.2,0,3040,7.808908,82800,83768.47
2025-07-09 12:32:00,ATM-10,PUT,101.45,103.25,101.45,103.25,820,93140,10.686738,82800,83768.47
2025-07-09 12:32:00,ATM-9,CALL,1060,1060,1060,1060,0,2680,8.367728,82900,83768.47
2025-07-09 12:32:00,ATM-9,PUT,117.15,119.05,117.15,119,500,68040,10.606535,82900,83768.47
2025-07-09 12:32:00,ATM-8,CALL,988,988,980.55,980.55,380,39100,8.307647,83000,83768.47
2025-07-09 12:32:00,ATM-8,PUT,135.25,137.4,135.25,137.4,2560,231800,10.54593,83000,83768.47
2025-07-09 12:32:00,ATM-7,CALL,905.5,905.5,905.5,905.5,100,7480,8.573076,83100,83768.47
2025-07-09 12:32:00,ATM-7,PUT,155.85,158.3,155.85,158.05,680,78120,10.483603,83100,83768.47
2025-07-09 12:32:00,ATM-6,CALL,830.4,830.4,827.25,827.25,80,11660,8.597654,83200,83768.47
2025-07-09 12:32:00,ATM-6,PUT,179.6,182.7,179.6,182.1,2500,103220,10.446995,83200,83768.47
2025-07-09 12:32:00,ATM-5,CALL,756.65,759.2,750,750,760,41460,8.55444,83300,83768.47
2025-07-09 12:32:00,ATM-5,PUT,206.8,209.6,206.8,209.4,1120,267820,10.423176,83300,83768.47
2025-07-09 12:32:00,ATM-4,CALL,688.95,688.95,678.45,678.45,900,50140,8.576585,83400,83768.47
2025-07-09 12:32:00,ATM-4,PUT,235.15,239.6,235.15,239.05,2800,132080,10.383037,83400,83768.47
2025-07-09 12:32:00,ATM-3,CALL,622.35,623.95,612.75,613.15,19940,335960,8.66099,83500,83768.47
2025-07-09 12:32:00,ATM-3,PUT,269.1,273,268.45,272.3,13080,499800,10.355599,83500,83768.47
2025-07-09 12:32:00,ATM-2,CALL,559,559.45,548.85,549.2,8200,251000,8.676046,83600,83768.47
2025-07-09 12:32:00,ATM-2,PUT,305.1,310.15,305.1,309.45,6360,425740,10.343526,83600,83768.47
2025-07-09 12:32:00,ATM-1,CALL,501.4,501.4,491.55,492.25,18360,296660,8.760682,83700,83768.47
2025-07-09 12:32:00,ATM-1,PUT,346.25,351.6,345.75,350.85,10580,316400,10.351402,83700,83768.47
2025-07-09 12:32:00,ATM,CALL,445,446,436.3,437.75,22600,254240,8.803079,83800,83768.47
2025-07-09 12:32:00,ATM,PUT,391.55,397.2,390.4,396.3,11860,225020,10.372017,83800,83768.47
2025-07-09 12:32:00,ATM+1,CALL,392.65,393,385,386.05,7660,140220,8.81346,83900,83768.47
2025-07-09 12:32:00,ATM+1,PUT,439.55,445,439.5,444.8,2860,83020,10.381373,83900,83768.47
2025-07-09 12:32:00,ATM+2,CALL,344.85,345.3,337.4,338.45,16020,326740,8.822544,84000,83768.47
2025-07-09 12:32:00,ATM+2,PUT,491.9,498,491.9,498,6040,135340,10.417855,84000,83768.47
2025-07-09 12:32:00,ATM+3,CALL,301,301.65,294.65,294.65,6320,88320,8.824159,84100,83768.47
2025-07-09 12:32:00,ATM+3,PUT,548.25,551.95,547.1,551.95,160,18820,10.390486,84100,83768.47
2025-07-09 12:32:00,ATM+4,CALL,261.5,261.65,255.7,255.8,4320,110820,8.847467,84200,83768.47
2025-07-09 12:32:00,ATM+4,PUT,612.2,612.2,612.2,612.2,40,13380,10.429951,84200,83768.47
2025-07-09 12:32:00,ATM+5,CALL,225.6,225.6,220.4,220.4,3640,82880,8.860148,84300,83768.47
2025-07-09 12:32:00,ATM+5,PUT,668.3,668.3,668.3,668.3,0,7460,10.403055,84300,83768.47
2025-07-09 12:32:00,ATM+6,CALL,192.5,192.8,188.7,189.1,11300,98800,8.882272,84400,83768.47
2025-07-09 12:32:00,ATM+6,PUT,746,746,746,746,20,6020,10.597216,84400,83768.47
2025-07-09 12:32:00,ATM+7,CALL,165.15,165.15,160.85,160.85,14840,214060,8.891707,84500,83768.47
2025-07-09 12:32:00,ATM+7,PUT,810,819.25,810,819.25,260,39560,10.731071,84500,83768.47
2025-07-09 12:32:00,ATM+8,CALL,139.8,139.8,136.4,136.4,1580,79860,8.914662,84600,83768.47
2025-07-09 12:32:00,ATM+8,PUT,881.4,881.4,881.4,881.4,0,1720,10.639622,84600,83768.47
2025-07-09 12:32:00,ATM+9,CALL,118,118,115,115,3700,93760,8.937816,84700,83768.47
2025-07-09 12:32:00,ATM+9,PUT,969.05,969.05,969.05,969.05,100,2200,10.879327,84700,83768.47
2025-07-09 12:32:00,ATM+10,CALL,98.75,99.05,96.4,96.4,5260,169980,8.961208,84800,83768.47
2025-07-09 12:32:00,ATM+10,PUT,1050,1050,1050,1050,0,740,10.913517,84800,83768.47
2025-07-09 12:33:00,ATM-10,CALL,1151.2,1151.2,1151.2,1151.2,0,3040,7.808908,82800,83766.33
2025-07-09 12:33:00,ATM-10,PUT,102.75,103.5,102.4,102.6,2420,93520,10.650084,82800,83766.33
2025-07-09 12:33:00,ATM-9,CALL,1060,1060,1060,1060,0,2680,8.367728,82900,83766.33
2025-07-09 12:33:00,ATM-9,PUT,119,119.65,118.35,118.5,1560,69160,10.576165,82900,83766.33
2025-07-09 12:33:00,ATM-8,CALL,977.3,979.7,975.1,979.7,200,38680,8.345646,83000,83766.33
2025-07-09 12:33:00,ATM-8,PUT,137.1,138.15,136.75,136.75,5300,233140,10.511275,83000,83766.33
2025-07-09 12:33:00,ATM-7,CALL,894.95,894.95,894.95,894.95,20,7480,8.270897,83100,83766.33
2025-07-09 12:33:00,ATM-7,PUT,158.3,159.35,157.3,157.95,1100,79180,10.465985,83100,83766.33
2025-07-09 12:33:00,ATM-6,CALL,822,822,822,822,100,11440,8.487107,83200,83766.33
2025-07-09 12:33:00,ATM-6,PUT,182.25,183,181.65,181.65,2260,102540,10.418857,83200,83766.33
2025-07-09 12:33:00,ATM-5,CALL,750,750,746.75,749,420,41200,8.572397,83300,83766.33
2025-07-09 12:33:00,ATM-5,PUT,209.1,210.15,208.35,208.9,1680,270500,10.393445,83300,83766.33
2025-07-09 12:33:00,ATM-4,CALL,679.55,683.15,677,682.6,720,49920,8.729419,83400,83766.33
2025-07-09 12:33:00,ATM-4,PUT,239.4,240.5,238,238.25,2640,132640,10.345206,83400,83766.33
2025-07-09 12:33:00,ATM-3,CALL,613.75,617.05,610.05,615.45,5780,332580,8.75665,83500,83766.33
2025-07-09 12:33:00,ATM-3,PUT,272.9,274.3,271.2,271.55,6400,495120,10.318662,83500,83766.33
2025-07-09 12:33:00,ATM-2,CALL,550.05,553.25,546.45,551.75,4540,239740,8.771906,83600,83766.33
2025-07-09 12:33:00,ATM-2,PUT,309.65,311.4,308,308,6580,419420,10.289091,83600,83766.33
2025-07-09 12:33:00,ATM-1,CALL,492.9,494.95,488.85,494.75,12560,293220,8.850443,83700,83766.33
2025-07-09 12:33:00,ATM-1,PUT,351.1,353.25,349.15,349.15,13200,313280,10.290477,83700,83766.33
2025-07-09 12:33:00,ATM,CALL,437.75,440.1,434.5,439.1,15440,247800,8.862429,83800,83766.33
2025-07-09 12:33:00,ATM,PUT,396.25,398,394.05,394.55,10440,223860,10.308972,83800,83766.33
2025-07-09 12:33:00,ATM+1,CALL,386.6,388.2,382.95,387.4,6520,141240,8.870339,83900,83766.33
2025-07-09 12:33:00,ATM+1,PUT,444.85,446.9,442.2,442.65,5380,84160,10.30765,83900,83766.33
2025-07-09 12:33:00,ATM+2,CALL,338.65,340.75,335.2,340.65,13800,329460,8.897294,84000,83766.33
2025-07-09 12:33:00,ATM+2,PUT,496.3,499.05,495.15,495.4,3780,135400,10.331741,84000,83766.33
2025-07-09 12:33:00,ATM+3,CALL,296,297,293.15,296.25,4120,87800,8.883805,84100,83766.33
2025-07-09 12:33:00,ATM+3,PUT,552.5,556.3,552.5,552.5,700,18860,10.37544,84100,83766.33
2025-07-09 12:33:00,ATM+4,CALL,256.05,257.9,253.8,256.5,3660,109220,8.884822,84200,83766.33
2025-07-09 12:33:00,ATM+4,PUT,613.25,616.8,613.25,616.8,140,13960,10.509422,84200,83766.33
2025-07-09 12:33:00,ATM+5,CALL,221.15,222,218.5,222,2740,81980,8.919283,84300,83766.33
2025-07-09 12:33:00,ATM+5,PUT,679.95,679.95,677.55,679.25,80,7760,10.522072,84300,83766.33
2025-07-09 12:33:00,ATM+6,CALL,189.6,190.2,187.2,190.2,1720,99020,8.92899,84400,83766.33
2025-07-09 12:33:00,ATM+6,PUT,747.95,750.55,747.95,750.55,60,6100,10.676538,84400,83766.33
2025-07-09 12:33:00,ATM+7,CALL,161.6,162.55,159.75,162.5,10220,212480,8.954248,84500,83766.33
2025-07-09 12:33:00,ATM+7,PUT,820,822.25,816.2,822.25,440,39800,10.771188,84500,83766.33
2025-07-09 12:33:00,ATM+8,CALL,136.6,137.4,135.35,137.4,1660,78920,8.960126,84600,83766.33
2025-07-09 12:33:00,ATM+8,PUT,881.4,881.4,881.4,881.4,0,1720,10.639622,84600,83766.33
2025-07-09 12:33:00,ATM+9,CALL,115.5,116.5,114.2,116.5,2000,94100,9.000665,84700,83766.33
2025-07-09 12:33:00,ATM+9,PUT,969.05,969.05,969.05,969.05,0,2200,10.879327,84700,83766.33
2025-07-09 12:33:00,ATM+10,CALL,96.55,97.7,95.8,97.5,4020,170460,9.013633,84800,83766.33
2025-07-09 12:33:00,ATM+10,PUT,1050,1050,1050,1050,0,740,10.913517,84800,83766.33
2025-07-09 12:34:00,ATM-10,CALL,1151.2,1151.2,1151.2,1151.2,0,3040,7.808908,82800,83760.75
2025-07-09 12:34:00,ATM-10,PUT,102.45,102.9,102.35,102.75,1100,93520,10.621839,82800,83760.75
2025-07-09 12:34:00,ATM-9,CALL,1062.1,1062.1,1062.1,1062.1,40,2700,8.430411,82900,83760.75
2025-07-09 12:34:00,ATM-9,PUT,118.35,118.55,118,118.5,820,69160,10.540834,82900,83760.75
2025-07-09 12:34:00,ATM-8,CALL,978.8,978.8,978.8,978.8,20,38680,8.491028,83000,83760.75
2025-07-09 12:34:00,ATM-8,PUT,137.25,137.3,136.4,136.8,3340,233140,10.475828,83000,83760.75
2025-07-09 12:34:00,ATM-7,CALL,894.95,894.95,894.95,894.95,0,7480,8.270897,83100,83760.75
2025-07-09 12:34:00,ATM-7,PUT,157.1,158.15,156.85,158.15,620,79180,10.433017,83100,83760.75
2025-07-09 12:34:00,ATM-6,CALL,822,822,822,822,0,11440,8.487107,83200,83760.75
2025-07-09 12:34:00,ATM-6,PUT,181.7,182.45,181.05,181.55,580,102540,10.375007,83200,83760.75
2025-07-09 12:34:00,ATM-5,CALL,751.8,753.75,749.9,749.9,80,41200,8.717255,83300,83760.75
2025-07-09 12:34:00,ATM-5,PUT,208.5,209.3,207.65,209.3,460,270500,10.360804,83300,83760.75
2025-07-09 12:34:00,ATM-4,CALL,681.65,682.6,681.2,682.6,460,49920,8.834958,83400,83760.75
2025-07-09 12:34:00,ATM-4,PUT,237.75,238.9,236.5,238.9,1300,132640,10.315988,83400,83760.75
2025-07-09 12:34:00,ATM-3,CALL,615,617.6,613.7,613.7,2340,332580,8.80732,83500,83760.75
2025-07-09 12:34:00,ATM-3,PUT,271.8,272.1,269.9,272.1,2740,495120,10.283551,83500,83760.75
2025-07-09 12:34:00,ATM-2,CALL,552,553.1,550.1,551.35,2000,239740,8.848105,83600,83760.75
2025-07-09 12:34:00,ATM-2,PUT,308.3,309.75,306.7,309.2,3500,419420,10.266078,83600,83760.75
2025-07-09 12:34:00,ATM-1,CALL,494.05,495.5,492.3,493.65,7420,293220,8.902524,83700,83760.75
2025-07-09 12:34:00,ATM-1,PUT,349.75,350.45,348,350.3,10300,313280,10.262194,83700,83760.75
2025-07-09 12:34:00,ATM,CALL,438.8,440.95,438.3,439.3,10180,247800,8.93853,83800,83760.75
2025-07-09 12:34:00,ATM,PUT,395.25,395.7,392.7,395.7,4100,223860,10.276454,83800,83760.75
2025-07-09 12:34:00,ATM+1,CALL,387.4,388,386.7,387,1100,141240,8.926771,83900,83760.75
2025-07-09 12:34:00,ATM+1,PUT,443.95,443.95,441,443.8,680,84160,10.270688,83900,83760.75
2025-07-09 12:34:00,ATM+2,CALL,340.25,341.1,339.3,339.6,7420,329460,8.933545,84000,83760.75
2025-07-09 12:34:00,ATM+2,PUT,496.55,497,493.6,496.15,4960,135400,10.280781,84000,83760.75
2025-07-09 12:34:00,ATM+3,CALL,296.3,297.3,296,296,2340,87800,8.93407,84100,83760.75
2025-07-09 12:34:00,ATM+3,PUT,552.5,552.5,548.9,551.5,220,18860,10.2783,84100,83760.75
2025-07-09 12:34:00,ATM+4,CALL,257.75,258.15,256.65,256.7,1500,109220,8.941867,84200,83760.75
2025-07-09 12:34:00,ATM+4,PUT,612.8,614,611.65,613.75,420,13960,10.357098,84200,83760.75
2025-07-09 12:34:00,ATM+5,CALL,221.55,222.6,221.25,221.45,560,81980,8.954254,84300,83760.75
2025-07-09 12:34:00,ATM+5,PUT,679.25,679.25,679.25,679.25,0,7760,10.522072,84300,83760.75
2025-07-09 12:34:00,ATM+6,CALL,190.15,190.85,189.55,189.75,1700,99020,8.962824,84400,83760.75
2025-07-09 12:34:00,ATM+6,PUT,750.55,750.55,750.55,750.55,0,6100,10.676538,84400,83760.75
2025-07-09 12:34:00,ATM+7,CALL,162.25,163.05,161.45,161.5,2500,212480,8.969381,84500,83760.75
2025-07-09 12:34:00,ATM+7,PUT,815.5,815.5,815.5,815.5,60,39800,10.492395,84500,83760.75
2025-07-09 12:34:00,ATM+8,CALL,137.4,138.05,137.05,137.05,340,78920,8.990128,84600,83760.75
2025-07-09 12:34:00,ATM+8,PUT,894.05,894.05,894.05,894.05,20,1720,10.685537,84600,83760.75
2025-07-09 12:34:00,ATM+9,CALL,116.4,116.6,115.9,116.1,1800,94100,9.02608,84700,83760.75
2025-07-09 12:34:00,ATM+9,PUT,969.05,969.05,969.05,969.05,0,2200,10.879327,84700,83760.75
2025-07-09 12:34:00,ATM+10,CALL,97.4,98.7,97,97.2,2300,170460,9.039358,84800,83760.75
2025-07-09 12:34:00,ATM+10,PUT,1051,1051,1051,1051,20,780,10.875666,84800,83760.75
2025-07-09 12:35:00,ATM-10,CALL,1151.2,1151.2,1151.2,1151.2,0,3040,7.808908,82800,83758.15
2025-07-09 12:35:00,ATM-10,PUT,102.6,103.15,102.4,103.15,620,93520,10.621088,82800,83758.15
2025-07-09 12:35:00,ATM-9,CALL,1058.45,1058.45,1058.45,1058.45,20,2700,8.371794,82900,83758.15
2025-07-09 12:35:00,ATM-9,PUT,118.45,119.1,118.15,119.1,640,69160,10.545124,82900,83758.15
2025-07-09 12:35:00,ATM-8,CALL,979.95,983.5,977.7,980.7,340,38680,8.643797,83000,83758.15
2025-07-09 12:35:00,ATM-8,PUT,136.55,137.4,136.35,136.6,940,233140,10.452433,83000,83758.15
2025-07-09 12:35:00,ATM-7,CALL,898.05,898.05,898.05,898.05,40,7480,8.605869,83100,83758.15
2025-07-09 12:35:00,ATM-7,PUT,157,157.9,157,157.55,360,79180,10.397177,83100,83758.15
2025-07-09 12:35:00,ATM-6,CALL,824,824,824,824,100,11440,8.74626,83200,83758.15
2025-07-09 12:35:00,ATM-6,PUT,180.75,181.85,180.75,181.2,1120,102540,10.34625,83200,83758.15
2025-07-09 12:35:00,ATM-5,CALL,751.35,751.8,751.35,751.8,60,41200,8.826219,83300,83758.15
2025-07-09 12:35:00,ATM-5,PUT,208,209.35,207.75,208.35,1080,270500,10.315385,83300,83758.15
2025-07-09 12:35:00,ATM-4,CALL,680.85,680.85,679.4,680,280,49920,8.815129,83400,83758.15
2025-07-09 12:35:00,ATM-4,PUT,238.5,239.15,237.4,238.25,500,132640,10.278154,83400,83758.15
2025-07-09 12:35:00,ATM-3,CALL,615,615.95,613.05,615.95,1980,332580,8.908522,83500,83758.15
2025-07-09 12:35:00,ATM-3,PUT,271.85,272.25,270.9,271.3,2220,495120,10.24128,83500,83758.15
2025-07-09 12:35:00,ATM-2,CALL,552,553.6,549.75,551.9,2180,239740,8.901676,83600,83758.15
2025-07-09 12:35:00,ATM-2,PUT,308.9,309.9,307.15,308.7,3640,419420,10.230093,83600,83758.15
2025-07-09 12:35:00,ATM-1,CALL,494.2,495.6,492.05,493.3,6280,293220,8.930872,83700,83758.15
2025-07-09 12:35:00,ATM-1,PUT,350.05,350.9,348.25,348.9,3660,313280,10.203653,83700,83758.15
2025-07-09 12:35:00,ATM,CALL,439.25,440.9,437.15,438.25,7720,247800,8.947666,83800,83758.15
2025-07-09 12:35:00,ATM,PUT,394.95,396.6,393.35,395.85,6520,223860,10.252484,83800,83758.15
2025-07-09 12:35:00,ATM+1,CALL,386.5,389.1,386,387.25,1820,141240,8.963419,83900,83758.15
2025-07-09 12:35:00,ATM+1,PUT,443.65,444,441.9,443.55,1320,84160,10.235427,83900,83758.15
2025-07-09 12:35:00,ATM+2,CALL,339.3,341.65,338.95,340,4060,329460,8.971361,84000,83758.15
2025-07-09 12:35:00,ATM+2,PUT,495.3,498.8,495.3,496.15,2180,135400,10.249029,84000,83758.15
2025-07-09 12:35:00,ATM+3,CALL,296.3,298.5,296,297,2280,87800,8.984108,84100,83758.15
2025-07-09 12:35:00,ATM+3,PUT,554.55,554.55,554.55,554.55,140,18860,10.31555,84100,83758.15
2025-07-09 12:35:00,ATM+4,CALL,257.45,258.75,256.6,258.05,1560,109220,8.999157,84200,83758.15
2025-07-09 12:35:00,ATM+4,PUT,614.25,614.25,614.25,614.25,20,13960,10.331966,84200,83758.15
2025-07-09 12:35:00,ATM+5,CALL,221,223,221,222.4,2160,81980,9.001089,84300,83758.15
2025-07-09 12:35:00,ATM+5,PUT,677.5,677.5,677.5,677.5,20,7760,10.352787,84300,83758.15
2025-07-09 12:35:00,ATM+6,CALL,190.25,191.5,189.6,190,860,99020,8.990959,84400,83758.15
2025-07-09 12:35:00,ATM+6,PUT,750.55,750.55,750.55,750.55,0,6100,10.676538,84400,83758.15
2025-07-09 12:35:00,ATM+7,CALL,162.4,163.45,161.7,162.55,3020,212480,9.018818,84500,83758.15
2025-07-09 12:35:00,ATM+7,PUT,815.5,818,815.5,816.9,100,39800,10.481751,84500,83758.15
2025-07-09 12:35:00,ATM+8,CALL,137.05,138.5,136.95,137.9,1040,78920,9.03446,84600,83758.15
2025-07-09 12:35:00,ATM+8,PUT,894.05,894.05,894.05,894.05,0,1720,10.685537,84600,83758.15
2025-07-09 12:35:00,ATM+9,CALL,116.2,116.45,115.75,116.4,1580,94100,9.053764,84700,83758.15
2025-07-09 12:35:00,ATM+9,PUT,969.05,969.05,969.05,969.05,0,2200,10.879327,84700,83758.15
2025-07-09 12:35:00,ATM+10,CALL,97.25,98.3,97.25,98.05,2160,170460,9.086057,84800,83758.15
2025-07-09 12:35:00,ATM+10,PUT,1049.7,1055.95,1049.7,1055.95,40,780,10.965765,84800,83758.15
2025-07-09 12:36:00,ATM-10,CALL,1151.2,1151.2,1151.2,1151.2,0,3040,7.808908,82800,83755.25
2025-07-09 12:36:00,ATM-10,PUT,102.9,102.9,102.3,102.3,480,93580,10.572416,82800,83755.25
2025-07-09 12:36:00,ATM-9,CALL,1058.45,1058.45,1058.45,1058.45,0,2700,8.371794,82900,83755.25
2025-07-09 12:36:00,ATM-9,PUT,118.3,119.1,118.25,118.25,400,69860,10.497919,82900,83755.25
2025-07-09 12:36:00,ATM-8,CALL,978.45,978.45,978.45,978.45,20,39140,8.650867,83000,83755.25
2025-07-09 12:36:00,ATM-8,PUT,136.95,137.45,136.45,136.6,1220,235300,10.433385,83000,83755.25
2025-07-09 12:36:00,ATM-7,CALL,898.05,898.05,898.05,898.05,0,7480,8.605869,83100,83755.25
2025-07-09 12:36:00,ATM-7,PUT,157.9,158.65,157.55,157.8,320,79360,10.3846,83100,83755.25
2025-07-09 12:36:00,ATM-6,CALL,824,824,824,824,0,11440,8.74626,83200,83755.25
2025-07-09 12:36:00,ATM-6,PUT,181.35,182.2,180.4,180.4,540,101120,10.302564,83200,83755.25
2025-07-09 12:36:00,ATM-5,CALL,751.05,751.05,748.5,748.5,40,41580,8.794179,83300,83755.25
2025-07-09 12:36:00,ATM-5,PUT,208.7,209.4,207.55,207.55,1700,270340,10.271618,83300,83755.25
2025-07-09 12:36:00,ATM-4,CALL,682.1,682.1,679,682,2200,49420,8.922699,83400,83755.25
2025-07-09 12:36:00,ATM-4,PUT,237.95,239.1,237.2,237.2,580,132360,10.227564,83400,83755.25
2025-07-09 12:36:00,ATM-3,CALL,616,616,612.35,616,2480,324960,8.958879,83500,83755.25
2025-07-09 12:36:00,ATM-3,PUT,271.15,272.45,270.35,270.35,2120,493880,10.192641,83500,83755.25
2025-07-09 12:36:00,ATM-2,CALL,552.45,553,549.2,553,1040,238200,8.972933,83600,83755.25
2025-07-09 12:36:00,ATM-2,PUT,308.85,309.8,307.5,307.5,3000,420480,10.174463,83600,83755.25
2025-07-09 12:36:00,ATM-1,CALL,493,494.7,490,494.7,7320,288300,9.004566,83700,83755.25
2025-07-09 12:36:00,ATM-1,PUT,350.25,350.9,348.3,348.95,6420,317500,10.17616,83700,83755.25
2025-07-09 12:36:00,ATM,CALL,438.6,440,436.6,440,6620,249500,9.025571,83800,83755.25
2025-07-09 12:36:00,ATM,PUT,394.45,396.9,394,394,5140,227440,10.178817,83800,83755.25
2025-07-09 12:36:00,ATM+1,CALL,387.35,387.75,385,387.75,3300,139960,9.009258,83900,83755.25
2025-07-09 12:36:00,ATM+1,PUT,443.95,445.4,442.75,442.75,700,83180,10.183934,83900,83755.25
2025-07-09 12:36:00,ATM+2,CALL,339.75,341.4,338,341.4,3940,325720,9.03557,84000,83755.25
2025-07-09 12:36:00,ATM+2,PUT,497.95,498,495,495,1040,135620,10.1868,84000,83755.25
2025-07-09 12:36:00,ATM+3,CALL,296.9,297.6,294.9,297.45,1640,91020,9.024131,84100,83755.25
2025-07-09 12:36:00,ATM+3,PUT,554.55,554.55,554.55,554.55,0,18860,10.31555,84100,83755.25
2025-07-09 12:36:00,ATM+4,CALL,257.5,258,254.95,258,2800,110760,9.025338,84200,83755.25
2025-07-09 12:36:00,ATM+4,PUT,614.25,615.6,614,614,220,14200,10.284447,84200,83755.25
2025-07-09 12:36:00,ATM+5,CALL,222.1,222.9,219.5,222.6,1020,82060,9.031698,84300,83755.25
2025-07-09 12:36:00,ATM+5,PUT,677.5,677.5,677.5,677.5,200,7800,10.307691,84300,83755.25
2025-07-09 12:36:00,ATM+6,CALL,189.95,190.8,188.35,190.8,1440,102920,9.035951,84400,83755.25
2025-07-09 12:36:00,ATM+6,PUT,750.55,750.55,750.55,750.55,0,6100,10.676538,84400,83755.25
2025-07-09 12:36:00,ATM+7,CALL,162.3,163,160.7,163,3380,225160,9.053871,84500,83755.25
2025-07-09 12:36:00,ATM+7,PUT,819.95,819.95,819.5,819.5,180,39560,10.497241,84500,83755.25
2025-07-09 12:36:00,ATM+8,CALL,138,138,136.55,138,420,79320,9.058695,84600,83755.25
2025-07-09 12:36:00,ATM+8,PUT,894.05,894.05,894.05,894.05,0,1720,10.685537,84600,83755.25
2025-07-09 12:36:00,ATM+9,CALL,116.05,116.85,114.6,115.3,740,94460,9.038654,84700,83755.25
2025-07-09 12:36:00,ATM+9,PUT,974.6,974.95,974.6,974.95,40,1860,10.765214,84700,83755.25
2025-07-09 12:36:00,ATM+10,CALL,97.95,98.25,96.6,97.15,2080,170520,9.073819,84800,83755.25
2025-07-09 12:36:00,ATM+10,PUT,1055.95,1055.95,1055.95,1055.95,0,780,10.965765,84800,83755.25
2025-07-09 12:37:00,ATM-10,CALL,1151.2,1151.2,1151.2,1151.2,0,3040,7.808908,82800,83775.64
2025-07-09 12:37:00,ATM-10,PUT,102,102.5,101.65,101.9,340,93580,10.68326,82800,83775.64
2025-07-09 12:37:00,ATM-9,CALL,1058.45,1058.45,1058.45,1058.45,0,2700,8.371794,82900,83775.64
2025-07-09 12:37:00,ATM-9,PUT,117.4,117.75,117,117.75,680,69860,10.612046,82900,83775.64
2025-07-09 12:37:00,ATM-8,CALL,983.95,983.95,983.95,983.95,20,39140,8.207564,83000,83775.64
2025-07-09 12:37:00,ATM-8,PUT,136,136.5,135.3,135.4,2780,235300,10.532442,83000,83775.64
2025-07-09 12:37:00,ATM-7,CALL,904.1,904.1,904.1,904.1,20,7380,8.32804,83100,83775.64
2025-07-09 12:37:00,ATM-7,PUT,157,157,155.55,156.1,320,79360,10.477967,83100,83775.64
2025-07-09 12:37:00,ATM-6,CALL,827.3,831.25,827.3,831.25,40,11400,8.552275,83200,83775.64
2025-07-09 12:37:00,ATM-6,PUT,181.1,181.1,179.05,180.2,2280,101120,10.448759,83200,83775.64
2025-07-09 12:37:00,ATM-5,CALL,753,753,753,753,100,41580,8.490161,83300,83775.64
2025-07-09 12:37:00,ATM-5,PUT,207.75,208.35,205.65,206.8,1480,270340,10.411735,83300,83775.64
2025-07-09 12:37:00,ATM-4,CALL,681.9,688.8,681.75,686.8,1140,49420,8.668284,83400,83775.64
2025-07-09 12:37:00,ATM-4,PUT,237.7,237.75,235.05,236.25,2040,132360,10.372644,83400,83775.64
2025-07-09 12:37:00,ATM-3,CALL,615.6,621.95,615.6,619.95,4220,324960,8.715439,83500,83775.64
2025-07-09 12:37:00,ATM-3,PUT,270.4,271.15,268.1,269.1,9460,493880,10.341425,83500,83775.64
2025-07-09 12:37:00,ATM-2,CALL,552.05,558.8,552.05,557,3980,238200,8.759705,83600,83775.64
2025-07-09 12:37:00,ATM-2,PUT,307.85,308.05,304.25,306,6080,420480,10.329562,83600,83775.64
2025-07-09 12:37:00,ATM-1,CALL,495,499.15,493.8,498.35,9820,288300,8.808542,83700,83775.64
2025-07-09 12:37:00,ATM-1,PUT,348.5,349.3,345.1,346.5,8900,317500,10.322376,83700,83775.64
2025-07-09 12:37:00,ATM,CALL,438.9,444.5,438.85,443,19100,249500,8.837159,83800,83775.64
2025-07-09 12:37:00,ATM,PUT,394.25,394.7,390.2,392.3,7360,227440,10.357371,83800,83775.64
2025-07-09 12:37:00,ATM+1,CALL,388.1,392.25,388.1,391.6,6320,139960,8.86105,83900,83775.64
2025-07-09 12:37:00,ATM+1,PUT,442.05,442.1,438.9,440.5,1120,83180,10.365688,83900,83775.64
2025-07-09 12:37:00,ATM+2,CALL,341.5,345,341.15,342.55,6140,325720,8.843489,84000,83775.64
2025-07-09 12:37:00,ATM+2,PUT,495,496,491,493.3,1060,135620,10.398657,84000,83775.64
2025-07-09 12:37:00,ATM+3,CALL,298,300.65,297.4,299.95,2600,91020,8.880421,84100,83775.64
2025-07-09 12:37:00,ATM+3,PUT,554.55,554.55,554.55,554.55,0,18860,10.31555,84100,83775.64
2025-07-09 12:37:00,ATM+4,CALL,257.95,260.95,257.15,259.95,2000,110760,8.884191,84200,83775.64
2025-07-09 12:37:00,ATM+4,PUT,611,611,608,608,660,14200,10.433723,84200,83775.64
2025-07-09 12:37:00,ATM+5,CALL,222.4,225,222.4,224.7,1620,82060,8.908675,84300,83775.64
2025-07-09 12:37:00,ATM+5,PUT,674,674,673.15,673.15,60,7800,10.517761,84300,83775.64
2025-07-09 12:37:00,ATM+6,CALL,190.75,192.75,190.75,191.8,2440,102920,8.898,84400,83775.64
2025-07-09 12:37:00,ATM+6,PUT,745,745,739.6,739.6,80,6180,10.557082,84400,83775.64
2025-07-09 12:37:00,ATM+7,CALL,162.95,164.7,162.95,163.6,14840,225160,8.916436,84500,83775.64
2025-07-09 12:37:00,ATM+7,PUT,811.8,811.8,811.8,811.8,20,39560,10.66728,84500,83775.64
2025-07-09 12:37:00,ATM+8,CALL,138.3,139.9,138.3,138.95,1120,79320,8.941798,84600,83775.64
2025-07-09 12:37:00,ATM+8,PUT,894.05,894.05,894.05,894.05,0,1720,10.685537,84600,83775.64
2025-07-09 12:37:00,ATM+9,CALL,116.6,117.85,116.6,117.1,460,94460,8.959377,84700,83775.64
2025-07-09 12:37:00,ATM+9,PUT,974.95,974.95,974.95,974.95,0,1860,10.765214,84700,83775.64
2025-07-09 12:37:00,ATM+10,CALL,97.4,99.05,97.4,98.5,2880,170520,8.991202,84800,83775.64
2025-07-09 12:37:00,ATM+10,PUT,1055.95,1055.95,1055.95,1055.95,0,780,10.965765,84800,83775.64
2025-07-09 12:38:00,ATM-10,CALL,1151.2,1151.2,1151.2,1151.2,0,3040,7.808908,82800,83762.53
2025-07-09 12:38:00,ATM-10,PUT,102.35,102.8,102.15,102.5,180,93580,10.625567,82800,83762.53
2025-07-09 12:38:00,ATM-9,CALL,1058.45,1058.45,1058.45,1058.45,0,2700,8.371794,82900,83762.53
2025-07-09 12:38:00,ATM-9,PUT,117.9,118.75,117.75,118.35,280,69860,10.549111,82900,83762.53
2025-07-09 12:38:00,ATM-8,CALL,983.95,983.95,983.95,983.95,0,39140,8.207564,83000,83762.53
2025-07-09 12:38:00,ATM-8,PUT,136,137.3,136,136.9,1860,235300,10.492945,83000,83762.53
2025-07-09 12:38:00,ATM-7,CALL,901.3,901.3,901.3,901.3,20,7380,8.599048,83100,83762.53
2025-07-09 12:38:00,ATM-7,PUT,156.5,157.95,156.5,157.5,240,79360,10.428074,83100,83762.53
2025-07-09 12:38:00,ATM-6,CALL,823.8,823.8,823.8,823.8,120,11400,8.638912,83200,83762.53
2025-07-09 12:38:00,ATM-6,PUT,180.25,181.5,180.25,181.5,120,101120,10.38872,83200,83762.53
2025-07-09 12:38:00,ATM-5,CALL,756.35,756.35,749.75,749.75,80,41580,8.678776,83300,83762.53
2025-07-09 12:38:00,ATM-5,PUT,207.6,209.45,207.1,209.25,880,270340,10.375304,83300,83762.53
2025-07-09 12:38:00,ATM-4,CALL,685,685.9,682,684.05,180,49420,8.843471,83400,83762.53
2025-07-09 12:38:00,ATM-4,PUT,236.25,238.45,236.25,237.5,220,132360,10.296678,83400,83762.53
2025-07-09 12:38:00,ATM-3,CALL,619.8,619.8,614.2,616.9,3780,324960,8.861407,83500,83762.53
2025-07-09 12:38:00,ATM-3,PUT,269.15,271.8,269.15,270.9,3180,493880,10.271337,83500,83762.53
2025-07-09 12:38:00,ATM-2,CALL,556,556,550.9,553.25,1960,238200,8.870204,83600,83762.53
2025-07-09 12:38:00,ATM-2,PUT,306,308.55,306,308,4540,420480,10.255671,83600,83762.53
2025-07-09 12:38:00,ATM-1,CALL,498.35,498.35,493.05,495.4,7480,288300,8.922177,83700,83762.53
2025-07-09 12:38:00,ATM-1,PUT,347.8,350,347.15,349.8,3500,317500,10.269928,83700,83762.53
2025-07-09 12:38:00,ATM,CALL,443.3,443.3,437.9,440.7,9860,249500,8.951388,83800,83762.53
2025-07-09 12:38:00,ATM,PUT,393,396.35,392.3,395.25,6720,227440,10.286698,83800,83762.53
2025-07-09 12:38:00,ATM+1,CALL,389.8,390.9,386.3,387.8,3960,139960,8.927318,83900,83762.53
2025-07-09 12:38:00,ATM+1,PUT,441,443.75,441,443.5,860,83180,10.285774,83900,83762.53
2025-07-09 12:38:00,ATM+2,CALL,343.35,343.4,338.65,340.95,3840,325720,8.948491,84000,83762.53
2025-07-09 12:38:00,ATM+2,PUT,493.55,496,492.8,496,1300,135620,10.300806,84000,83762.53
2025-07-09 12:38:00,ATM+3,CALL,299,299.45,296.25,297.35,2560,91020,8.950851,84100,83762.53
2025-07-09 12:38:00,ATM+3,PUT,549.8,549.8,549.8,549.8,20,19340,10.263603,84100,83762.53
2025-07-09 12:38:00,ATM+4,CALL,259.65,259.65,256.2,257.7,860,110760,8.952214,84200,83762.53
2025-07-09 12:38:00,ATM+4,PUT,614.05,614.05,613.8,613.8,60,14200,10.38529,84200,83762.53
2025-07-09 12:38:00,ATM+5,CALL,223.75,223.95,220.8,222,1800,82060,8.955278,84300,83762.53
2025-07-09 12:38:00,ATM+5,PUT,673.15,673.15,673.15,673.15,0,7800,10.517761,84300,83762.53
2025-07-09 12:38:00,ATM+6,CALL,191.15,191.4,189.45,189.65,860,102920,8.948399,84400,83762.53
2025-07-09 12:38:00,ATM+6,PUT,743.55,743.55,743.55,743.55,20,6180,10.437476,84400,83762.53
2025-07-09 12:38:00,ATM+7,CALL,163.3,163.35,161.1,161.95,1960,225160,8.970924,84500,83762.53
2025-07-09 12:38:00,ATM+7,PUT,814.5,817.8,814.5,817.8,40,39560,10.586905,84500,83762.53
2025-07-09 12:38:00,ATM+8,CALL,137.55,137.6,136.6,137.45,1260,79320,8.9918,84600,83762.53
2025-07-09 12:38:00,ATM+8,PUT,889.55,889.55,889.55,889.55,20,1720,10.598117,84600,83762.53
2025-07-09 12:38:00,ATM+9,CALL,116.5,116.5,115.2,116.15,620,94460,9.018177,84700,83762.53
2025-07-09 12:38:00,ATM+9,PUT,974.95,974.95,974.95,974.95,0,1860,10.765214,84700,83762.53
2025-07-09 12:38:00,ATM+10,CALL,98,98,96.7,97.2,2780,170520,9.030483,84800,83762.53
2025-07-09 12:38:00,ATM+10,PUT,1055.95,1055.95,1055.95,1055.95,0,780,10.965765,84800,83762.53
2025-07-09 12:39:00,ATM-10,CALL,1151.2,1151.2,1151.2,1151.2,0,3040,7.808908,82800,83771.87
2025-07-09 12:39:00,ATM-10,PUT,102.1,102.1,101.05,101.45,260,93920,10.644456,82800,83771.87
2025-07-09 12:39:00,ATM-9,CALL,1058.45,1058.45,1058.45,1058.45,0,2700,8.371794,82900,83771.87
2025-07-09 12:39:00,ATM-9,PUT,118.35,118.55,116.65,117.05,540,69760,10.5648,82900,83771.87
2025-07-09 12:39:00,ATM-8,CALL,990,990,989,989,380,39160,8.528685,83000,83771.87
2025-07-09 12:39:00,ATM-8,PUT,137.2,137.2,134.75,135.05,2820,235580,10.496926,83000,83771.87
2025-07-09 12:39:00,ATM-7,CALL,905,910,905,910,100,7340,8.638805,83100,83771.87
2025-07-09 12:39:00,ATM-7,PUT,157.05,157.15,155.1,155.1,1920,79300,10.422317,83100,83771.87
2025-07-09 12:39:00,ATM-6,CALL,834.05,834.05,834.05,834.05,20,11420,8.732307,83200,83771.87
2025-07-09 12:39:00,ATM-6,PUT,181.5,181.5,178.75,178.8,3040,99840,10.382077,83200,83771.87
2025-07-09 12:39:00,ATM-5,CALL,756,761.7,755.35,761.7,400,41560,8.822844,83300,83771.87
2025-07-09 12:39:00,ATM-5,PUT,208,208,205.5,206,2040,271320,10.361671,83300,83771.87
2025-07-09 12:39:00,ATM-4,CALL,685.25,692.95,684.8,691.4,460,49260,8.864993,83400,83771.87
2025-07-09 12:39:00,ATM-4,PUT,237.45,237.6,234.15,234.25,960,132400,10.290897,83400,83771.87
2025-07-09 12:39:00,ATM-3,CALL,619.7,626.55,618.1,624.6,3380,324500,8.89963,83500,83771.87
2025-07-09 12:39:00,ATM-3,PUT,271.85,271.85,266.65,267.85,6420,499080,10.278279,83500,83771.87
2025-07-09 12:39:00,ATM-2,CALL,553.85,562.5,552.6,561.65,5460,237880,8.932864,83600,83771.87
2025-07-09 12:39:00,ATM-2,PUT,308.45,308.45,303.25,304.6,4260,421500,10.261598,83600,83771.87
2025-07-09 12:39:00,ATM-1,CALL,494.55,503.4,494.55,502.8,8560,287140,8.968302,83700,83771.87
2025-07-09 12:39:00,ATM-1,PUT,350.1,350.2,344.2,345.5,10780,315460,10.262221,83700,83771.87
2025-07-09 12:39:00,ATM,CALL,440.6,448,439.85,446.4,17860,247440,8.965979,83800,83771.87
2025-07-09 12:39:00,ATM,PUT,394.85,395.6,389,390.3,7200,230400,10.271686,83800,83771.87
2025-07-09 12:39:00,ATM+1,CALL,388.1,395,388.1,393.8,6960,141480,8.957566,83900,83771.87
2025-07-09 12:39:00,ATM+1,PUT,443,443.25,436.5,437.6,2300,83280,10.256573,83900,83771.87
2025-07-09 12:39:00,ATM+2,CALL,340.7,348,340.7,345.7,8280,327400,8.958709,84000,83771.87
2025-07-09 12:39:00,ATM+2,PUT,494.55,494.55,488.4,489.9,2120,135960,10.27459,84000,83771.87
2025-07-09 12:39:00,ATM+3,CALL,297.75,304.1,297.75,303.25,4500,89980,8.997132,84100,83771.87
2025-07-09 12:39:00,ATM+3,PUT,547.7,547.7,544.35,546.2,200,19340,10.3034,84100,83771.87
2025-07-09 12:39:00,ATM+4,CALL,258.65,264.6,258.2,262.9,5840,109860,8.99167,84200,83771.87
2025-07-09 12:39:00,ATM+4,PUT,612.5,612.5,607,607,240,13940,10.357016,84200,83771.87
2025-07-09 12:39:00,ATM+5,CALL,223,228.2,223,226.7,3700,81060,8.992573,84300,83771.87
2025-07-09 12:39:00,ATM+5,PUT,677,677,667.9,670.6,160,7680,10.398195,84300,83771.87
2025-07-09 12:39:00,ATM+6,CALL,190.4,195.3,190.4,195,6260,102780,9.013348,84400,83771.87
2025-07-09 12:39:00,ATM+6,PUT,740,740,740,740,220,6180,10.504975,84400,83771.87
2025-07-09 12:39:00,ATM+7,CALL,162.05,166.9,162.05,166.3,5880,213120,9.020813,84500,83771.87
2025-07-09 12:39:00,ATM+7,PUT,810,810,810,810,20,39560,10.552559,84500,83771.87
2025-07-09 12:39:00,ATM+8,CALL,138.25,142,138.1,140.5,3180,79080,9.015645,84600,83771.87
2025-07-09 12:39:00,ATM+8,PUT,889.55,889.55,889.55,889.55,0,1720,10.598117,84600,83771.87
2025-07-09 12:39:00,ATM+9,CALL,116,119.5,116,118.4,3140,94380,9.027297,84700,83771.87
2025-07-09 12:39:00,ATM+9,PUT,974.95,974.95,974.95,974.95,0,1860,10.765214,84700,83771.87
2025-07-09 12:39:00,ATM+10,CALL,97.6,99.95,97.5,99.6,8820,170020,9.054432,84800,83771.87
2025-07-09 12:39:00,ATM+10,PUT,1055.95,1055.95,1055.95,1055.95,0,780,10.965765,84800,83771.87
2025-07-09 12:40:00,ATM-10,CALL,1151.2,1151.2,1151.2,1151.2,0,3040,7.808908,82800,83774.7
2025-07-09 12:40:00,ATM-10,PUT,101.45,102.05,101,101.8,1100,93920,10.675309,82800,83774.7
2025-07-09 12:40:00,ATM-9,CALL,1075.7,1075.7,1075.7,1075.7,40,2720,8.501586,82900,83774.7
2025-07-09 12:40:00,ATM-9,PUT,117.15,117.55,116.6,116.8,360,69760,10.57477,82900,83774.7
2025-07-09 12:40:00,ATM-8,CALL,992,994.25,990.55,993,240,39160,8.591132,83000,83774.7
2025-07-09 12:40:00,ATM-8,PUT,135.15,136,134.6,135.65,4980,235580,10.535644,83000,83774.7
2025-07-09 12:40:00,ATM-7,CALL,910,910,910,910,0,7340,8.638805,83100,83774.7
2025-07-09 12:40:00,ATM-7,PUT,156.05,156.6,155.05,155.45,1600,79300,10.453229,83100,83774.7
2025-07-09 12:40:00,ATM-6,CALL,834.05,835.25,834.05,835.25,100,11420,8.702291,83200,83774.7
2025-07-09 12:40:00,ATM-6,PUT,179.7,180.4,178,179.65,2220,99840,10.427617,83200,83774.7
2025-07-09 12:40:00,ATM-5,CALL,763.15,767.4,761,764.2,720,41560,8.835125,83300,83774.7
2025-07-09 12:40:00,ATM-5,PUT,206.45,207.05,205,206.15,2080,271320,10.38828,83300,83774.7
2025-07-09 12:40:00,ATM-4,CALL,693.55,695.95,689.15,695.95,1680,49260,8.934065,83400,83774.7
2025-07-09 12:40:00,ATM-4,PUT,235.5,236,233.9,235,1740,132400,10.33404,83400,83774.7
2025-07-09 12:40:00,ATM-3,CALL,625.3,629,622.5,627.65,3900,324500,8.929857,83500,83774.7
2025-07-09 12:40:00,ATM-3,PUT,268,269.4,266,267.75,6900,499080,10.301021,83500,83774.7
2025-07-09 12:40:00,ATM-2,CALL,560.9,566.35,559.95,563.55,9440,237880,8.936527,83600,83774.7
2025-07-09 12:40:00,ATM-2,PUT,304.5,305.95,302.75,304.65,5540,421500,10.289591,83600,83774.7
2025-07-09 12:40:00,ATM-1,CALL,500.85,505.4,500.25,503.35,15900,287140,8.942529,83700,83774.7
2025-07-09 12:40:00,ATM-1,PUT,345.85,347,343.8,346.2,6660,315460,10.307253,83700,83774.7
2025-07-09 12:40:00,ATM,CALL,446.75,449.95,445.2,448,20980,247440,8.967779,83800,83774.7
2025-07-09 12:40:00,ATM,PUT,390.45,392.6,388.8,390.15,7340,230400,10.298661,83800,83774.7
2025-07-09 12:40:00,ATM+1,CALL,393.45,397.8,393,396.75,6580,141480,8.99322,83900,83774.7
2025-07-09 12:40:00,ATM+1,PUT,436,440.05,435.95,438.25,2960,83280,10.304208,83900,83774.7
2025-07-09 12:40:00,ATM+2,CALL,345.9,349.75,345.15,348.5,12640,327400,8.993664,84000,83774.7
2025-07-09 12:40:00,ATM+2,PUT,491.35,492.4,488,488,3240,135960,10.265583,84000,83774.7
2025-07-09 12:40:00,ATM+3,CALL,304,305.8,302.2,304.3,7480,89980,8.994089,84100,83774.7
2025-07-09 12:40:00,ATM+3,PUT,545.1,546.65,545,545,200,19340,10.312999,84100,83774.7
2025-07-09 12:40:00,ATM+4,CALL,263,265.75,262.4,265.05,5400,109860,9.0177,84200,83774.7
2025-07-09 12:40:00,ATM+4,PUT,605,606.35,605,606.35,80,13940,10.382175,84200,83774.7
2025-07-09 12:40:00,ATM+5,CALL,227,229.6,226.25,228.95,2540,81060,9.024668,84300,83774.7
2025-07-09 12:40:00,ATM+5,PUT,673.2,673.2,673.2,673.2,100,7680,10.505607,84300,83774.7
2025-07-09 12:40:00,ATM+6,CALL,194.55,196.65,193.8,195.75,3640,102780,9.010501,84400,83774.7
2025-07-09 12:40:00,ATM+6,PUT,740.2,740.2,740.2,740.2,20,6180,10.557545,84400,83774.7
2025-07-09 12:40:00,ATM+7,CALL,166.2,168.25,165.35,168.2,7640,213120,9.05206,84500,83774.7
2025-07-09 12:40:00,ATM+7,PUT,808.75,809,805.75,805.75,360,39560,10.492792,84500,83774.7
2025-07-09 12:40:00,ATM+8,CALL,141.75,142.8,140.2,141.75,1200,79080,9.03263,84600,83774.7
2025-07-09 12:40:00,ATM+8,PUT,886,886,886,886,20,1720,10.742196,84600,83774.7
2025-07-09 12:40:00,ATM+9,CALL,118.6,120.45,118.3,120,6520,94380,9.059276,84700,83774.7
2025-07-09 12:40:00,ATM+9,PUT,974.95,974.95,974.95,974.95,0,1860,10.765214,84700,83774.7
2025-07-09 12:40:00,ATM+10,CALL,99.85,101.2,98.85,100.55,5180,170020,9.069505,84800,83774.7
2025-07-09 12:40:00,ATM+10,PUT,1055.95,1055.95,1055.95,1055.95,0,780,10.965765,84800,83774.7
2025-07-09 12:41:00,ATM-10,CALL,1151.2,1151.2,1151.2,1151.2,0,3040,7.808908,82800,83774.55
2025-07-09 12:41:00,ATM-10,PUT,101.75,102.85,101.75,102.85,240,93920,10.713862,82800,83774.55
2025-07-09 12:41:00,ATM-9,CALL,1075.7,1075.7,1075.7,1075.7,0,2720,8.501586,82900,83774.55
2025-07-09 12:41:00,ATM-9,PUT,117.5,118.5,117.5,118.4,120,69760,10.629433,82900,83774.55
2025-07-09 12:41:00,ATM-8,CALL,990.1,993.9,987,987,240,39160,8.367304,83000,83774.55
2025-07-09 12:41:00,ATM-8,PUT,135.8,137,135.75,137,6080,235580,10.578414,83000,83774.55
2025-07-09 12:41:00,ATM-7,CALL,910,910,910,910,0,7340,8.638805,83100,83774.55
2025-07-09 12:41:00,ATM-7,PUT,156.7,157.55,156.4,157.5,320,79300,10.51432,83100,83774.55
2025-07-09 12:41:00,ATM-6,CALL,835.25,835.25,835.25,835.25,0,11420,8.702291,83200,83774.55
2025-07-09 12:41:00,ATM-6,PUT,180.25,181.55,180.25,181.55,1220,99840,10.480843,83200,83774.55
2025-07-09 12:41:00,ATM-5,CALL,763.65,763.65,760.65,760.65,40,41560,8.737634,83300,83774.55
2025-07-09 12:41:00,ATM-5,PUT,206.7,208.05,206.55,208,2580,271320,10.437382,83300,83774.55
2025-07-09 12:41:00,ATM-4,CALL,694.05,694.05,688.05,688.05,760,49260,8.725958,83400,83774.55
2025-07-09 12:41:00,ATM-4,PUT,236,237.85,236,237.55,740,132400,10.398936,83400,83774.55
2025-07-09 12:41:00,ATM-3,CALL,626.3,628.85,621.95,622.55,2340,324500,8.803457,83500,83774.55
2025-07-09 12:41:00,ATM-3,PUT,268,270.6,268,270.6,2780,499080,10.370881,83500,83774.55
2025-07-09 12:41:00,ATM-2,CALL,562.5,565,558,559.2,7360,237880,8.833322,83600,83774.55
2025-07-09 12:41:00,ATM-2,PUT,305.4,307.25,303.9,306.5,4040,421500,10.333203,83600,83774.55
2025-07-09 12:41:00,ATM-1,CALL,504.25,505.85,500.1,500.35,11080,287140,8.87419,83700,83774.55
2025-07-09 12:41:00,ATM-1,PUT,345.2,348,345,347.6,6860,315460,10.339191,83700,83774.55
2025-07-09 12:41:00,ATM,CALL,447.3,449.85,443.65,443.65,13000,247440,8.869087,83800,83774.55
2025-07-09 12:41:00,ATM,PUT,390.55,393.8,390,393.8,5980,230400,10.382348,83800,83774.55
2025-07-09 12:41:00,ATM+1,CALL,396.9,397,391.9,392.9,4140,141480,8.906678,83900,83774.55
2025-07-09 12:41:00,ATM+1,PUT,439.15,442.15,437.3,441.4,960,83280,10.375722,83900,83774.55
2025-07-09 12:41:00,ATM+2,CALL,348.85,349,344,345,10240,327400,8.914811,84000,83774.55
2025-07-09 12:41:00,ATM+2,PUT,491.75,493.8,490.3,493.8,1480,135960,10.398505,84000,83774.55
2025-07-09 12:41:00,ATM+3,CALL,304.85,304.85,300.5,301.5,2240,89980,8.930447,84100,83774.55
2025-07-09 12:41:00,ATM+3,PUT,546.75,549,546.45,549,140,19340,10.404998,84100,83774.55
2025-07-09 12:41:00,ATM+4,CALL,264.75,265.35,261.15,261.15,2400,109860,8.925859,84200,83774.55
2025-07-09 12:41:00,ATM+4,PUT,606,608.45,606,608.4,740,13940,10.429225,84200,83774.55
2025-07-09 12:41:00,ATM+5,CALL,228.45,228.45,225.35,225.35,1580,81060,8.936924,84300,83774.55
2025-07-09 12:41:00,ATM+5,PUT,673.2,673.2,673.2,673.2,0,7680,10.505607,84300,83774.55
2025-07-09 12:41:00,ATM+6,CALL,195.9,195.9,193.15,193.2,1960,102780,8.945913,84400,83774.55
2025-07-09 12:41:00,ATM+6,PUT,740.2,740.2,740.2,740.2,0,6180,10.557545,84400,83774.55
2025-07-09 12:41:00,ATM+7,CALL,167.95,168.3,164.85,164.85,4840,213120,8.961705,84500,83774.55
2025-07-09 12:41:00,ATM+7,PUT,805.35,814.8,805.35,814.8,300,39560,10.727254,84500,83774.55
2025-07-09 12:41:00,ATM+8,CALL,142.45,142.5,139.95,140.4,960,79080,8.994727,84600,83774.55
2025-07-09 12:41:00,ATM+8,PUT,886,886,886,886,0,1720,10.742196,84600,83774.55
2025-07-09 12:41:00,ATM+9,CALL,119.9,120.25,118,118.55,2000,94380,9.015136,84700,83774.55
2025-07-09 12:41:00,ATM+9,PUT,974.95,974.95,974.95,974.95,0,1860,10.765214,84700,83774.55
2025-07-09 12:41:00,ATM+10,CALL,100.45,100.7,99,99,1280,170020,9.017849,84800,83774.55
2025-07-09 12:41:00,ATM+10,PUT,1055.95,1055.95,1055.95,1055.95,0,780,10.965765,84800,83774.55
2025-07-09 12:42:00,ATM-10,CALL,1143.9,1143.9,1143.9,1143.9,20,2900,7.862389,82800,83767.16
2025-07-09 12:42:00,ATM-10,PUT,102.75,104.65,102.75,103.85,4780,94100,10.705891,82800,83767.16
2025-07-09 12:42:00,ATM-9,CALL,1075.7,1075.7,1075.7,1075.7,0,2720,8.501586,82900,83767.16
2025-07-09 12:42:00,ATM-9,PUT,119.45,120.5,119.45,119.7,2520,69560,10.627069,82900,83767.16
2025-07-09 12:42:00,ATM-8,CALL,980,980,978.5,978.5,120,39120,8.280939,83000,83767.16
2025-07-09 12:42:00,ATM-8,PUT,137.15,138.9,137.15,138.4,3420,238060,10.57392,83000,83767.16
2025-07-09 12:42:00,ATM-7,CALL,910,910,910,910,0,7340,8.638805,83100,83767.16
2025-07-09 12:42:00,ATM-7,PUT,158.45,159.9,158.45,159,1380,77600,10.5076,83100,83767.16
2025-07-09 12:42:00,ATM-6,CALL,835.25,835.25,835.25,835.25,0,11420,8.702291,83200,83767.16
2025-07-09 12:42:00,ATM-6,PUT,181.55,183.55,181.3,183,1640,99840,10.467401,83200,83767.16
2025-07-09 12:42:00,ATM-5,CALL,750,750.8,747.4,750.8,360,41560,8.613735,83300,83767.16
2025-07-09 12:42:00,ATM-5,PUT,209.25,210.55,209.2,209.9,1100,272560,10.430959,83300,83767.16
2025-07-09 12:42:00,ATM-4,CALL,688.05,688.05,679.9,680.9,1700,49180,8.675284,83400,83767.16
2025-07-09 12:42:00,ATM-4,PUT,237.45,240.4,237.45,239.7,1120,132400,10.39341,83400,83767.16
2025-07-09 12:42:00,ATM-3,CALL,621.35,621.85,612.2,615,2860,324500,8.738,83500,83767.16
2025-07-09 12:42:00,ATM-3,PUT,269.8,273.8,269.8,273.1,11320,501380,10.368334,83500,83767.16
2025-07-09 12:42:00,ATM-2,CALL,558.1,558.1,550,552.25,9700,237040,8.77803,83600,83767.16
2025-07-09 12:42:00,ATM-2,PUT,307.8,311,306.9,310.05,10840,421500,10.35006,83600,83767.16
2025-07-09 12:42:00,ATM-1,CALL,499.25,500.05,490.2,494.15,14300,287580,8.831168,83700,83767.16
2025-07-09 12:42:00,ATM-1,PUT,348,352.35,348,351.5,9440,319540,10.357903,83700,83767.16
2025-07-09 12:42:00,ATM,CALL,444.85,444.85,435.35,437.9,20860,242100,8.83027,83800,83767.16
2025-07-09 12:42:00,ATM,PUT,394,397.8,393.5,396.7,16520,237360,10.371508,83800,83767.16
2025-07-09 12:42:00,ATM+1,CALL,392.75,392.75,384.05,386.7,6960,137640,8.850652,83900,83767.16
2025-07-09 12:42:00,ATM+1,PUT,441.4,446.65,441.4,445.1,4080,83340,10.377388,83900,83767.16
2025-07-09 12:42:00,ATM+2,CALL,344.05,344.05,336.85,338.9,14000,325780,8.853813,84000,83767.16
2025-07-09 12:42:00,ATM+2,PUT,494.8,499.65,494.15,498.1,2600,136000,10.408026,84000,83767.16
2025-07-09 12:42:00,ATM+3,CALL,300.3,300.85,294.1,296.05,4740,88480,8.876776,84100,83767.16
2025-07-09 12:42:00,ATM+3,PUT,552.6,556.75,552.6,554.95,360,19280,10.447198,84100,83767.16
2025-07-09 12:42:00,ATM+4,CALL,261.75,261.75,255.35,257.55,5580,107440,8.908353,84200,83767.16
2025-07-09 12:42:00,ATM+4,PUT,614.9,615.7,614.9,615.7,120,13940,10.498332,84200,83767.16
2025-07-09 12:42:00,ATM+5,CALL,225,225,220.1,221.7,3200,79860,8.910392,84300,83767.16
2025-07-09 12:42:00,ATM+5,PUT,676.8,676.8,676.8,676.8,20,7800,10.478094,84300,83767.16
2025-07-09 12:42:00,ATM+6,CALL,191.45,192,188.2,189.8,7420,102660,8.917515,84400,83767.16
2025-07-09 12:42:00,ATM+6,PUT,740.2,740.2,740.2,740.2,0,6180,10.557545,84400,83767.16
2025-07-09 12:42:00,ATM+7,CALL,164.9,164.9,160.85,161.85,5060,214440,8.9356,84500,83767.16
2025-07-09 12:42:00,ATM+7,PUT,819,819,818.9,818.95,120,39580,10.702669,84500,83767.16
2025-07-09 12:42:00,ATM+8,CALL,139.65,140.05,136.55,137.15,2200,77980,8.952399,84600,83767.16
2025-07-09 12:42:00,ATM+8,PUT,886,886,886,886,0,1720,10.742196,84600,83767.16
2025-07-09 12:42:00,ATM+9,CALL,118,118,115,115.8,2200,93520,8.978312,84700,83767.16
2025-07-09 12:42:00,ATM+9,PUT,974.95,974.95,974.95,974.95,0,1860,10.765214,84700,83767.16
2025-07-09 12:42:00,ATM+10,CALL,99,99,96.65,97.1,4240,169840,8.999972,84800,83767.16
2025-07-09 12:42:00,ATM+10,PUT,1055.95,1055.95,1055.95,1055.95,0,780,10.965765,84800,83767.16
2025-07-09 12:43:00,ATM-10,CALL,1143.9,1143.9,1143.9,1143.9,0,2900,7.862389,82800,83751.99
2025-07-09 12:43:00,ATM-10,PUT,103.7,106.75,103.6,106.05,1700,94100,10.693307,82800,83751.99
2025-07-09 12:43:00,ATM-9,CALL,1052,1052,1052,1052,20,2720,8.332629,82900,83751.99
2025-07-09 12:43:00,ATM-9,PUT,120,123.2,119.7,121.9,620,69560,10.604564,82900,83751.99
2025-07-09 12:43:00,ATM-8,CALL,978.9,978.9,970,970,100,39120,8.44494,83000,83751.99
2025-07-09 12:43:00,ATM-8,PUT,138.2,141.9,137.9,140.35,6580,238060,10.533774,83000,83751.99
2025-07-09 12:43:00,ATM-7,CALL,910,910,910,910,0,7340,8.638805,83100,83751.99
2025-07-09 12:43:00,ATM-7,PUT,159.45,163.4,158.8,161.8,1220,77600,10.483836,83100,83751.99
2025-07-09 12:43:00,ATM-6,CALL,824.55,824.55,820,820,320,11320,8.775812,83200,83751.99
2025-07-09 12:43:00,ATM-6,PUT,183,187.6,182.5,186.8,4040,99840,10.461313,83200,83751.99
2025-07-09 12:43:00,ATM-5,CALL,750.85,750.85,738.3,740.15,900,41560,8.631725,83300,83751.99
2025-07-09 12:43:00,ATM-5,PUT,210.1,215.3,209.95,213.95,5160,272560,10.420026,83300,83751.99
2025-07-09 12:43:00,ATM-4,CALL,680.9,682.3,668.55,672.15,1540,49180,8.727644,83400,83751.99
2025-07-09 12:43:00,ATM-4,PUT,239.9,245.75,239.45,243.35,5920,132400,10.360804,83400,83751.99
2025-07-09 12:43:00,ATM-3,CALL,614.2,615,603,606.25,9920,324500,8.772826,83500,83751.99
2025-07-09 12:43:00,ATM-3,PUT,272.5,279.6,272.3,277.35,13560,501380,10.339545,83500,83751.99
2025-07-09 12:43:00,ATM-2,CALL,551.55,552.65,540,541.9,18400,237040,8.757995,83600,83751.99
2025-07-09 12:43:00,ATM-2,PUT,309.2,317.4,309,315,33020,421500,10.32661,83600,83751.99
2025-07-09 12:43:00,ATM-1,CALL,493.1,494.15,482.1,486.3,19640,287580,8.856059,83700,83751.99
2025-07-09 12:43:00,ATM-1,PUT,351.6,359.1,350.6,356.25,15560,319540,10.317846,83700,83751.99
2025-07-09 12:43:00,ATM,CALL,438,439,427.75,431.1,31800,242100,8.86467,83800,83751.99
2025-07-09 12:43:00,ATM,PUT,397,404.75,395.7,401.5,19020,237360,10.320684,83800,83751.99
2025-07-09 12:43:00,ATM+1,CALL,387.3,387.3,377.3,379.8,11160,137640,8.867984,83900,83751.99
2025-07-09 12:43:00,ATM+1,PUT,445.3,454,444.1,451.2,4660,83340,10.344403,83900,83751.99
2025-07-09 12:43:00,ATM+2,CALL,339.95,339.95,330.2,333.3,18880,325780,8.886849,84000,83751.99
2025-07-09 12:43:00,ATM+2,PUT,498,508.4,497.9,506.35,4440,136000,10.4124,84000,83751.99
2025-07-09 12:43:00,ATM+3,CALL,296.55,296.7,288.7,290.35,6580,88480,8.893373,84100,83751.99
2025-07-09 12:43:00,ATM+3,PUT,557.55,564.7,557.55,564.7,980,19280,10.474476,84100,83751.99
2025-07-09 12:43:00,ATM+4,CALL,257.65,257.65,249.75,250.7,10960,107440,8.882908,84200,83751.99
2025-07-09 12:43:00,ATM+4,PUT,616,625,616,622.6,1120,13940,10.445646,84200,83751.99
2025-07-09 12:43:00,ATM+5,CALL,220.8,220.8,214.5,215.55,4580,79860,8.886864,84300,83751.99
2025-07-09 12:43:00,ATM+5,PUT,683,687.1,683,686.75,60,7800,10.486415,84300,83751.99
2025-07-09 12:43:00,ATM+6,CALL,188.4,189.25,183.9,185.95,3300,102660,8.938837,84400,83751.99
2025-07-09 12:43:00,ATM+6,PUT,752,755,752,755,80,6060,10.551191,84400,83751.99
2025-07-09 12:43:00,ATM+7,CALL,161.85,162.05,156.3,157.5,6780,214440,8.929482,84500,83751.99
2025-07-09 12:43:00,ATM+7,PUT,820.5,830.75,820.5,830.1,980,39580,10.719371,84500,83751.99
2025-07-09 12:43:00,ATM+8,CALL,137,137,132.45,133.3,2500,77980,8.946082,84600,83751.99
2025-07-09 12:43:00,ATM+8,PUT,886,886,886,886,0,1720,10.742196,84600,83751.99
2025-07-09 12:43:00,ATM+9,CALL,115.95,115.95,111.5,113,3260,93520,8.990794,84700,83751.99
2025-07-09 12:43:00,ATM+9,PUT,976,976,976,976,20,1840,10.72619,84700,83751.99
2025-07-09 12:43:00,ATM+10,CALL,97.35,97.4,93.45,94,4080,169840,8.988328,84800,83751.99
2025-07-09 12:43:00,ATM+10,PUT,1055.95,1058,1055.95,1058,40,780,10.88443,84800,83751.99
2025-07-09 12:44:00,ATM-10,CALL,1143.9,1143.9,1143.9,1143.9,0,2900,7.862389,82700,83745.21
2025-07-09 12:44:00,ATM-10,PUT,91.95,92.25,91.8,92.25,720,87360,10.750195,82700,83745.21
2025-07-09 12:44:00,ATM-9,CALL,1052,1052,1052,1052,0,2720,8.332629,82800,83745.21
2025-07-09 12:44:00,ATM-9,PUT,105.65,107,105.55,107,960,94100,10.686268,82800,83745.21
2025-07-09 12:44:00,ATM-8,CALL,970,970,970,970,0,39120,8.44494,82900,83745.21
2025-07-09 12:44:00,ATM-8,PUT,121.55,122.95,121.55,122.2,1140,69560,10.571281,82900,83745.21
2025-07-09 12:44:00,ATM-7,CALL,968.3,971.15,960.9,960.9,620,39120,8.317278,83000,83745.21
2025-07-09 12:44:00,ATM-7,PUT,140.45,141.7,140.1,141.7,2300,238060,10.530811,83000,83745.21
2025-07-09 12:44:00,ATM-6,CALL,887,887,887,887,40,7340,8.59269,83100,83745.21
2025-07-09 12:44:00,ATM-6,PUT,162.05,163.45,161.75,163.45,240,77600,10.484794,83100,83745.21
2025-07-09 12:44:00,ATM-5,CALL,815.05,815.05,807.7,807.7,60,11320,8.56143,83200,83745.21
2025-07-09 12:44:00,ATM-5,PUT,185.85,187.65,185.85,187.65,1360,99840,10.434602,83200,83745.21
2025-07-09 12:44:00,ATM-4,CALL,742.3,742.55,742.3,742.55,80,41560,8.840642,83300,83745.21
2025-07-09 12:44:00,ATM-4,PUT,213.5,215.2,213.5,215.2,2120,272560,10.399962,83300,83745.21
2025-07-09 12:44:00,ATM-3,CALL,672.1,673,668,668,1600,49180,8.744124,83400,83745.21
2025-07-09 12:44:00,ATM-3,PUT,243.3,245.45,243.3,245.45,1400,132400,10.357928,83400,83745.21
2025-07-09 12:44:00,ATM-2,CALL,605.85,607.7,600.75,600.75,6160,324500,8.747938,83500,83745.21
2025-07-09 12:44:00,ATM-2,PUT,276.9,280,276.9,279.8,7300,501380,10.339937,83500,83745.21
2025-07-09 12:44:00,ATM-1,CALL,545,545,538.7,538.7,3040,237040,8.78334,83600,83745.21
2025-07-09 12:44:00,ATM-1,PUT,314.9,317.8,314.4,317.8,17900,421500,10.329872,83600,83745.21
2025-07-09 12:44:00,ATM,CALL,486.25,486.5,481.25,481.4,11600,287580,8.833994,83700,83745.21
2025-07-09 12:44:00,ATM,PUT,355.4,358.5,355.2,358.5,15520,319540,10.302603,83700,83745.21
2025-07-09 12:44:00,ATM+1,CALL,431.45,432.25,427,427,9540,242100,8.855044,83800,83745.21
2025-07-09 12:44:00,ATM+1,PUT,400.4,404.3,400.4,404.15,14440,237360,10.309326,83800,83745.21
2025-07-09 12:44:00,ATM+2,CALL,380.5,381,377.9,377.9,3400,137640,8.902773,83900,83745.21
2025-07-09 12:44:00,ATM+2,PUT,450.75,453.85,450.1,453.85,2160,83340,10.3275,83900,83745.21
2025-07-09 12:44:00,ATM+3,CALL,334.3,334.3,328.6,328.6,10460,325780,8.850178,84000,83745.21
2025-07-09 12:44:00,ATM+3,PUT,505,507.5,503.05,507.5,3660,136000,10.355029,84000,83745.21
2025-07-09 12:44:00,ATM+4,CALL,290.85,291.5,286.3,286.3,2360,88480,8.864911,84100,83745.21
2025-07-09 12:44:00,ATM+4,PUT,560.85,565.35,560.85,562.35,1420,19280,10.328593,84100,83745.21
2025-07-09 12:44:00,ATM+5,CALL,252.4,252.45,248.55,248.55,2660,107440,8.893272,84200,83745.21
2025-07-09 12:44:00,ATM+5,PUT,622,625,622,625,740,13940,10.405148,84200,83745.21
2025-07-09 12:44:00,ATM+6,CALL,217.3,217.45,213.85,213.85,3500,79860,8.902389,84300,83745.21
2025-07-09 12:44:00,ATM+6,PUT,689.5,689.5,689.5,689.5,1340,7800,10.447918,84300,83745.21
2025-07-09 12:44:00,ATM+7,CALL,185.95,186,182.9,182.9,2820,102660,8.912866,84400,83745.21
2025-07-09 12:44:00,ATM+7,PUT,760,760,760,760,20,6060,10.563303,84400,83745.21
2025-07-09 12:44:00,ATM+8,CALL,158.55,158.55,155.1,155.1,7280,214440,8.913511,84500,83745.21
2025-07-09 12:44:00,ATM+8,PUT,826.55,826.55,826.55,826.55,60,39580,10.500078,84500,83745.21
2025-07-09 12:44:00,ATM+9,CALL,134.05,134.3,132,132,1860,77980,8.955499,84600,83745.21
2025-07-09 12:44:00,ATM+9,PUT,976,976,976,976,0,1840,10.72619,84600,83745.21
2025-07-09 12:44:00,ATM+10,CALL,113.25,113.25,111.2,111.2,2120,93520,8.978276,84700,83745.21
2025-07-09 12:44:00,ATM+10,PUT,1058,1058,1058,1058,0,780,10.88443,84700,83745.21
2025-07-09 12:45:00,ATM-10,CALL,1143.9,1143.9,1143.9,1143.9,0,2900,7.862389,82700,83723.91
2025-07-09 12:45:00,ATM-10,PUT,92.8,95.95,92.2,95.85,7320,87980,10.763308,82700,83723.91
2025-07-09 12:45:00,ATM-9,CALL,1118,1118,1118,1118,20,2900,8.49521,82800,83723.91
2025-07-09 12:45:00,ATM-9,PUT,106.8,110.7,106.2,109.8,4580,94920,10.654613,82800,83723.91
2025-07-09 12:45:00,ATM-8,CALL,970,970,970,970,0,39120,8.44494,82900,83723.91
2025-07-09 12:45:00,ATM-8,PUT,122.85,127.2,122.5,126.75,5320,69720,10.585287,82900,83723.91
2025-07-09 12:45:00,ATM-7,CALL,960,964.15,946.55,955.45,640,39160,8.764269,83000,83723.91
2025-07-09 12:45:00,ATM-7,PUT,141.75,146.3,140.65,146.1,22860,233740,10.52319,83000,83723.91
2025-07-09 12:45:00,ATM-6,CALL,880,880,875.75,875.75,260,7340,8.780735,83100,83723.91
2025-07-09 12:45:00,ATM-6,PUT,163.1,168.1,162.7,167.3,4580,77480,10.445399,83100,83723.91
2025-07-09 12:45:00,ATM-5,CALL,803,803,793.95,800,660,11320,8.820907,83200,83723.91
2025-07-09 12:45:00,ATM-5,PUT,187.8,193.1,187.1,192.55,6000,99720,10.410028,83200,83723.91
2025-07-09 12:45:00,ATM-4,CALL,735.7,736.3,720,728.75,1620,41520,8.88856,83300,83723.91
2025-07-09 12:45:00,ATM-4,PUT,215.1,221.3,214.4,220.45,14700,271960,10.369099,83300,83723.91
2025-07-09 12:45:00,ATM-3,CALL,667.3,667.8,652.75,659.3,1620,49340,8.903714,83400,83723.91
2025-07-09 12:45:00,ATM-3,PUT,245.5,252.2,244.3,251,12900,132160,10.319105,83400,83723.91
2025-07-09 12:45:00,ATM-2,CALL,602.35,603,585.15,594.9,16240,322460,8.951058,83500,83723.91
2025-07-09 12:45:00,ATM-2,PUT,279.45,286.9,278.8,285.9,28440,499980,10.298725,83500,83723.91
2025-07-09 12:45:00,ATM-1,CALL,538.65,538.85,522.9,533.6,27900,239900,8.976946,83600,83723.91
2025-07-09 12:45:00,ATM-1,PUT,317.1,325,316.2,324.75,25540,423880,10.292686,83600,83723.91
2025-07-09 12:45:00,ATM,CALL,480.25,481.15,466.2,474.9,28720,288040,8.969576,83700,83723.91
2025-07-09 12:45:00,ATM,PUT,357.85,368,357.6,365.2,35220,316640,10.242891,83700,83723.91
2025-07-09 12:45:00,ATM+1,CALL,427.25,427.5,413.7,421.75,41420,236120,8.99746,83800,83723.91
2025-07-09 12:45:00,ATM+1,PUT,404.4,415,402.75,412.35,46900,230560,10.267445,83800,83723.91
2025-07-09 12:45:00,ATM+2,CALL,376.75,376.75,364.4,372.6,25080,138860,9.02331,83900,83723.91
2025-07-09 12:45:00,ATM+2,PUT,454.35,465.6,453.2,463.35,13760,82820,10.298212,83900,83723.91
2025-07-09 12:45:00,ATM+3,CALL,328.75,329.3,319.15,326.5,38180,323600,9.025813,84000,83723.91
2025-07-09 12:45:00,ATM+3,PUT,506.85,519.7,506.6,516.1,12860,135240,10.287057,84000,83723.91
2025-07-09 12:45:00,ATM+4,CALL,287.1,287.6,277.75,283.75,11180,89960,9.012613,84100,83723.91
2025-07-09 12:45:00,ATM+4,PUT,564,578.3,564,573.4,3200,19420,10.299771,84100,83723.91
2025-07-09 12:45:00,ATM+5,CALL,249.05,249.05,239.4,245.8,8760,109000,9.019938,84200,83723.91
2025-07-09 12:45:00,ATM+5,PUT,626.85,639.35,625.95,635.4,1840,13740,10.342709,84200,83723.91
2025-07-09 12:45:00,ATM+6,CALL,214.35,214.45,206.15,211.75,8780,80580,9.030055,84300,83723.91
2025-07-09 12:45:00,ATM+6,PUT,690.55,705.1,690.55,703.05,520,7860,10.444529,84300,83723.91
2025-07-09 12:45:00,ATM+7,CALL,183.45,183.5,175.6,181.35,11660,102840,9.041059,84400,83723.91
2025-07-09 12:45:00,ATM+7,PUT,769,775,769,775,60,6080,10.580448,84400,83723.91
2025-07-09 12:45:00,ATM+8,CALL,156.2,156.4,149.9,154.2,14120,215120,9.047239,84500,83723.91
2025-07-09 12:45:00,ATM+8,PUT,831.6,848,831.6,848,400,39580,10.672821,84500,83723.91
2025-07-09 12:45:00,ATM+9,CALL,132.25,132.4,126.6,130.75,9120,77400,9.067779,84600,83723.91
2025-07-09 12:45:00,ATM+9,PUT,976,976,976,976,0,1840,10.72619,84600,83723.91
2025-07-09 12:45:00,ATM+10,CALL,111.4,112,106.65,110.65,13380,93960,9.102193,84700,83723.91
2025-07-09 12:45:00,ATM+10,PUT,990,990,990,990,40,1840,10.510408,84700,83723.91
2025-07-09 12:46:00,ATM-10,CALL,1143.9,1143.9,1143.9,1143.9,0,2900,7.862389,82700,83723.5
2025-07-09 12:46:00,ATM-10,PUT,95.85,96.6,95.15,96.15,2700,87980,10.772911,82700,83723.5
2025-07-09 12:46:00,ATM-9,CALL,1118,1118,1118,1118,0,2900,8.49521,82800,83723.5
2025-07-09 12:46:00,ATM-9,PUT,109.55,111.05,109.25,110.5,2260,94920,10.677543,82800,83723.5
2025-07-09 12:46:00,ATM-8,CALL,1036.9,1036.9,1036.9,1036.9,60,2720,8.717593,82900,83723.5
2025-07-09 12:46:00,ATM-8,PUT,126.3,127.95,126.05,127.5,1880,69720,10.607988,82900,83723.5
2025-07-09 12:46:00,ATM-7,CALL,955.85,956,952.7,952.7,180,39160,8.679754,83000,83723.5
2025-07-09 12:46:00,ATM-7,PUT,146.15,147.45,145,146.45,14680,233740,10.531722,83000,83723.5
2025-07-09 12:46:00,ATM-6,CALL,876.8,876.8,875.05,875.05,60,7340,8.76956,83100,83723.5
2025-07-09 12:46:00,ATM-6,PUT,167.3,169.05,167.1,168.7,1940,77480,10.483794,83100,83723.5
2025-07-09 12:46:00,ATM-5,CALL,802.6,806.45,799.9,799.9,100,11320,8.828006,83200,83723.5
2025-07-09 12:46:00,ATM-5,PUT,191.65,194.4,191.65,193.6,11720,99720,10.436386,83200,83723.5
2025-07-09 12:46:00,ATM-4,CALL,727.35,733.65,727,727,180,41520,8.849281,83300,83723.5
2025-07-09 12:46:00,ATM-4,PUT,220,222.1,219.45,221.55,4100,271960,10.395226,83300,83723.5
2025-07-09 12:46:00,ATM-3,CALL,662.7,666,658.2,658.2,1780,49340,8.883181,83400,83723.5
2025-07-09 12:46:00,ATM-3,PUT,250.65,253,249.9,252.4,5400,132160,10.351459,83400,83723.5
2025-07-09 12:46:00,ATM-2,CALL,595.6,598,592.4,592.9,8060,322460,8.908669,83500,83723.5
2025-07-09 12:46:00,ATM-2,PUT,284.95,288,284,286.65,14240,499980,10.313797,83500,83723.5
2025-07-09 12:46:00,ATM-1,CALL,533.6,537,530,530,5060,239900,8.897128,83600,83723.5
2025-07-09 12:46:00,ATM-1,PUT,322.85,326.1,322,325.1,11360,423880,10.29751,83600,83723.5
2025-07-09 12:46:00,ATM,CALL,476.15,479,473.25,473.25,13440,288040,8.937023,83700,83723.5
2025-07-09 12:46:00,ATM,PUT,365.45,368.4,363.8,368.05,23720,316640,10.30581,83700,83723.5
2025-07-09 12:46:00,ATM+1,CALL,423.2,425.55,419.9,419.9,11640,236120,8.960285,83800,83723.5
2025-07-09 12:46:00,ATM+1,PUT,412.45,415,410,415,20660,230560,10.32477,83800,83723.5
2025-07-09 12:46:00,ATM+2,CALL,373,375.9,370,370.5,13100,138860,8.980026,83900,83723.5
2025-07-09 12:46:00,ATM+2,PUT,462.2,465.45,460,464.8,4000,82820,10.32732,83900,83723.5
2025-07-09 12:46:00,ATM+3,CALL,327.15,329.45,324.55,325.55,11460,323600,9.008597,84000,83723.5
2025-07-09 12:46:00,ATM+3,PUT,515,519,514.1,518.65,5140,135240,10.341605,84000,83723.5
2025-07-09 12:46:00,ATM+4,CALL,285,286.85,282.3,282.3,5220,89960,8.982761,84100,83723.5
2025-07-09 12:46:00,ATM+4,PUT,574.05,576.9,572.05,576.9,440,19420,10.377169,84100,83723.5
2025-07-09 12:46:00,ATM+5,CALL,247,248.15,244.2,244.45,3660,109000,8.991232,84200,83723.5
2025-07-09 12:46:00,ATM+5,PUT,636.8,639,634.25,638.6,580,13740,10.414203,84200,83723.5
2025-07-09 12:46:00,ATM+6,CALL,213.3,214,210.35,210.5,2340,80580,9.002319,84300,83723.5
2025-07-09 12:46:00,ATM+6,PUT,700,704.9,700,703.9,380,7860,10.459386,84300,83723.5
2025-07-09 12:46:00,ATM+7,CALL,181.4,183.2,180.1,180.1,2180,102840,9.011486,84400,83723.5
2025-07-09 12:46:00,ATM+7,PUT,767.9,774,767.9,770.7,80,6080,10.462999,84400,83723.5
2025-07-09 12:46:00,ATM+8,CALL,155.35,156.35,153.9,154.1,9180,215120,9.048072,84500,83723.5
2025-07-09 12:46:00,ATM+8,PUT,848,848,840.7,846.3,320,39580,10.619837,84500,83723.5
2025-07-09 12:46:00,ATM+9,CALL,131.65,132.55,130.35,130.35,4220,77400,9.059113,84600,83723.5
2025-07-09 12:46:00,ATM+9,PUT,976,976,976,976,0,1840,10.72619,84600,83723.5
2025-07-09 12:46:00,ATM+10,CALL,110.95,111.95,109.5,109.8,3360,93960,9.077609,84700,83723.5
2025-07-09 12:46:00,ATM+10,PUT,990,990,990,990,0,1840,10.510408,84700,83723.5
2025-07-09 12:47:00,ATM-10,CALL,1143.9,1143.9,1143.9,1143.9,0,2900,7.862389,82700,83723.4
2025-07-09 12:47:00,ATM-10,PUT,95.95,96,94.05,94.05,3120,87980,10.691669,82700,83723.4
2025-07-09 12:47:00,ATM-9,CALL,1118,1118,1118,1118,0,2900,8.49521,82800,83723.4
2025-07-09 12:47:00,ATM-9,PUT,110.2,110.3,108.05,108.05,2440,94920,10.58971,82800,83723.4
2025-07-09 12:47:00,ATM-8,CALL,1038.85,1038.85,1038.85,1038.85,20,2720,8.798247,82900,83723.4
2025-07-09 12:47:00,ATM-8,PUT,127.45,127.45,125.1,125.1,1800,69720,10.528015,82900,83723.4
2025-07-09 12:47:00,ATM-7,CALL,956.35,957.8,956,956,120,39160,8.800277,83000,83723.4
2025-07-09 12:47:00,ATM-7,PUT,146.9,146.9,143.25,143.45,8460,233740,10.438187,83000,83723.4
2025-07-09 12:47:00,ATM-6,CALL,875.75,880,875.75,880,140,7340,8.931255,83100,83723.4
2025-07-09 12:47:00,ATM-6,PUT,167.65,168.5,164.95,164.95,1120,77480,10.373886,83100,83723.4
2025-07-09 12:47:00,ATM-5,CALL,805.2,805.2,800.6,804.7,240,11320,8.972532,83200,83723.4
2025-07-09 12:47:00,ATM-5,PUT,193.4,193.4,189.4,189.85,2480,99720,10.332356,83200,83723.4
2025-07-09 12:47:00,ATM-4,CALL,728.3,732.25,728.3,731.8,640,41520,8.984266,83300,83723.4
2025-07-09 12:47:00,ATM-4,PUT,221.2,221.25,216.75,217.05,3500,271960,10.276263,83300,83723.4
2025-07-09 12:47:00,ATM-3,CALL,658.55,664.1,658.55,663.9,1260,49340,9.034011,83400,83723.4
2025-07-09 12:47:00,ATM-3,PUT,251.95,252.8,247.95,248.1,3700,132160,10.242281,83400,83723.4
2025-07-09 12:47:00,ATM-2,CALL,592.65,600,592.65,597.45,5620,322460,9.024202,83500,83723.4
2025-07-09 12:47:00,ATM-2,PUT,287.4,287.4,281.65,282.45,14860,499980,10.210598,83500,83723.4
2025-07-09 12:47:00,ATM-1,CALL,531.75,538.2,531.6,535,7960,239900,9.019542,83600,83723.4
2025-07-09 12:47:00,ATM-1,PUT,324.65,325.9,319.4,320.2,28380,423880,10.180185,83600,83723.4
2025-07-09 12:47:00,ATM,CALL,474.55,480.4,473.6,478.6,11800,288040,9.064726,83700,83723.4
2025-07-09 12:47:00,ATM,PUT,367.55,368,361.45,361.45,13660,316640,10.150688,83700,83723.4
2025-07-09 12:47:00,ATM+1,CALL,420.5,427.5,420.5,425.15,10620,236120,9.083974,83800,83723.4
2025-07-09 12:47:00,ATM+1,PUT,413.75,414.35,407.5,407.5,13520,230560,10.150216,83800,83723.4
2025-07-09 12:47:00,ATM+2,CALL,370.35,376.2,370.35,373.9,5300,138860,9.060537,83900,83723.4
2025-07-09 12:47:00,ATM+2,PUT,464.8,464.8,457.4,458.8,6560,82820,10.187684,83900,83723.4
2025-07-09 12:47:00,ATM+3,CALL,325,329.4,325,328.1,11020,323600,9.069832,84000,83723.4
2025-07-09 12:47:00,ATM+3,PUT,518.4,518.4,511.85,511.85,2700,135240,10.18235,84000,83723.4
2025-07-09 12:47:00,ATM+4,CALL,282.5,287.3,282.5,286.3,2340,89960,9.079516,84100,83723.4
2025-07-09 12:47:00,ATM+4,PUT,576.8,576.8,569.45,569.45,1780,19420,10.20017,84100,83723.4
2025-07-09 12:47:00,ATM+5,CALL,244.75,248.9,244.75,247.25,1520,109000,9.061339,84200,83723.4
2025-07-09 12:47:00,ATM+5,PUT,638.6,638.6,630.9,630.9,780,13740,10.22713,84200,83723.4
2025-07-09 12:47:00,ATM+6,CALL,211.35,214.35,211.35,213.8,2120,80580,9.08781,84300,83723.4
2025-07-09 12:47:00,ATM+6,PUT,703.9,703.9,703.9,703.9,0,7860,10.459386,84300,83723.4
2025-07-09 12:47:00,ATM+7,CALL,182.1,183.4,181.15,181.9,1000,102840,9.061067,84400,83723.4
2025-07-09 12:47:00,ATM+7,PUT,768.05,768.05,768.05,768.05,20,6080,10.393238,84400,83723.4
2025-07-09 12:47:00,ATM+8,CALL,154.2,156.15,154.15,155.3,5940,215120,9.083479,84500,83723.4
2025-07-09 12:47:00,ATM+8,PUT,844.6,844.6,840,840.55,220,39580,10.463731,84500,83723.4
2025-07-09 12:47:00,ATM+9,CALL,130.45,132.2,130.4,131.7,3340,77400,9.10144,84600,83723.4
2025-07-09 12:47:00,ATM+9,PUT,976,976,976,976,0,1840,10.72619,84600,83723.4
2025-07-09 12:47:00,ATM+10,CALL,109.9,111.65,109.9,111,2660,93960,9.118288,84700,83723.4
2025-07-09 12:47:00,ATM+10,PUT,990,990,990,990,0,1840,10.510408,84700,83723.4
2025-07-09 12:48:00,ATM-10,CALL,1143.9,1143.9,1143.9,1143.9,0,2900,7.862389,82700,83736.41
2025-07-09 12:48:00,ATM-10,PUT,94.2,94.2,92.1,92.1,2700,88200,10.693918,82700,83736.41
2025-07-09 12:48:00,ATM-9,CALL,1125.05,1129.05,1125.05,1129.05,40,2900,8.501038,82800,83736.41
2025-07-09 12:48:00,ATM-9,PUT,108.7,108.7,106.25,106.25,2460,95460,10.606375,82800,83736.41
2025-07-09 12:48:00,ATM-8,CALL,1038.85,1038.85,1038.85,1038.85,0,2720,8.798247,82900,83736.41
2025-07-09 12:48:00,ATM-8,PUT,124.8,124.8,122.35,122.35,4100,70140,10.521186,82900,83736.41
2025-07-09 12:48:00,ATM-7,CALL,961.95,966,961.95,966,220,39080,8.77668,83000,83736.41
2025-07-09 12:48:00,ATM-7,PUT,143.65,143.65,140.9,140.9,3440,232540,10.447685,83000,83736.41
2025-07-09 12:48:00,ATM-6,CALL,880,880,880,880,0,7340,8.931255,83100,83736.41
2025-07-09 12:48:00,ATM-6,PUT,165.75,165.75,162.7,162.7,1300,77080,10.401606,83100,83736.41
2025-07-09 12:48:00,ATM-5,CALL,808.8,809,808.8,809,160,11680,8.808253,83200,83736.41
2025-07-09 12:48:00,ATM-5,PUT,190,190.4,186.9,187.8,8920,99720,10.37434,83200,83736.41
2025-07-09 12:48:00,ATM-4,CALL,736.3,736.3,736.3,736.3,20,41520,8.848815,83300,83736.41
2025-07-09 12:48:00,ATM-4,PUT,216,217.8,214.05,214.3,2480,264780,10.307897,83300,83736.41
2025-07-09 12:48:00,ATM-3,CALL,666,669.55,664.5,668.7,700,49860,8.926618,83400,83736.41
2025-07-09 12:48:00,ATM-3,PUT,248.8,248.8,244,244.5,3980,132160,10.261458,83400,83736.41
2025-07-09 12:48:00,ATM-2,CALL,596.75,604.65,596.75,603.6,7280,322460,8.967422,83500,83736.41
2025-07-09 12:48:00,ATM-2,PUT,282.75,282.75,277.6,279.2,16800,488080,10.248292,83500,83736.41
2025-07-09 12:48:00,ATM-1,CALL,534.55,541.5,534.55,540.5,11880,240820,8.961155,83600,83736.41
2025-07-09 12:48:00,ATM-1,PUT,319.5,320.2,315,315,21060,423880,10.18092,83600,83736.41
2025-07-09 12:48:00,ATM,CALL,477.75,483.1,477,482.85,10640,288160,8.990616,83700,83736.41
2025-07-09 12:48:00,ATM,PUT,362.1,362.7,356.25,356.25,15160,311320,10.162165,83700,83736.41
2025-07-09 12:48:00,ATM+1,CALL,424.95,429.7,423.95,429.35,12680,254760,9.02189,83800,83736.41
2025-07-09 12:48:00,ATM+1,PUT,409,409,403.2,403.2,17260,223840,10.193306,83800,83736.41
2025-07-09 12:48:00,ATM+2,CALL,373.75,378.3,373.75,378.1,7320,144620,9.010831,83900,83736.41
2025-07-09 12:48:00,ATM+2,PUT,458.2,458.75,453.35,454.1,1340,83000,10.232269,83900,83736.41
2025-07-09 12:48:00,ATM+3,CALL,327.4,331.6,327.4,331.5,18940,334360,9.013348,84000,83736.41
2025-07-09 12:48:00,ATM+3,PUT,512.75,512.75,506.4,507.45,4300,134060,10.245022,84000,83736.41
2025-07-09 12:48:00,ATM+4,CALL,285,289.65,284.65,289.1,1740,87980,9.020043,84100,83736.41
2025-07-09 12:48:00,ATM+4,PUT,567.65,568.8,565,566.3,300,21320,10.303987,84100,83736.41
2025-07-09 12:48:00,ATM+5,CALL,249,251.05,247.7,250.9,4940,109880,9.033268,84200,83736.41
2025-07-09 12:48:00,ATM+5,PUT,630.6,631.55,626.35,626.35,340,13600,10.310259,84200,83736.41
2025-07-09 12:48:00,ATM+6,CALL,213.15,216.65,213.15,216.45,3700,84080,9.045545,84300,83736.41
2025-07-09 12:48:00,ATM+6,PUT,694.7,696.1,693.45,693.45,80,7280,10.407413,84300,83736.41
2025-07-09 12:48:00,ATM+7,CALL,182.8,185.4,182.6,185.3,2840,101240,9.049155,84400,83736.41
2025-07-09 12:48:00,ATM+7,PUT,762.95,762.95,760,760,240,5960,10.413238,84400,83736.41
2025-07-09 12:48:00,ATM+8,CALL,155,157.8,155,157.8,6540,214420,9.057761,84500,83736.41
2025-07-09 12:48:00,ATM+8,PUT,838.05,838.05,831.15,834.45,160,39300,10.546952,84500,83736.41
2025-07-09 12:48:00,ATM+9,CALL,132.1,133.9,132.1,133.35,840,75840,9.060592,84600,83736.41
2025-07-09 12:48:00,ATM+9,PUT,976,976,976,976,0,1840,10.72619,84600,83736.41
2025-07-09 12:48:00,ATM+10,CALL,111.15,113,111,113,3560,94040,9.097799,84700,83736.41
2025-07-09 12:48:00,ATM+10,PUT,985.75,985.75,985.75,985.75,40,1820,10.668084,84700,83736.41
2025-07-09 12:49:00,ATM-10,CALL,1143.9,1143.9,1143.9,1143.9,0,2900,7.862389,82800,83752.31
2025-07-09 12:49:00,ATM-10,PUT,106.2,106.25,103.6,104.8,1480,95460,10.652682,82800,83752.31
2025-07-09 12:49:00,ATM-9,CALL,1129.05,1129.05,1129.05,1129.05,0,2900,8.501038,82900,83752.31
2025-07-09 12:49:00,ATM-9,PUT,122.05,122.5,119.55,120.4,3240,70140,10.55871,82900,83752.31
2025-07-09 12:49:00,ATM-8,CALL,968.6,977,968.6,977,520,39080,8.699937,83000,83752.31
2025-07-09 12:49:00,ATM-8,PUT,140.65,141.8,138,138.95,6020,232540,10.494541,83000,83752.31
2025-07-09 12:49:00,ATM-7,CALL,900.45,900.45,900.45,900.45,20,7340,8.853498,83100,83752.31
2025-07-09 12:49:00,ATM-7,PUT,162.05,162.55,158.45,160.85,4720,77080,10.460787,83100,83752.31
2025-07-09 12:49:00,ATM-6,CALL,817,825.95,817,825.95,180,11680,8.953001,83200,83752.31
2025-07-09 12:49:00,ATM-6,PUT,186.55,187.2,183,184.75,2680,99720,10.409074,83200,83752.31
2025-07-09 12:49:00,ATM-5,CALL,738.85,752.3,738.85,747,960,41520,8.823574,83300,83752.31
2025-07-09 12:49:00,ATM-5,PUT,213.55,214.3,209,211.35,4340,264780,10.355998,83300,83752.31
2025-07-09 12:49:00,ATM-4,CALL,671,680.5,670.4,678,2660,49860,8.881529,83400,83752.31
2025-07-09 12:49:00,ATM-4,PUT,244.15,244.35,239,241.25,2900,132160,10.312535,83400,83752.31
2025-07-09 12:49:00,ATM-3,CALL,603.15,614.05,602.9,610.8,5860,322460,8.886811,83500,83752.31
2025-07-09 12:49:00,ATM-3,PUT,277.75,278.95,272.1,274.9,13240,488080,10.284636,83500,83752.31
2025-07-09 12:49:00,ATM-2,CALL,541,550.4,540.7,548.05,6680,240820,8.906881,83600,83752.31
2025-07-09 12:49:00,ATM-2,PUT,314.65,315.8,308.65,311.1,9180,423880,10.238711,83600,83752.31
2025-07-09 12:49:00,ATM-1,CALL,483,493.65,482.85,491.15,21160,288160,8.970541,83700,83752.31
2025-07-09 12:49:00,ATM-1,PUT,356.7,357.85,350,353.05,13800,311320,10.248403,83700,83752.31
2025-07-09 12:49:00,ATM,CALL,429.35,438.75,428.9,435.45,23960,254760,8.96599,83800,83752.31
2025-07-09 12:49:00,ATM,PUT,403,404,395.25,397.8,18540,223840,10.240689,83800,83752.31
2025-07-09 12:49:00,ATM+1,CALL,378.05,387,377.9,384.4,15580,144620,8.974799,83900,83752.31
2025-07-09 12:49:00,ATM+1,PUT,452.35,452.75,444.2,447.1,5380,83000,10.255683,83900,83752.31
2025-07-09 12:49:00,ATM+2,CALL,331.95,339,331.7,337.95,13440,334360,8.99562,84000,83752.31
2025-07-09 12:49:00,ATM+2,PUT,506.4,506.85,496.6,500.25,6060,134060,10.277079,84000,83752.31
2025-07-09 12:49:00,ATM+3,CALL,290.4,296.35,290.4,294.95,7540,87980,9.002888,84100,83752.31
2025-07-09 12:49:00,ATM+3,PUT,560,560,553.7,557.65,300,21320,10.315407,84100,83752.31
2025-07-09 12:49:00,ATM+4,CALL,251.7,257.25,251.2,255.65,7320,109880,9.004002,84200,83752.31
2025-07-09 12:49:00,ATM+4,PUT,622.45,622.45,617,617,740,13600,10.31827,84200,83752.31
2025-07-09 12:49:00,ATM+5,CALL,216.1,221.7,216.1,221.1,3440,84080,9.027709,84300,83752.31
2025-07-09 12:49:00,ATM+5,PUT,626.35,626.35,626.35,626.35,0,13600,10.310259,84300,83752.31
2025-07-09 12:49:00,ATM+6,CALL,185.55,190,185.1,188.6,3420,101240,9.010004,84400,83752.31
2025-07-09 12:49:00,ATM+6,PUT,757.45,757.45,754.45,754.45,40,5960,10.544594,84400,83752.31
2025-07-09 12:49:00,ATM+7,CALL,157.9,162.5,157.4,161.4,10760,214420,9.039788,84500,83752.31
2025-07-09 12:49:00,ATM+7,PUT,825.4,825.4,820.8,820.8,140,39300,10.481029,84500,83752.31
2025-07-09 12:49:00,ATM+8,CALL,135.15,137.5,134.2,136.8,2420,75840,9.052078,84600,83752.31
2025-07-09 12:49:00,ATM+8,PUT,834.45,834.45,834.45,834.45,0,39300,10.546952,84600,83752.31
2025-07-09 12:49:00,ATM+9,CALL,112.9,116,112.9,115.45,5720,94040,9.071254,84700,83752.31
2025-07-09 12:49:00,ATM+9,PUT,976,976,976,976,0,1840,10.72619,84700,83752.31
2025-07-09 12:49:00,ATM+10,CALL,95.25,97,94.9,96.75,7960,171040,9.086545,84800,83752.31
2025-07-09 12:49:00,ATM+10,PUT,985.75,985.75,985.75,985.75,0,1820,10.668084,84800,83752.31
2025-07-09 12:50:00,ATM-10,CALL,1143.9,1143.9,1143.9,1143.9,0,2900,7.862389,82800,83754.54
2025-07-09 12:50:00,ATM-10,PUT,104.55,105.6,104.55,105.6,320,95460,10.696242,82800,83754.54
2025-07-09 12:50:00,ATM-9,CALL,1055,1055,1055,1055,20,2760,8.373826,82900,83754.54
2025-07-09 12:50:00,ATM-9,PUT,121,121.9,120.7,121.45,1020,70140,10.609296,82900,83754.54
2025-07-09 12:50:00,ATM-8,CALL,977,977,977,977,0,39080,8.699937,83000,83754.54
2025-07-09 12:50:00,ATM-8,PUT,139.35,140.6,138.85,139.8,3520,232540,10.537073,83000,83754.54
2025-07-09 12:50:00,ATM-7,CALL,900.45,900.45,900.45,900.45,0,7340,8.853498,83100,83754.54
2025-07-09 12:50:00,ATM-7,PUT,160.2,161.45,160,161.25,5080,77080,10.489025,83100,83754.54
2025-07-09 12:50:00,ATM-6,CALL,820.3,820.3,820.3,820.3,100,11680,8.731344,83200,83754.54
2025-07-09 12:50:00,ATM-6,PUT,184.35,186.25,184.25,185.1,2660,99720,10.436075,83200,83754.54
2025-07-09 12:50:00,ATM-5,CALL,745,746.55,745,746.35,200,41520,8.75979,83300,83754.54
2025-07-09 12:50:00,ATM-5,PUT,211.15,212.85,211.15,212.3,1440,264780,10.399451,83300,83754.54
2025-07-09 12:50:00,ATM-4,CALL,678.35,678.35,674.95,677,180,49860,8.814531,83400,83754.54
2025-07-09 12:50:00,ATM-4,PUT,241.15,242.85,241.05,242.5,1160,132160,10.363603,83400,83754.54
2025-07-09 12:50:00,ATM-3,CALL,611.65,612.2,607.55,611.05,4280,322460,8.856706,83500,83754.54
2025-07-09 12:50:00,ATM-3,PUT,275,277,274.1,276.7,5800,488080,10.349277,83500,83754.54
2025-07-09 12:50:00,ATM-2,CALL,548.95,549,546,547.55,2360,240820,8.861813,83600,83754.54
2025-07-09 12:50:00,ATM-2,PUT,311.1,314.5,311.1,313.8,2600,423880,10.324965,83600,83754.54
2025-07-09 12:50:00,ATM-1,CALL,490.5,491.5,486.4,489.6,12580,288160,8.904013,83700,83754.54
2025-07-09 12:50:00,ATM-1,PUT,353.6,355.95,352.4,354.6,6320,311320,10.307722,83700,83754.54
2025-07-09 12:50:00,ATM,CALL,436.45,436.7,432.25,435.5,8760,254760,8.939822,83800,83754.54
2025-07-09 12:50:00,ATM,PUT,397.8,401.75,397.6,400.25,3420,223840,10.322023,83800,83754.54
2025-07-09 12:50:00,ATM+1,CALL,384,385.7,381.7,384.25,6880,144620,8.946244,83900,83754.54
2025-07-09 12:50:00,ATM+1,PUT,447.75,450.85,447.35,449.25,1200,83000,10.331576,83900,83754.54
2025-07-09 12:50:00,ATM+2,CALL,337,338.45,335.5,336.45,9860,334360,8.937624,84000,83754.54
2025-07-09 12:50:00,ATM+2,PUT,502.95,503.7,501.3,503.15,3640,134060,10.372507,84000,83754.54
2025-07-09 12:50:00,ATM+3,CALL,294,295,292.15,293.75,2580,87980,8.953156,84100,83754.54
2025-07-09 12:50:00,ATM+3,PUT,558.45,558.45,558.45,558.45,80,21320,10.364445,84100,83754.54
2025-07-09 12:50:00,ATM+4,CALL,255.7,256.6,253.55,254.6,1760,109880,8.958691,84200,83754.54
2025-07-09 12:50:00,ATM+4,PUT,617.75,619.95,617.75,619.95,540,13600,10.42158,84200,83754.54
2025-07-09 12:50:00,ATM+5,CALL,220.2,220.7,219,220.1,1940,84080,8.984071,84300,83754.54
2025-07-09 12:50:00,ATM+5,PUT,626.35,626.35,626.35,626.35,0,13600,10.310259,84300,83754.54
2025-07-09 12:50:00,ATM+6,CALL,188.7,189.6,187.5,188.6,1180,101240,8.992733,84400,83754.54
2025-07-09 12:50:00,ATM+6,PUT,753.2,753.2,753.2,753.2,20,5960,10.551,84400,83754.54
2025-07-09 12:50:00,ATM+7,CALL,160.4,161.25,160,161,5080,214420,9.012448,84500,83754.54
2025-07-09 12:50:00,ATM+7,PUT,822.6,822.6,822.6,822.6,200,39300,10.570351,84500,83754.54
2025-07-09 12:50:00,ATM+8,CALL,136.65,137,135.2,136.35,1920,75840,9.023461,84600,83754.54
2025-07-09 12:50:00,ATM+8,PUT,834.45,834.45,834.45,834.45,0,39300,10.546952,84600,83754.54
2025-07-09 12:50:00,ATM+9,CALL,114.95,115.75,114.45,115.1,1100,94040,9.045673,84700,83754.54
2025-07-09 12:50:00,ATM+9,PUT,976,976,976,976,0,1840,10.72619,84700,83754.54
2025-07-09 12:50:00,ATM+10,CALL,96.45,97.25,95.95,96.5,2900,171040,9.064257,84800,83754.54
2025-07-09 12:50:00,ATM+10,PUT,985.75,985.75,985.75,985.75,0,1820,10.668084,84800,83754.54
2025-07-09 12:51:00,ATM-10,CALL,1145.5,1145.5,1145.5,1145.5,100,2880,8.358586,82800,83758.45
2025-07-09 12:51:00,ATM-10,PUT,105.35,105.35,104.55,104.65,340,95660,10.68616,82800,83758.45
2025-07-09 12:51:00,ATM-9,CALL,1055,1055,1055,1055,0,2760,8.373826,82900,83758.45
2025-07-09 12:51:00,ATM-9,PUT,122,122,121,121,260,70540,10.619775,82900,83758.45
2025-07-09 12:51:00,ATM-8,CALL,977,977,977,977,0,39080,8.699937,83000,83758.45
2025-07-09 12:51:00,ATM-8,PUT,140,140.45,138.9,139.1,1300,232720,10.541818,83000,83758.45
2025-07-09 12:51:00,ATM-7,CALL,900.45,900.45,900.45,900.45,0,7340,8.853498,83100,83758.45
2025-07-09 12:51:00,ATM-7,PUT,160.9,161.05,160,160.05,2560,76700,10.481579,83100,83758.45
2025-07-09 12:51:00,ATM-6,CALL,821,821,821,821,40,11840,8.66128,83200,83758.45
2025-07-09 12:51:00,ATM-6,PUT,184.85,185.55,183.25,184.55,1820,104900,10.450354,83200,83758.45
2025-07-09 12:51:00,ATM-5,CALL,746.35,746.35,746.35,746.35,0,41520,8.75979,83300,83758.45
2025-07-09 12:51:00,ATM-5,PUT,213,213,210.45,211.35,480,264000,10.405412,83300,83758.45
2025-07-09 12:51:00,ATM-4,CALL,675.25,680,675.25,680,200,49420,8.822245,83400,83758.45
2025-07-09 12:51:00,ATM-4,PUT,242.25,242.5,240,240.8,980,125840,10.353212,83400,83758.45
2025-07-09 12:51:00,ATM-3,CALL,609.25,613.5,609.25,611.4,1980,319960,8.800803,83500,83758.45
2025-07-09 12:51:00,ATM-3,PUT,275.9,276.6,273.75,275,3120,482380,10.342416,83500,83758.45
2025-07-09 12:51:00,ATM-2,CALL,548,550.15,545.85,550.15,4920,240320,8.866493,83600,83758.45
2025-07-09 12:51:00,ATM-2,PUT,312.4,313.65,310.2,312.15,3780,412200,10.32266,83600,83758.45
2025-07-09 12:51:00,ATM-1,CALL,489.4,492.65,488,491.6,6800,290180,8.898122,83700,83758.45
2025-07-09 12:51:00,ATM-1,PUT,355,355.5,351.05,353.4,4860,312860,10.319237,83700,83758.45
2025-07-09 12:51:00,ATM,CALL,435.1,438,433.65,437,7880,256120,8.926118,83800,83758.45
2025-07-09 12:51:00,ATM,PUT,399.7,401,396.35,397.9,5040,226720,10.309888,83800,83758.45
2025-07-09 12:51:00,ATM+1,CALL,384.05,386,382.7,385.75,1940,143200,8.93632,83900,83758.45
2025-07-09 12:51:00,ATM+1,PUT,449.75,449.85,445.05,447.55,1080,80120,10.337737,83900,83758.45
2025-07-09 12:51:00,ATM+2,CALL,336.5,339,336.05,338.25,6340,333380,8.938335,84000,83758.45
2025-07-09 12:51:00,ATM+2,PUT,500.95,502.2,497,499.3,4320,132800,10.331981,84000,83758.45
2025-07-09 12:51:00,ATM+3,CALL,293,295.7,293,294.3,1000,90580,8.928081,84100,83758.45
2025-07-09 12:51:00,ATM+3,PUT,557.05,557.95,555.6,557.95,200,21340,10.405298,84100,83758.45
2025-07-09 12:51:00,ATM+4,CALL,254.8,256.4,254.25,255.85,1720,111680,8.95363,84200,83758.45
2025-07-09 12:51:00,ATM+4,PUT,619.45,619.45,619.45,619.45,20,13120,10.466354,84200,83758.45
2025-07-09 12:51:00,ATM+5,CALL,219.4,220.85,219.25,220.7,1000,83660,8.966193,84300,83758.45
2025-07-09 12:51:00,ATM+5,PUT,683.95,683.95,683.95,683.95,40,7240,10.521259,84300,83758.45
2025-07-09 12:51:00,ATM+6,CALL,188.35,189.9,188.1,189.35,760,101240,8.981662,84400,83758.45
2025-07-09 12:51:00,ATM+6,PUT,753.2,753.2,752.2,752.2,520,5940,10.592079,84400,83758.45
2025-07-09 12:51:00,ATM+7,CALL,160.45,161.95,160,161,2800,210260,8.983556,84500,83758.45
2025-07-09 12:51:00,ATM+7,PUT,825.65,825.65,820.8,820.8,40,39200,10.595126,84500,83758.45
2025-07-09 12:51:00,ATM+8,CALL,135.9,137.3,135.9,136.45,460,76240,8.999268,84600,83758.45
2025-07-09 12:51:00,ATM+8,PUT,834.45,834.45,834.45,834.45,0,39300,10.546952,84600,83758.45
2025-07-09 12:51:00,ATM+9,CALL,114.85,115.45,114.45,115.3,880,93420,9.02646,84700,83758.45
2025-07-09 12:51:00,ATM+9,PUT,976,976,976,976,0,1840,10.72619,84700,83758.45
2025-07-09 12:51:00,ATM+10,CALL,96.35,97.2,96.05,96.4,2280,169700,9.036535,84800,83758.45
2025-07-09 12:51:00,ATM+10,PUT,985.75,985.75,985.75,985.75,0,1820,10.668084,84800,83758.45
2025-07-09 12:52:00,ATM-10,CALL,1145.5,1145.5,1145.5,1145.5,0,2880,8.358586,82700,83749.22
2025-07-09 12:52:00,ATM-10,PUT,90.8,91.55,90.5,90.5,900,87440,10.709078,82700,83749.22
2025-07-09 12:52:00,ATM-9,CALL,1055,1055,1055,1055,0,2760,8.373826,82800,83749.22
2025-07-09 12:52:00,ATM-9,PUT,104.95,105.2,103.7,104.45,1060,95660,10.62227,82800,83749.22
2025-07-09 12:52:00,ATM-8,CALL,1058.7,1058.7,1058.7,1058.7,60,2760,8.71954,82900,83749.22
2025-07-09 12:52:00,ATM-8,PUT,120.35,121.45,119.85,120.25,540,70540,10.53513,82900,83749.22
2025-07-09 12:52:00,ATM-7,CALL,975.1,978.2,973.05,973.05,120,39180,8.652276,83000,83749.22
2025-07-09 12:52:00,ATM-7,PUT,139,140,138.3,138.7,4980,232720,10.467153,83000,83749.22
2025-07-09 12:52:00,ATM-6,CALL,899.65,899.65,899.65,899.65,20,7440,8.910502,83100,83749.22
2025-07-09 12:52:00,ATM-6,PUT,159.8,161.35,159.3,159.75,360,76700,10.407534,83100,83749.22
2025-07-09 12:52:00,ATM-5,CALL,828.1,828.1,819,819,120,11840,8.817684,83200,83749.22
2025-07-09 12:52:00,ATM-5,PUT,184.3,185.8,182.9,183.95,4220,104900,10.364874,83200,83749.22
2025-07-09 12:52:00,ATM-4,CALL,755,755,745.9,748.15,160,41240,8.921881,83300,83749.22
2025-07-09 12:52:00,ATM-4,PUT,210.4,211.75,210,210.9,1200,264000,10.320932,83300,83749.22
2025-07-09 12:52:00,ATM-3,CALL,679.8,682.25,675.7,679.95,640,49420,8.99216,83400,83749.22
2025-07-09 12:52:00,ATM-3,PUT,241,242.05,239,240.45,980,125840,10.267579,83400,83749.22
2025-07-09 12:52:00,ATM-2,CALL,612.5,614,609.2,610.45,4860,319960,8.9316,83500,83749.22
2025-07-09 12:52:00,ATM-2,PUT,274.6,275,272.6,274.6,6000,482380,10.251118,83500,83749.22
2025-07-09 12:52:00,ATM-1,CALL,549.8,551.85,546.45,548.1,15440,240320,8.956804,83600,83749.22
2025-07-09 12:52:00,ATM-1,PUT,312,312.8,309.6,310.95,5580,412200,10.207211,83600,83749.22
2025-07-09 12:52:00,ATM,CALL,492.55,494.15,488.25,490,8860,290180,8.987887,83700,83749.22
2025-07-09 12:52:00,ATM,PUT,352.2,354.15,350.4,353,9320,312860,10.217326,83700,83749.22
2025-07-09 12:52:00,ATM+1,CALL,436.2,437.95,433.6,435,12480,256120,8.99641,83800,83749.22
2025-07-09 12:52:00,ATM+1,PUT,398.35,399.4,393.55,396.9,7920,226720,10.187669,83800,83749.22
2025-07-09 12:52:00,ATM+2,CALL,385.8,387,382.1,383.1,5680,143200,8.982448,83900,83749.22
2025-07-09 12:52:00,ATM+2,PUT,447.05,448,440.8,447,3420,80120,10.218778,83900,83749.22
2025-07-09 12:52:00,ATM+3,CALL,338.15,339.6,335.45,336.6,7520,333380,8.999171,84000,83749.22
2025-07-09 12:52:00,ATM+3,PUT,500.05,501.15,494.4,499.65,2440,132800,10.225795,84000,83749.22
2025-07-09 12:52:00,ATM+4,CALL,294.6,296.35,292.35,293.55,3860,90580,9.00231,84100,83749.22
2025-07-09 12:52:00,ATM+4,PUT,550,557.95,550,555.75,400,21340,10.230311,84100,83749.22
2025-07-09 12:52:00,ATM+5,CALL,255.55,257.15,253.8,254.5,1840,111680,9.006442,84200,83749.22
2025-07-09 12:52:00,ATM+5,PUT,616.55,617.85,613.35,617.85,200,13120,10.294799,84200,83749.22
2025-07-09 12:52:00,ATM+6,CALL,220.85,222.1,218.25,218.9,4120,83660,9.000762,84300,83749.22
2025-07-09 12:52:00,ATM+6,PUT,676.2,676.2,676.2,676.2,80,7240,10.185705,84300,83749.22
2025-07-09 12:52:00,ATM+7,CALL,189.5,190.2,187,188.25,2100,101240,9.027482,84400,83749.22
2025-07-09 12:52:00,ATM+7,PUT,744.8,744.8,744.8,744.8,20,5940,10.246398,84400,83749.22
2025-07-09 12:52:00,ATM+8,CALL,161.4,161.75,158.9,159.35,4380,210260,9.007718,84500,83749.22
2025-07-09 12:52:00,ATM+8,PUT,818,818,818,818,20,39200,10.349635,84500,83749.22
2025-07-09 12:52:00,ATM+9,CALL,136.85,137.95,134.85,135.6,1480,76240,9.040091,84600,83749.22
2025-07-09 12:52:00,ATM+9,PUT,976,976,976,976,0,1840,10.72619,84600,83749.22
2025-07-09 12:52:00,ATM+10,CALL,115.1,115.9,113.25,114.4,2380,93420,9.060048,84700,83749.22
2025-07-09 12:52:00,ATM+10,PUT,985.75,985.75,985.75,985.75,0,1820,10.668084,84700,83749.22
2025-07-09 12:53:00,ATM-10,CALL,1218.9,1218.9,1218.9,1218.9,20,2080,8.342867,82700,83740.94
2025-07-09 12:53:00,ATM-10,PUT,90.75,91.7,90.65,91.25,760,87440,10.690035,82700,83740.94
2025-07-09 12:53:00,ATM-9,CALL,1055,1055,1055,1055,0,2760,8.373826,82800,83740.94
2025-07-09 12:53:00,ATM-9,PUT,104.55,105.6,104.55,105.15,660,95660,10.597042,82800,83740.94
2025-07-09 12:53:00,ATM-8,CALL,1058.7,1058.7,1058.7,1058.7,0,2760,8.71954,82900,83740.94
2025-07-09 12:53:00,ATM-8,PUT,120.5,122.05,120.5,121.45,640,70540,10.522693,82900,83740.94
2025-07-09 12:53:00,ATM-7,CALL,973.05,973.05,973.05,973.05,0,39180,8.652276,83000,83740.94
2025-07-09 12:53:00,ATM-7,PUT,139.35,140.85,138.6,140.15,2660,232720,10.457309,83000,83740.94
2025-07-09 12:53:00,ATM-6,CALL,892.4,892.4,892.4,892.4,40,7440,8.889662,83100,83740.94
2025-07-09 12:53:00,ATM-6,PUT,160,161.7,160,161.7,760,76700,10.406835,83100,83740.94
2025-07-09 12:53:00,ATM-5,CALL,819.75,819.75,819.75,819.75,20,11840,9.029934,83200,83740.94
2025-07-09 12:53:00,ATM-5,PUT,184.9,186.05,184.9,186.05,760,104900,10.361986,83200,83740.94
2025-07-09 12:53:00,ATM-4,CALL,749.95,750,744.25,744.25,120,41240,8.9823,83300,83740.94
2025-07-09 12:53:00,ATM-4,PUT,211,213.2,210.6,213.2,1660,264000,10.317011,83300,83740.94
2025-07-09 12:53:00,ATM-3,CALL,676.5,676.5,673.45,673.45,140,49420,8.972989,83400,83740.94
2025-07-09 12:53:00,ATM-3,PUT,240.85,243.35,240.85,242.65,480,125840,10.254729,83400,83740.94
2025-07-09 12:53:00,ATM-2,CALL,610.75,613.75,606,607.4,4160,319960,8.992235,83500,83740.94
2025-07-09 12:53:00,ATM-2,PUT,274.1,277.15,273.05,277.15,3800,482380,10.240605,83500,83740.94
2025-07-09 12:53:00,ATM-1,CALL,548,548,542.7,544,1940,240320,8.9821,83600,83740.94
2025-07-09 12:53:00,ATM-1,PUT,311.9,314.5,310.5,314,1760,412200,10.202231,83600,83740.94
2025-07-09 12:53:00,ATM,CALL,489.2,490.85,484.8,485.45,4940,290180,8.994115,83700,83740.94
2025-07-09 12:53:00,ATM,PUT,352.45,355.85,351.1,355.85,4400,312860,10.200883,83700,83740.94
2025-07-09 12:53:00,ATM+1,CALL,434.35,435.95,429.6,431.5,7800,256120,9.019133,83800,83740.94
2025-07-09 12:53:00,ATM+1,PUT,397.4,401,396.2,400.8,5480,226720,10.188923,83800,83740.94
2025-07-09 12:53:00,ATM+2,CALL,383.5,384.3,378.4,379.75,4920,143200,9.000717,83900,83740.94
2025-07-09 12:53:00,ATM+2,PUT,446.35,450.1,445.95,450.1,1160,80120,10.194605,83900,83740.94
2025-07-09 12:53:00,ATM+3,CALL,336,337,332.15,333.5,5200,333380,9.015516,84000,83740.94
2025-07-09 12:53:00,ATM+3,PUT,498.6,504,498.6,503,740,132800,10.200394,84000,83740.94
2025-07-09 12:53:00,ATM+4,CALL,292.85,293,289.6,291.25,2140,90580,9.029981,84100,83740.94
2025-07-09 12:53:00,ATM+4,PUT,557.2,560.15,557.2,560.15,40,21340,10.222374,84100,83740.94
2025-07-09 12:53:00,ATM+5,CALL,253.8,253.85,251.25,252.4,1100,111680,9.031811,84200,83740.94
2025-07-09 12:53:00,ATM+5,PUT,622,622,621.75,621.75,60,13120,10.267844,84200,83740.94
2025-07-09 12:53:00,ATM+6,CALL,219.95,219.95,215.9,216.7,2240,83660,9.016572,84300,83740.94
2025-07-09 12:53:00,ATM+6,PUT,686.1,687.45,686.1,687.45,60,7240,10.332692,84300,83740.94
2025-07-09 12:53:00,ATM+7,CALL,187.15,188.25,185.3,185.45,900,101240,9.020245,84400,83740.94
2025-07-09 12:53:00,ATM+7,PUT,754.8,756.4,754.8,756.4,80,5940,10.40087,84400,83740.94
2025-07-09 12:53:00,ATM+8,CALL,160,160,157.5,157.5,3420,210260,9.018594,84500,83740.94
2025-07-09 12:53:00,ATM+8,PUT,818.7,825,818.7,825,120,39200,10.381088,84500,83740.94
2025-07-09 12:53:00,ATM+9,CALL,135,135,133.55,133.7,420,76240,9.042326,84600,83740.94
2025-07-09 12:53:00,ATM+9,PUT,976,976,976,976,0,1840,10.72619,84600,83740.94
2025-07-09 12:53:00,ATM+10,CALL,113.55,113.95,112.25,112.65,800,93420,9.059366,84700,83740.94
2025-07-09 12:53:00,ATM+10,PUT,985.75,985.75,985.75,985.75,0,1820,10.668084,84700,83740.94
2025-07-09 12:54:00,ATM-10,CALL,1133,1133.95,1132.95,1133.9,80,2980,8.062006,82800,83752.17
2025-07-09 12:54:00,ATM-10,PUT,105.05,105.25,103.9,104.05,340,95920,10.626862,82800,83752.17
2025-07-09 12:54:00,ATM-9,CALL,1055,1055,1055,1055,0,2760,8.373826,82900,83752.17
2025-07-09 12:54:00,ATM-9,PUT,121.55,121.55,120.5,120.5,160,70540,10.563688,82900,83752.17
2025-07-09 12:54:00,ATM-8,CALL,1058.7,1058.7,1058.7,1058.7,0,2760,8.71954,83000,83752.17
2025-07-09 12:54:00,ATM-8,PUT,139.8,140.2,138.75,138.9,620,234060,10.494446,83000,83752.17
2025-07-09 12:54:00,ATM-7,CALL,973.05,973.05,973.05,973.05,0,39180,8.652276,83100,83752.17
2025-07-09 12:54:00,ATM-7,PUT,161,161.35,159.6,159.6,360,76800,10.425002,83100,83752.17
2025-07-09 12:54:00,ATM-6,CALL,892.4,892.4,892.4,892.4,0,7440,8.889662,83200,83752.17
2025-07-09 12:54:00,ATM-6,PUT,185.7,185.7,183.85,184.5,640,104900,10.403361,83200,83752.17
2025-07-09 12:54:00,ATM-5,CALL,747.45,747.45,747.45,747.45,80,41240,8.843265,83300,83752.17
2025-07-09 12:54:00,ATM-5,PUT,212.7,212.75,210.9,210.9,220,264600,10.34518,83300,83752.17
2025-07-09 12:54:00,ATM-4,CALL,673.45,674.75,673.45,674.75,320,49500,8.802005,83400,83752.17
2025-07-09 12:54:00,ATM-4,PUT,243.1,243.1,240.25,240.3,1240,125840,10.289319,83400,83752.17
2025-07-09 12:54:00,ATM-3,CALL,607.05,610,606.4,609.9,1640,319960,8.870294,83500,83752.17
2025-07-09 12:54:00,ATM-3,PUT,275.9,276.4,273.9,274.05,2280,482280,10.264625,83500,83752.17
2025-07-09 12:54:00,ATM-2,CALL,544.05,547.5,543.4,546.1,1860,241300,8.865384,83600,83752.17
2025-07-09 12:54:00,ATM-2,PUT,314.4,314.4,311.05,311.7,2120,412200,10.253936,83600,83752.17
2025-07-09 12:54:00,ATM-1,CALL,485,489.75,485,487.6,5020,291900,8.892226,83700,83752.17
2025-07-09 12:54:00,ATM-1,PUT,355.15,355.3,352,353,4000,314940,10.247918,83700,83752.17
2025-07-09 12:54:00,ATM,CALL,431,434.8,431,433,4220,258080,8.914316,83800,83752.17
2025-07-09 12:54:00,ATM,PUT,401,401,397.05,397.4,3120,227200,10.23193,83800,83752.17
2025-07-09 12:54:00,ATM+1,CALL,379.85,383.25,379.85,382.5,1420,141260,8.935921,83900,83752.17
2025-07-09 12:54:00,ATM+1,PUT,450.05,450.1,446.05,446.85,900,80740,10.250263,83900,83752.17
2025-07-09 12:54:00,ATM+2,CALL,333.25,336.15,333.25,335,5140,335040,8.931887,84000,83752.17
2025-07-09 12:54:00,ATM+2,PUT,503.2,503.2,499.3,500,1880,133280,10.271448,84000,83752.17
2025-07-09 12:54:00,ATM+3,CALL,290.1,292.8,290.1,292.2,2000,88400,8.942611,84100,83752.17
2025-07-09 12:54:00,ATM+3,PUT,560.65,560.65,556.85,556.85,40,21780,10.296573,84100,83752.17
2025-07-09 12:54:00,ATM+4,CALL,251.8,253.75,251.6,253.5,1680,111600,8.9564,84200,83752.17
2025-07-09 12:54:00,ATM+4,PUT,621.25,621.3,617.8,617.8,100,13040,10.337181,84200,83752.17
2025-07-09 12:54:00,ATM+5,CALL,217.35,218.75,216.55,218.15,840,83080,8.957901,84300,83752.17
2025-07-09 12:54:00,ATM+5,PUT,686.9,687.05,683,683.15,160,7240,10.404405,84300,83752.17
2025-07-09 12:54:00,ATM+6,CALL,185.25,187.55,185.25,186.7,1600,101420,8.964188,84400,83752.17
2025-07-09 12:54:00,ATM+6,PUT,756,756,756,756,40,6040,10.583249,84400,83752.17
2025-07-09 12:54:00,ATM+7,CALL,157.55,159.75,157.5,158.65,1700,210340,8.967211,84500,83752.17
2025-07-09 12:54:00,ATM+7,PUT,823,823,823,823,200,39080,10.538289,84500,83752.17
2025-07-09 12:54:00,ATM+8,CALL,133.6,135,133.5,134.6,1180,76640,8.990548,84600,83752.17
2025-07-09 12:54:00,ATM+8,PUT,825,825,825,825,0,39200,10.381088,84600,83752.17
2025-07-09 12:54:00,ATM+9,CALL,112.35,113.9,112.35,113.7,1140,94160,9.018973,84700,83752.17
2025-07-09 12:54:00,ATM+9,PUT,976,976,976,976,0,1840,10.72619,84700,83752.17
2025-07-09 12:54:00,ATM+10,CALL,94.1,95.3,94,95,1080,170760,9.029142,84800,83752.17
2025-07-09 12:54:00,ATM+10,PUT,985.75,985.75,985.75,985.75,0,1820,10.668084,84800,83752.17
2025-07-09 12:55:00,ATM-10,CALL,1221.25,1221.25,1221.25,1221.25,20,2080,8.198784,82700,83746.39
2025-07-09 12:55:00,ATM-10,PUT,90.6,92.7,90.25,92.7,980,86980,10.780581,82700,83746.39
2025-07-09 12:55:00,ATM-9,CALL,1055,1055,1055,1055,0,2760,8.373826,82800,83746.39
2025-07-09 12:55:00,ATM-9,PUT,104,106.55,104,106.55,900,95920,10.682843,82800,83746.39
2025-07-09 12:55:00,ATM-8,CALL,1057.7,1057.7,1057.7,1057.7,20,2740,8.779647,82900,83746.39
2025-07-09 12:55:00,ATM-8,PUT,120,122.95,120,122.95,60,70540,10.609736,82900,83746.39
2025-07-09 12:55:00,ATM-7,CALL,962.2,962.2,962.2,962.2,40,39180,8.339674,83000,83746.39
2025-07-09 12:55:00,ATM-7,PUT,139.1,142.4,138.6,142,2760,234060,10.553673,83000,83746.39
2025-07-09 12:55:00,ATM-6,CALL,892.4,892.4,892.4,892.4,0,7440,8.889662,83100,83746.39
2025-07-09 12:55:00,ATM-6,PUT,160.2,163.35,159.75,163.3,740,76800,10.494087,83100,83746.39
2025-07-09 12:55:00,ATM-5,CALL,816,816,810,810,220,11760,8.613279,83200,83746.39
2025-07-09 12:55:00,ATM-5,PUT,184.7,188.05,183.65,187.7,1180,104900,10.450077,83200,83746.39
2025-07-09 12:55:00,ATM-4,CALL,737.9,738.05,737,738.05,120,41240,8.698941,83300,83746.39
2025-07-09 12:55:00,ATM-4,PUT,211.2,215.1,210.8,215.1,2760,264600,10.411779,83300,83746.39
2025-07-09 12:55:00,ATM-3,CALL,675,675,666.25,666.25,200,49500,8.684564,83400,83746.39
2025-07-09 12:55:00,ATM-3,PUT,241.45,245.5,240.95,245.05,340,125840,10.362643,83400,83746.39
2025-07-09 12:55:00,ATM-2,CALL,610,610.35,601,601.45,4420,319960,8.754299,83500,83746.39
2025-07-09 12:55:00,ATM-2,PUT,274.75,280,274.45,279.2,6980,482280,10.340586,83500,83746.39
2025-07-09 12:55:00,ATM-1,CALL,547.65,547.65,538.1,539.4,4440,241300,8.790666,83600,83746.39
2025-07-09 12:55:00,ATM-1,PUT,311.85,316.75,311.05,316.4,5380,412200,10.312324,83600,83746.39
2025-07-09 12:55:00,ATM,CALL,489.45,489.6,480,481.1,10820,291900,8.81867,83700,83746.39
2025-07-09 12:55:00,ATM,PUT,352.7,359.2,352.35,357.65,6300,314940,10.299237,83700,83746.39
2025-07-09 12:55:00,ATM+1,CALL,433.6,434.4,425.9,426.45,8600,258080,8.835209,83800,83746.39
2025-07-09 12:55:00,ATM+1,PUT,397.3,404.8,397.3,403.65,7900,227200,10.315029,83800,83746.39
2025-07-09 12:55:00,ATM+2,CALL,383.2,383.2,375.7,375.8,4840,141260,8.848183,83900,83746.39
2025-07-09 12:55:00,ATM+2,PUT,448.1,454.9,446.35,454.9,1140,80740,10.369907,83900,83746.39
2025-07-09 12:55:00,ATM+3,CALL,335.35,335.85,329.1,330.15,9500,335040,8.881137,84000,83746.39
2025-07-09 12:55:00,ATM+3,PUT,499.8,506.8,499.8,506.1,2980,133280,10.341495,84000,83746.39
2025-07-09 12:55:00,ATM+4,CALL,292.5,292.5,286.15,287.25,1920,88400,8.883076,84100,83746.39
2025-07-09 12:55:00,ATM+4,PUT,564,564,564,564,40,21780,10.387388,84100,83746.39
2025-07-09 12:55:00,ATM+5,CALL,253,254.1,247.8,249,5480,111600,8.900602,84200,83746.39
2025-07-09 12:55:00,ATM+5,PUT,683.15,683.15,683.15,683.15,0,7240,10.404405,84200,83746.39
2025-07-09 12:55:00,ATM+6,CALL,218.55,218.6,213.6,214.5,1980,83080,8.915822,84300,83746.39
2025-07-09 12:55:00,ATM+6,PUT,756,756,756,756,0,6040,10.583249,84300,83746.39
2025-07-09 12:55:00,ATM+7,CALL,187,187,182.45,183.15,1020,101420,8.917056,84400,83746.39
2025-07-09 12:55:00,ATM+7,PUT,753.6,753.6,753.6,753.6,20,6040,10.423723,84400,83746.39
2025-07-09 12:55:00,ATM+8,CALL,159.15,159.15,155.05,155.75,5120,210340,8.929854,84500,83746.39
2025-07-09 12:55:00,ATM+8,PUT,828,828,828,828,20,39080,10.563915,84500,83746.39
2025-07-09 12:55:00,ATM+9,CALL,134.6,134.8,131.2,131.5,2220,76640,8.938953,84600,83746.39
2025-07-09 12:55:00,ATM+9,PUT,976,976,976,976,0,1840,10.72619,84600,83746.39
2025-07-09 12:55:00,ATM+10,CALL,113.3,113.3,110.5,110.85,1080,94160,8.965807,84700,83746.39
2025-07-09 12:55:00,ATM+10,PUT,985.75,985.75,985.75,985.75,0,1820,10.668084,84700,83746.39
2025-07-09 12:56:00,ATM-10,CALL,1221.25,1221.25,1221.25,1221.25,0,2080,8.198784,82700,83727.97
2025-07-09 12:56:00,ATM-10,PUT,92.7,92.7,91.65,91.8,1200,86980,10.635873,82700,83727.97
2025-07-09 12:56:00,ATM-9,CALL,1055,1055,1055,1055,0,2760,8.373826,82800,83727.97
2025-07-09 12:56:00,ATM-9,PUT,106.55,106.55,105.4,105.75,740,95920,10.539735,82800,83727.97
2025-07-09 12:56:00,ATM-8,CALL,1057.7,1057.7,1057.7,1057.7,0,2740,8.779647,82900,83727.97
2025-07-09 12:56:00,ATM-8,PUT,122.7,122.7,122.05,122.05,440,70540,10.460114,82900,83727.97
2025-07-09 12:56:00,ATM-7,CALL,965,965,965,965,100,39180,8.992665,83000,83727.97
2025-07-09 12:56:00,ATM-7,PUT,142,142,140.4,140.4,2560,234060,10.378292,83000,83727.97
2025-07-09 12:56:00,ATM-6,CALL,889.75,890.3,889.75,890.3,60,7440,9.151593,83100,83727.97
2025-07-09 12:56:00,ATM-6,PUT,162.35,162.85,161.25,161.25,840,76800,10.302142,83100,83727.97
2025-07-09 12:56:00,ATM-5,CALL,810,810,810,810,0,11760,8.613279,83200,83727.97
2025-07-09 12:56:00,ATM-5,PUT,187.55,187.55,185.3,185.3,1220,104900,10.244653,83200,83727.97
2025-07-09 12:56:00,ATM-4,CALL,738.05,738.05,738.05,738.05,0,41240,8.698941,83300,83727.97
2025-07-09 12:56:00,ATM-4,PUT,214.8,214.8,212.65,212.9,1320,264600,10.207106,83300,83727.97
2025-07-09 12:56:00,ATM-3,CALL,668.55,673.65,668.55,672.2,640,49500,9.175457,83400,83727.97
2025-07-09 12:56:00,ATM-3,PUT,244.7,245.2,242.8,243,680,125840,10.155619,83400,83727.97
2025-07-09 12:56:00,ATM-2,CALL,602.95,608.1,602.8,607.45,1380,319960,9.206125,83500,83727.97
2025-07-09 12:56:00,ATM-2,PUT,278.35,279.15,276.2,277.05,2860,482280,10.123288,83500,83727.97
2025-07-09 12:56:00,ATM-1,CALL,540.3,544.85,540.15,543.9,1800,241300,9.173337,83600,83727.97
2025-07-09 12:56:00,ATM-1,PUT,316.6,317.1,314,314,5200,412200,10.079817,83600,83727.97
2025-07-09 12:56:00,ATM,CALL,482.45,488,482,485.85,5780,291900,9.18052,83700,83727.97
2025-07-09 12:56:00,ATM,PUT,357.65,358.65,355,355,7500,314940,10.050056,83700,83727.97
2025-07-09 12:56:00,ATM+1,CALL,428.25,433.35,426.9,431.7,6940,258080,9.186275,83800,83727.97
2025-07-09 12:56:00,ATM+1,PUT,403.1,404.1,400.25,401.15,3980,227200,10.056702,83800,83727.97
2025-07-09 12:56:00,ATM+2,CALL,376.2,381.05,376.2,380.95,1000,141260,9.178316,83900,83727.97
2025-07-09 12:56:00,ATM+2,PUT,453.7,454.1,450,450.15,780,80740,10.044853,83900,83727.97
2025-07-09 12:56:00,ATM+3,CALL,330.55,334.45,330.55,333.25,4880,335040,9.148331,84000,83727.97
2025-07-09 12:56:00,ATM+3,PUT,507,507,503.3,503.3,360,133280,10.044634,84000,83727.97
2025-07-09 12:56:00,ATM+4,CALL,289.05,291.85,288.55,290.85,620,88400,9.149274,84100,83727.97
2025-07-09 12:56:00,ATM+4,PUT,563.5,563.5,559.35,559.35,580,21780,10.027452,84100,83727.97
2025-07-09 12:56:00,ATM+5,CALL,249.9,252.35,249.9,251.85,620,111600,9.138398,84200,83727.97
2025-07-09 12:56:00,ATM+5,PUT,622.75,622.75,619.65,619.65,40,13040,10.026253,84200,83727.97
2025-07-09 12:56:00,ATM+6,CALL,214.3,217.05,214.3,216.8,1660,83080,9.131242,84300,83727.97
2025-07-09 12:56:00,ATM+6,PUT,756,756,756,756,0,6040,10.583249,84300,83727.97
2025-07-09 12:56:00,ATM+7,CALL,183.9,186,183.9,185.55,460,101420,9.128036,84400,83727.97
2025-07-09 12:56:00,ATM+7,PUT,759.05,759.05,759.05,759.05,20,6040,10.243825,84400,83727.97
2025-07-09 12:56:00,ATM+8,CALL,156.85,158.4,156.75,157.75,1840,210340,9.124468,84500,83727.97
2025-07-09 12:56:00,ATM+8,PUT,828,828,828,828,300,39080,10.214991,84500,83727.97
2025-07-09 12:56:00,ATM+9,CALL,131.85,133.85,131.85,133.5,1580,76640,9.129525,84600,83727.97
2025-07-09 12:56:00,ATM+9,PUT,976,976,976,976,0,1840,10.72619,84600,83727.97
2025-07-09 12:56:00,ATM+10,CALL,111.95,113,111.75,112.45,300,94160,9.141021,84700,83727.97
2025-07-09 12:56:00,ATM+10,PUT,985.75,985.75,985.75,985.75,0,1820,10.668084,84700,83727.97
2025-07-09 12:57:00,ATM-10,CALL,1221.25,1221.25,1221.25,1221.25,0,2080,8.198784,82700,83730.6
2025-07-09 12:57:00,ATM-10,PUT,91.55,93.55,91.55,93.55,1860,87340,10.720505,82700,83730.6
2025-07-09 12:57:00,ATM-9,CALL,1055,1055,1055,1055,0,2760,8.373826,82800,83730.6
2025-07-09 12:57:00,ATM-9,PUT,106,107.15,106,107,740,95920,10.601862,82800,83730.6
2025-07-09 12:57:00,ATM-8,CALL,1045.5,1045.5,1045.5,1045.5,20,2740,8.830031,82900,83730.6
2025-07-09 12:57:00,ATM-8,PUT,121.6,124.2,121.6,123.85,1740,70440,10.538206,82900,83730.6
2025-07-09 12:57:00,ATM-7,CALL,965.35,965.35,964.4,964.4,60,39200,8.897616,83000,83730.6
2025-07-09 12:57:00,ATM-7,PUT,140.1,142.9,140.1,142.5,2800,233340,10.46262,83000,83730.6
2025-07-09 12:57:00,ATM-6,CALL,890.1,890.1,886.2,886.2,40,7500,8.957026,83100,83730.6
2025-07-09 12:57:00,ATM-6,PUT,161.25,164.45,161.25,164.25,1160,76760,10.409882,83100,83730.6
2025-07-09 12:57:00,ATM-5,CALL,810,810,810,810,0,11760,8.613279,83200,83730.6
2025-07-09 12:57:00,ATM-5,PUT,186.35,188.7,186.15,188.05,940,106960,10.341599,83200,83730.6
2025-07-09 12:57:00,ATM-4,CALL,740.9,740.9,735.4,737.85,400,41260,9.015949,83300,83730.6
2025-07-09 12:57:00,ATM-4,PUT,213,216.65,213,216.3,1500,265080,10.318655,83300,83730.6
2025-07-09 12:57:00,ATM-3,CALL,674,674,667.4,667.4,180,49460,9.00449,83400,83730.6
2025-07-09 12:57:00,ATM-3,PUT,243,247,243,246.95,1460,125940,10.278655,83400,83730.6
2025-07-09 12:57:00,ATM-2,CALL,606.6,607.3,600.1,602.5,2320,320240,9.041347,83500,83730.6
2025-07-09 12:57:00,ATM-2,PUT,276.5,281,276.5,280,8700,481780,10.219746,83500,83730.6
2025-07-09 12:57:00,ATM-1,CALL,543.1,543.1,537.25,539.55,4300,242180,9.030795,83600,83730.6
2025-07-09 12:57:00,ATM-1,PUT,314.55,318.9,313.9,317.55,5800,412500,10.190222,83600,83730.6
2025-07-09 12:57:00,ATM,CALL,485.75,486.75,480,482.4,9020,295060,9.064864,83700,83730.6
2025-07-09 12:57:00,ATM,PUT,355,360.6,354,359.65,11300,314560,10.186385,83700,83730.6
2025-07-09 12:57:00,ATM+1,CALL,431.55,433,426,429,6820,258920,9.091942,83800,83730.6
2025-07-09 12:57:00,ATM+1,PUT,400,406.2,400,406.2,8920,225000,10.203082,83800,83730.6
2025-07-09 12:57:00,ATM+2,CALL,381,381.75,375,377,4380,141380,9.057722,83900,83730.6
2025-07-09 12:57:00,ATM+2,PUT,450.15,455.55,450.05,455.15,1940,81340,10.191949,83900,83730.6
2025-07-09 12:57:00,ATM+3,CALL,334.35,334.4,328.7,330.4,3760,334880,9.054925,84000,83730.6
2025-07-09 12:57:00,ATM+3,PUT,504.05,509,504.05,509,1560,133500,10.211128,84000,83730.6
2025-07-09 12:57:00,ATM+4,CALL,290.85,291.15,287,288.2,1040,89460,9.061389,84100,83730.6
2025-07-09 12:57:00,ATM+4,PUT,563.1,563.8,563.1,563.8,140,21840,10.169045,84100,83730.6
2025-07-09 12:57:00,ATM+5,CALL,252.5,252.5,249,249,620,112340,9.045585,84200,83730.6
2025-07-09 12:57:00,ATM+5,PUT,619.65,619.65,619.65,619.65,0,13040,10.026253,84200,83730.6
2025-07-09 12:57:00,ATM+6,CALL,215.85,215.85,213.75,215,1800,84300,9.063927,84300,83730.6
2025-07-09 12:57:00,ATM+6,PUT,693,693,693,693,40,7280,10.306336,84300,83730.6
2025-07-09 12:57:00,ATM+7,CALL,186.4,186.4,182.9,182.9,440,102380,9.037194,84400,83730.6
2025-07-09 12:57:00,ATM+7,PUT,759,759,759,759,20,6100,10.289034,84400,83730.6
2025-07-09 12:57:00,ATM+8,CALL,158.05,158.05,155.75,156.5,12840,211260,9.070191,84500,83730.6
2025-07-09 12:57:00,ATM+8,PUT,828,828,828,828,0,39080,10.214991,84500,83730.6
2025-07-09 12:57:00,ATM+9,CALL,133.7,133.7,131.7,132.4,520,76640,9.078424,84600,83730.6
2025-07-09 12:57:00,ATM+9,PUT,976,976,976,976,0,1840,10.72619,84600,83730.6
2025-07-09 12:57:00,ATM+10,CALL,112.75,112.95,110.75,111.7,2800,94020,9.099693,84700,83730.6
2025-07-09 12:57:00,ATM+10,PUT,985.75,985.75,985.75,985.75,0,1820,10.668084,84700,83730.6
2025-07-09 12:58:00,ATM-10,CALL,1221.25,1221.25,1221.25,1221.25,0,2080,8.198784,82700,83738.58
2025-07-09 12:58:00,ATM-10,PUT,93.15,93.65,92.65,93.45,1420,87340,10.764874,82700,83738.58
2025-07-09 12:58:00,ATM-9,CALL,1130,1130,1130,1130,20,2940,8.467394,82800,83738.58
2025-07-09 12:58:00,ATM-9,PUT,107.45,107.75,106.9,107.25,3520,95920,10.661157,82800,83738.58
2025-07-09 12:58:00,ATM-8,CALL,1045.5,1045.5,1045.5,1045.5,0,2740,8.830031,82900,83738.58
2025-07-09 12:58:00,ATM-8,PUT,123.75,124.05,122.85,123.85,980,70440,10.590736,82900,83738.58
2025-07-09 12:58:00,ATM-7,CALL,964.4,964.4,964.4,964.4,140,39200,8.664423,83000,83738.58
2025-07-09 12:58:00,ATM-7,PUT,143,143.1,141.9,142.7,4820,233340,10.523904,83000,83738.58
2025-07-09 12:58:00,ATM-6,CALL,886.2,886.2,886.2,886.2,0,7500,8.957026,83100,83738.58
2025-07-09 12:58:00,ATM-6,PUT,164.2,164.45,163,163.85,780,76760,10.45586,83100,83738.58
2025-07-09 12:58:00,ATM-5,CALL,810,810,810,810,0,11760,8.613279,83200,83738.58
2025-07-09 12:58:00,ATM-5,PUT,188.25,189.1,186.75,189.1,2720,106960,10.43165,83200,83738.58
2025-07-09 12:58:00,ATM-4,CALL,738.8,740.9,738.8,740.9,40,41260,8.941053,83300,83738.58
2025-07-09 12:58:00,ATM-4,PUT,216.15,216.2,214.9,216.15,780,265080,10.378877,83300,83738.58
2025-07-09 12:58:00,ATM-3,CALL,670.65,671.15,670.3,671.15,100,49460,8.959454,83400,83738.58
2025-07-09 12:58:00,ATM-3,PUT,246.4,246.5,245,246.05,720,125940,10.323691,83400,83738.58
2025-07-09 12:58:00,ATM-2,CALL,603.85,606.8,602.1,603,1620,320240,8.924564,83500,83738.58
2025-07-09 12:58:00,ATM-2,PUT,280.45,280.55,278.6,280.25,2800,481780,10.297923,83500,83738.58
2025-07-09 12:58:00,ATM-1,CALL,540.9,543.1,539.2,541.45,2360,242180,8.959312,83600,83738.58
2025-07-09 12:58:00,ATM-1,PUT,317.95,318.65,315,317.55,2520,412500,10.266867,83600,83738.58
2025-07-09 12:58:00,ATM,CALL,482.4,485.05,482.4,482.8,2180,295060,8.967302,83700,83738.58
2025-07-09 12:58:00,ATM,PUT,359.7,360,356.2,359.1,4720,314560,10.25528,83700,83738.58
2025-07-09 12:58:00,ATM+1,CALL,429,430.3,427.55,427.55,4100,258920,8.96024,83800,83738.58
2025-07-09 12:58:00,ATM+1,PUT,404.75,406,402,405.85,6100,225000,10.282508,83800,83738.58
2025-07-09 12:58:00,ATM+2,CALL,377.6,379.4,376.8,376.85,1440,141380,8.964046,83900,83738.58
2025-07-09 12:58:00,ATM+2,PUT,455.55,455.55,451.85,453.35,840,81340,10.244225,83900,83738.58
2025-07-09 12:58:00,ATM+3,CALL,331.35,332.5,330.45,331.2,2940,334880,8.990254,84000,83738.58
2025-07-09 12:58:00,ATM+3,PUT,507.6,507.85,505,507.85,520,133500,10.285443,84000,83738.58
2025-07-09 12:58:00,ATM+4,CALL,288,290.1,288,288.85,700,89460,8.999558,84100,83738.58
2025-07-09 12:58:00,ATM+4,PUT,563.8,563.8,563.7,563.7,260,21840,10.275836,84100,83738.58
2025-07-09 12:58:00,ATM+5,CALL,250.5,251.6,249.4,249.55,2960,112340,8.987169,84200,83738.58
2025-07-09 12:58:00,ATM+5,PUT,625,626.45,625,626.2,160,13000,10.342026,84200,83738.58
2025-07-09 12:58:00,ATM+6,CALL,215.25,216.75,215.15,215.8,580,84300,9.017122,84300,83738.58
2025-07-09 12:58:00,ATM+6,PUT,693,693,693,693,0,7280,10.306336,84300,83738.58
2025-07-09 12:58:00,ATM+7,CALL,184.3,185,184.05,184.1,320,102380,9.006396,84400,83738.58
2025-07-09 12:58:00,ATM+7,PUT,760.15,760.15,759.4,759.4,40,6100,10.438537,84400,83738.58
2025-07-09 12:58:00,ATM+8,CALL,156.9,157.5,156.45,156.8,6140,211260,9.019707,84500,83738.58
2025-07-09 12:58:00,ATM+8,PUT,829.2,829.2,829.2,829.2,200,39200,10.4504,84500,83738.58
2025-07-09 12:58:00,ATM+9,CALL,132.95,133.5,132.6,132.6,1020,76640,9.028968,84600,83738.58
2025-07-09 12:58:00,ATM+9,PUT,976,976,976,976,0,1840,10.72619,84600,83738.58
2025-07-09 12:58:00,ATM+10,CALL,112,112.25,111.3,111.3,680,94020,9.034248,84700,83738.58
2025-07-09 12:58:00,ATM+10,PUT,985.75,985.75,985.75,985.75,0,1820,10.668084,84700,83738.58
2025-07-09 12:59:00,ATM-10,CALL,1221.25,1221.25,1221.25,1221.25,0,2080,8.198784,82700,83728.48
2025-07-09 12:59:00,ATM-10,PUT,93.45,93.6,93.45,93.6,1360,87340,10.710779,82700,83728.48
2025-07-09 12:59:00,ATM-9,CALL,1130,1130,1130,1130,0,2940,8.467394,82800,83728.48
2025-07-09 12:59:00,ATM-9,PUT,107.65,108.1,107.4,107.8,11520,95920,10.618499,82800,83728.48
2025-07-09 12:59:00,ATM-8,CALL,1045.5,1045.5,1045.5,1045.5,0,2740,8.830031,82900,83728.48
2025-07-09 12:59:00,ATM-8,PUT,123.95,124.2,123.2,123.9,700,70440,10.527031,82900,83728.48
2025-07-09 12:59:00,ATM-7,CALL,964.15,964.15,964.15,964.15,20,39200,8.951473,83000,83728.48
2025-07-09 12:59:00,ATM-7,PUT,143.1,143.1,142,142.8,3380,233340,10.45848,83000,83728.48
2025-07-09 12:59:00,ATM-6,CALL,886.2,886.2,886.2,886.2,0,7500,8.957026,83100,83728.48
2025-07-09 12:59:00,ATM-6,PUT,164.5,164.5,163.1,164.1,420,76760,10.391182,83100,83728.48
2025-07-09 12:59:00,ATM-5,CALL,814.35,814.35,814.35,814.35,20,11760,9.15334,83200,83728.48
2025-07-09 12:59:00,ATM-5,PUT,188.2,188.85,187.8,188.1,720,106960,10.327874,83200,83728.48
2025-07-09 12:59:00,ATM-4,CALL,740.8,740.8,738.3,738.3,100,41260,9.072115,83300,83728.48
2025-07-09 12:59:00,ATM-4,PUT,215.9,216.35,214.35,215.4,2240,265080,10.278785,83300,83728.48
2025-07-09 12:59:00,ATM-3,CALL,670.7,670.7,670.7,670.7,20,49460,9.129859,83400,83728.48
2025-07-09 12:59:00,ATM-3,PUT,246.55,247,244.35,245.95,1460,125940,10.236205,83400,83728.48
2025-07-09 12:59:00,ATM-2,CALL,603,605.9,601.65,602.6,4280,320240,9.079652,83500,83728.48
2025-07-09 12:59:00,ATM-2,PUT,280.65,280.85,278.25,280.1,7060,481780,10.204009,83500,83728.48
2025-07-09 12:59:00,ATM-1,CALL,542.5,542.5,539.7,539.7,1840,242180,9.067074,83600,83728.48
2025-07-09 12:59:00,ATM-1,PUT,317.7,317.85,315.9,316.8,1820,412500,10.152857,83600,83728.48
2025-07-09 12:59:00,ATM,CALL,483.05,485,481.85,483.5,4060,295060,9.120643,83700,83728.48
2025-07-09 12:59:00,ATM,PUT,359.65,360,356.5,358.95,3440,314560,10.149116,83700,83728.48
2025-07-09 12:59:00,ATM+1,CALL,429.45,431,427.1,427.1,3680,258920,9.075367,83800,83728.48
2025-07-09 12:59:00,ATM+1,PUT,403.5,405.9,402.45,405,2040,225000,10.152815,83800,83728.48
2025-07-09 12:59:00,ATM+2,CALL,377.9,379.6,376.6,377.45,1420,141380,9.093588,83900,83728.48
2025-07-09 12:59:00,ATM+2,PUT,455.2,456.05,451.25,453.3,500,81340,10.124944,83900,83728.48
2025-07-09 12:59:00,ATM+3,CALL,331.7,332.85,330.35,330.5,6220,334880,9.080865,84000,83728.48
2025-07-09 12:59:00,ATM+3,PUT,507.2,507.75,505.8,505.8,2520,133500,10.110461,84000,83728.48
2025-07-09 12:59:00,ATM+4,CALL,288.8,290.25,288.5,288.5,320,89460,9.0905,84100,83728.48
2025-07-09 12:59:00,ATM+4,PUT,565.25,565.25,564.35,564.35,80,21840,10.1537,84100,83728.48
2025-07-09 12:59:00,ATM+5,CALL,251.6,251.95,250,250,1080,112340,9.090558,84200,83728.48
2025-07-09 12:59:00,ATM+5,PUT,624.15,625,624.15,624.9,540,13000,10.161806,84200,83728.48
2025-07-09 12:59:00,ATM+6,CALL,215.25,216.9,213.9,213.9,1840,84300,9.055232,84300,83728.48
2025-07-09 12:59:00,ATM+6,PUT,691.25,691.25,691,691,100,7280,10.223104,84300,83728.48
2025-07-09 12:59:00,ATM+7,CALL,185.05,185.05,182.85,182.85,740,102380,9.053941,84400,83728.48
2025-07-09 12:59:00,ATM+7,PUT,761.15,761.15,759,759,60,6100,10.252405,84400,83728.48
2025-07-09 12:59:00,ATM+8,CALL,157.85,157.85,155.8,155.8,7960,211260,9.067464,84500,83728.48
2025-07-09 12:59:00,ATM+8,PUT,829.5,832.7,829.5,832.7,140,39200,10.352697,84500,83728.48
2025-07-09 12:59:00,ATM+9,CALL,132.8,133.5,132.05,132.15,960,76640,9.087,84600,83728.48
2025-07-09 12:59:00,ATM+9,PUT,976,976,976,976,0,1840,10.72619,84600,83728.48
2025-07-09 12:59:00,ATM+10,CALL,112.3,112.4,111,111,720,94020,9.092108,84700,83728.48
2025-07-09 12:59:00,ATM+10,PUT,985.75,985.75,985.75,985.75,20,1820,10.490883,84700,83728.48
2025-07-09 13:00:00,ATM-10,CALL,1213.9,1213.9,1206.05,1206.05,40,1980,8.436308,82700,83724.99
2025-07-09 13:00:00,ATM-10,PUT,93.75,95.4,93.75,94.65,2640,89600,10.731141,82700,83724.99
2025-07-09 13:00:00,ATM-9,CALL,1130,1130,1130,1130,0,2940,8.467394,82800,83724.99
2025-07-09 13:00:00,ATM-9,PUT,107.95,109.8,107.95,109.05,7300,99020,10.642098,82800,83724.99
2025-07-09 13:00:00,ATM-8,CALL,1041.45,1041.45,1037.75,1037.75,40,2780,8.71554,82900,83724.99
2025-07-09 13:00:00,ATM-8,PUT,124.2,126.1,124.2,125.95,1640,69500,10.573191,82900,83724.99
2025-07-09 13:00:00,ATM-7,CALL,966.45,966.45,956.75,956.75,160,39140,8.793164,83000,83724.99
2025-07-09 13:00:00,ATM-7,PUT,142.5,145.5,142.5,145.05,9380,231360,10.50527,83000,83724.99
2025-07-09 13:00:00,ATM-6,CALL,882.1,882.1,882.1,882.1,20,7500,8.969946,83100,83724.99
2025-07-09 13:00:00,ATM-6,PUT,163.95,166.6,163.7,166.2,2380,76460,10.428163,83100,83724.99
2025-07-09 13:00:00,ATM-5,CALL,808.05,811.55,804.25,804.25,160,11780,8.935116,83200,83724.99
2025-07-09 13:00:00,ATM-5,PUT,188.9,192.15,188.9,190.65,4340,106960,10.372671,83200,83724.99
2025-07-09 13:00:00,ATM-4,CALL,736.95,736.95,730.75,731.55,520,41260,8.956519,83300,83724.99
2025-07-09 13:00:00,ATM-4,PUT,216.1,219.3,216.1,218.45,4900,265760,10.331918,83300,83724.99
2025-07-09 13:00:00,ATM-3,CALL,664,664,662,662,240,49300,8.966568,83400,83724.99
2025-07-09 13:00:00,ATM-3,PUT,246.15,250,246.1,249.4,3980,125940,10.294529,83400,83724.99
2025-07-09 13:00:00,ATM-2,CALL,601.85,603,596.8,599.2,6300,320240,9.052091,83500,83724.99
2025-07-09 13:00:00,ATM-2,PUT,281,284.7,280.5,283.55,10140,484500,10.257554,83500,83724.99
2025-07-09 13:00:00,ATM-1,CALL,540.55,540.55,534.45,537.9,8460,243360,9.075677,83600,83724.99
2025-07-09 13:00:00,ATM-1,PUT,316.3,322.3,316.3,320.5,9300,412500,10.208143,83600,83724.99
2025-07-09 13:00:00,ATM,CALL,482,482.65,477,479.05,15800,301860,9.06349,83700,83724.99
2025-07-09 13:00:00,ATM,PUT,359.1,364.2,359.1,362.45,14640,312960,10.195802,83700,83724.99
2025-07-09 13:00:00,ATM+1,CALL,426.65,428.95,423.65,425.25,11960,262120,9.076024,83800,83724.99
2025-07-09 13:00:00,ATM+1,PUT,404.25,410.85,404.25,408.75,15840,225160,10.201907,83800,83724.99
2025-07-09 13:00:00,ATM+2,CALL,377.05,377.35,373.85,375.65,6340,138860,9.092117,83900,83724.99
2025-07-09 13:00:00,ATM+2,PUT,454.35,460,454.35,459.2,6020,82100,10.220791,83900,83724.99
2025-07-09 13:00:00,ATM+3,CALL,329.55,330.7,327.2,328.6,12740,332280,9.073739,84000,83724.99
2025-07-09 13:00:00,ATM+3,PUT,508,513.6,507.8,511.95,3960,131660,10.20978,84000,83724.99
2025-07-09 13:00:00,ATM+4,CALL,287.4,288,285.2,287.15,3400,89860,9.093009,84100,83724.99
2025-07-09 13:00:00,ATM+4,PUT,568,570.6,567.45,570,660,21180,10.239694,84100,83724.99
2025-07-09 13:00:00,ATM+5,CALL,249.15,250.2,247.05,247.95,7840,114300,9.072668,84200,83724.99
2025-07-09 13:00:00,ATM+5,PUT,629,633.1,629,630.4,580,12860,10.24316,84200,83724.99
2025-07-09 13:00:00,ATM+6,CALL,214.05,215.1,212.6,213.75,2600,83200,9.081564,84300,83724.99
2025-07-09 13:00:00,ATM+6,PUT,693,693,693,693,40,7280,10.216806,84300,83724.99
2025-07-09 13:00:00,ATM+7,CALL,183.05,184,182.1,182.45,1340,102380,9.071526,84400,83724.99
2025-07-09 13:00:00,ATM+7,PUT,759,759,759,759,0,6100,10.252405,84400,83724.99
2025-07-09 13:00:00,ATM+8,CALL,155.8,156.65,155,155.45,5000,210320,9.084155,84500,83724.99
2025-07-09 13:00:00,ATM+8,PUT,835.6,840,835.6,838.85,400,39260,10.452029,84500,83724.99
2025-07-09 13:00:00,ATM+9,CALL,131.9,132.3,130.9,131.45,1140,76000,9.090879,84600,83724.99
2025-07-09 13:00:00,ATM+9,PUT,914.45,914.45,914.45,914.45,20,1700,10.533427,84600,83724.99
2025-07-09 13:00:00,ATM+10,CALL,111,111.55,110.25,111.05,2400,94120,9.117498,84700,83724.99
2025-07-09 13:00:00,ATM+10,PUT,985.75,985.75,985.75,985.75,0,1820,10.490883,84700,83724.99
2025-07-09 13:01:00,ATM-10,CALL,1206.05,1206.05,1206.05,1206.05,0,1980,8.436308,82700,83732.1
2025-07-09 13:01:00,ATM-10,PUT,94.95,96.6,94.35,96.6,5480,89600,10.849811,82700,83732.1
2025-07-09 13:01:00,ATM-9,CALL,1130,1130,1130,1130,0,2940,8.467394,82800,83732.1
2025-07-09 13:01:00,ATM-9,PUT,110,110.75,108.35,110.75,2980,99020,10.74808,82800,83732.1
2025-07-09 13:01:00,ATM-8,CALL,1040.15,1040.15,1040.15,1040.15,20,2780,8.570382,82900,83732.1
2025-07-09 13:01:00,ATM-8,PUT,126.7,127.7,124.9,127.7,4200,69500,10.678579,82900,83732.1
2025-07-09 13:01:00,ATM-7,CALL,956.75,956.75,956.75,956.75,0,39140,8.793164,83000,83732.1
2025-07-09 13:01:00,ATM-7,PUT,144.5,147,144,147,10680,231360,10.61532,83000,83732.1
2025-07-09 13:01:00,ATM-6,CALL,884.75,884.75,884.75,884.75,240,7500,8.876155,83100,83732.1
2025-07-09 13:01:00,ATM-6,PUT,165.85,168.45,165.75,168.45,4180,76460,10.545855,83100,83732.1
2025-07-09 13:01:00,ATM-5,CALL,809.1,809.1,809.1,809.1,220,11780,8.92008,83200,83732.1
2025-07-09 13:01:00,ATM-5,PUT,191.8,193.5,190,193.5,3180,106960,10.506175,83200,83732.1
2025-07-09 13:01:00,ATM-4,CALL,730,737.75,729.85,737.75,760,41260,8.986542,83300,83732.1
2025-07-09 13:01:00,ATM-4,PUT,218.65,221,217.65,221,5780,265760,10.456788,83300,83732.1
2025-07-09 13:01:00,ATM-3,CALL,661.55,668.35,661.55,665.75,760,49300,8.937581,83400,83732.1
2025-07-09 13:01:00,ATM-3,PUT,249.6,251.65,247.45,250.95,4220,125940,10.39467,83400,83732.1
2025-07-09 13:01:00,ATM-2,CALL,598.75,602.5,594.4,600,5420,320240,8.957689,83500,83732.1
2025-07-09 13:01:00,ATM-2,PUT,283.6,286,281.7,285.6,11600,484500,10.372351,83500,83732.1
2025-07-09 13:01:00,ATM-1,CALL,535.15,539.95,532.4,538.75,4820,243360,8.992376,83600,83732.1
2025-07-09 13:01:00,ATM-1,PUT,321.75,323.75,319.35,323.55,6920,412500,10.349634,83600,83732.1
2025-07-09 13:01:00,ATM,CALL,479.05,482.6,475.6,479.75,9960,301860,8.985223,83700,83732.1
2025-07-09 13:01:00,ATM,PUT,363,366.35,361.3,366.35,16720,312960,10.360511,83700,83732.1
2025-07-09 13:01:00,ATM+1,CALL,426,428.25,422.9,426.15,8920,262120,9.010096,83800,83732.1
2025-07-09 13:01:00,ATM+1,PUT,409.1,412.55,406.7,412,15640,225160,10.355732,83800,83732.1
2025-07-09 13:01:00,ATM+2,CALL,375.6,377.9,372.1,375.45,4380,138860,9.007562,83900,83732.1
2025-07-09 13:01:00,ATM+2,PUT,458,462,458,461.9,6120,82100,10.367433,83900,83732.1
2025-07-09 13:01:00,ATM+3,CALL,328.6,331.1,326.75,330.5,11040,332280,9.044223,84000,83732.1
2025-07-09 13:01:00,ATM+3,PUT,511.95,516,511.95,516,4420,131660,10.394612,84000,83732.1
2025-07-09 13:01:00,ATM+4,CALL,285.1,288.95,284,288.2,8160,89860,9.049445,84100,83732.1
2025-07-09 13:01:00,ATM+4,PUT,570.35,572.7,569.4,572.7,680,21180,10.401076,84100,83732.1
2025-07-09 13:01:00,ATM+5,CALL,247.25,250.5,246.6,250.05,4500,114300,9.060257,84200,83732.1
2025-07-09 13:01:00,ATM+5,PUT,635,635,629.1,634,860,12860,10.435636,84200,83732.1
2025-07-09 13:01:00,ATM+6,CALL,213.25,215.75,212,214.65,4660,83200,9.044928,84300,83732.1
2025-07-09 13:01:00,ATM+6,PUT,696.8,699,696.8,699,460,7280,10.480538,84300,83732.1
2025-07-09 13:01:00,ATM+7,CALL,183.25,184.5,181.15,184.4,3900,102380,9.067823,84400,83732.1
2025-07-09 13:01:00,ATM+7,PUT,767.05,767.05,767.05,767.05,20,6180,10.523555,84400,83732.1
2025-07-09 13:01:00,ATM+8,CALL,155.45,157.4,154,156.75,8680,210320,9.068598,84500,83732.1
2025-07-09 13:01:00,ATM+8,PUT,836.7,839.5,836.7,839.5,380,39260,10.604664,84500,83732.1
2025-07-09 13:01:00,ATM+9,CALL,131.3,133.7,130.8,132.75,2840,76000,9.080972,84600,83732.1
2025-07-09 13:01:00,ATM+9,PUT,914.45,914.45,914.45,914.45,0,1700,10.533427,84600,83732.1
2025-07-09 13:01:00,ATM+10,CALL,110.65,112.8,109.5,112,4940,94120,9.102014,84700,83732.1
2025-07-09 13:01:00,ATM+10,PUT,985.75,985.75,985.75,985.75,0,1820,10.490883,84700,83732.1
2025-07-09 13:02:00,ATM-10,CALL,1206.05,1206.05,1206.05,1206.05,0,1980,8.436308,82700,83727.1
2025-07-09 13:02:00,ATM-10,PUT,96.65,97.2,95.4,95.4,2160,89600,10.773891,82700,83727.1
2025-07-09 13:02:00,ATM-9,CALL,1130,1130,1130,1130,0,2940,8.467394,82800,83727.1
2025-07-09 13:02:00,ATM-9,PUT,110.6,112.5,110.1,110.1,3760,99020,10.693956,82800,83727.1
2025-07-09 13:02:00,ATM-8,CALL,1040.65,1040.65,1040.2,1040.2,40,2780,8.743559,82900,83727.1
2025-07-09 13:02:00,ATM-8,PUT,127.65,129.2,126.25,126.65,2480,69500,10.611335,82900,83727.1
2025-07-09 13:02:00,ATM-7,CALL,957.6,957.6,956.55,956.55,100,39140,8.726575,83000,83727.1
2025-07-09 13:02:00,ATM-7,PUT,146.45,147.95,145.5,145.6,8080,231360,10.537872,83000,83727.1
2025-07-09 13:02:00,ATM-6,CALL,884.75,884.75,884.75,884.75,0,7500,8.876155,83100,83727.1
2025-07-09 13:02:00,ATM-6,PUT,167.95,168.9,166.95,166.95,1760,76460,10.466318,83100,83727.1
2025-07-09 13:02:00,ATM-5,CALL,810.55,810.55,810.55,810.55,20,11780,9.075161,83200,83727.1
2025-07-09 13:02:00,ATM-5,PUT,193.75,194.8,191.25,192.15,17120,106960,10.431221,83200,83727.1
2025-07-09 13:02:00,ATM-4,CALL,733.35,737.25,732.55,737.25,120,41260,9.073076,83300,83727.1
2025-07-09 13:02:00,ATM-4,PUT,221,222.25,219,219.7,3240,265760,10.382783,83300,83727.1
2025-07-09 13:02:00,ATM-3,CALL,663.75,667.9,662.95,667.9,340,49300,9.084041,83400,83727.1
2025-07-09 13:02:00,ATM-3,PUT,251.55,253.2,249.35,250.5,5100,125940,10.341238,83400,83727.1
2025-07-09 13:02:00,ATM-2,CALL,599.55,602.35,598,601,4540,320240,9.064406,83500,83727.1
2025-07-09 13:02:00,ATM-2,PUT,285.5,287.95,283.85,285,11520,484500,10.312998,83500,83727.1
2025-07-09 13:02:00,ATM-1,CALL,537.25,539.5,535.95,539,1840,243360,9.07272,83600,83727.1
2025-07-09 13:02:00,ATM-1,PUT,323.5,325.65,321.45,322.3,5420,412500,10.272234,83600,83727.1
2025-07-09 13:02:00,ATM,CALL,480.5,482.5,478.35,481,4760,301860,9.082541,83700,83727.1
2025-07-09 13:02:00,ATM,PUT,365.25,367.85,363.25,363.8,17340,312960,10.249925,83700,83727.1
2025-07-09 13:02:00,ATM+1,CALL,425.95,428.4,424.7,428.4,5100,262120,9.124655,83800,83727.1
2025-07-09 13:02:00,ATM+1,PUT,411.35,414.1,408.85,410.4,12560,225160,10.264188,83800,83727.1
2025-07-09 13:02:00,ATM+2,CALL,374.9,377.55,374.1,377.55,2620,138860,9.113635,83900,83727.1
2025-07-09 13:02:00,ATM+2,PUT,462.5,464.35,459.25,459.5,3160,82100,10.25342,83900,83727.1
2025-07-09 13:02:00,ATM+3,CALL,329,331,327.8,331,6560,332280,9.10905,84000,83727.1
2025-07-09 13:02:00,ATM+3,PUT,515.5,518.65,513.45,513.45,4640,131660,10.2723,84000,83727.1
2025-07-09 13:02:00,ATM+4,CALL,286.8,288.95,286.8,288.9,760,89860,9.115451,84100,83727.1
2025-07-09 13:02:00,ATM+4,PUT,574,576.25,570,570,320,21180,10.269372,84100,83727.1
2025-07-09 13:02:00,ATM+5,CALL,249,250.95,248.8,250.1,1200,114300,9.107492,84200,83727.1
2025-07-09 13:02:00,ATM+5,PUT,635.05,636.9,629.85,629.85,160,12860,10.261929,84200,83727.1
2025-07-09 13:02:00,ATM+6,CALL,213.8,216.15,213.8,216.15,1300,83200,9.12603,84300,83727.1
2025-07-09 13:02:00,ATM+6,PUT,702.05,702.05,702.05,702.05,20,7280,10.476581,84300,83727.1
2025-07-09 13:02:00,ATM+7,CALL,183.6,185.05,183.1,185.05,300,102380,9.12549,84400,83727.1
2025-07-09 13:02:00,ATM+7,PUT,767.05,767.05,767.05,767.05,0,6180,10.523555,84400,83727.1
2025-07-09 13:02:00,ATM+8,CALL,157.05,157.55,156,157.55,2620,210320,9.129134,84500,83727.1
2025-07-09 13:02:00,ATM+8,PUT,842.45,842.45,840.4,840.4,40,39260,10.534512,84500,83727.1
2025-07-09 13:02:00,ATM+9,CALL,132.65,133.5,132.15,133.5,620,76000,9.139427,84600,83727.1
2025-07-09 13:02:00,ATM+9,PUT,914.45,914.45,914.45,914.45,0,1700,10.533427,84600,83727.1
2025-07-09 13:02:00,ATM+10,CALL,112,112.75,111.45,112.4,2420,94120,9.148921,84700,83727.1
2025-07-09 13:02:00,ATM+10,PUT,985.75,985.75,985.75,985.75,0,1820,10.490883,84700,83727.1
2025-07-09 13:03:00,ATM-10,CALL,1206.05,1206.05,1206.05,1206.05,0,1980,8.436308,82700,83717.44
2025-07-09 13:03:00,ATM-10,PUT,95.65,98.35,95.65,97.75,3280,90480,10.806504,82700,83717.44
2025-07-09 13:03:00,ATM-9,CALL,1111.3,1111.3,1111.3,1111.3,20,2920,8.46871,82800,83717.44
2025-07-09 13:03:00,ATM-9,PUT,110.5,113.25,110.5,113.25,9580,103980,10.745683,82800,83717.44
2025-07-09 13:03:00,ATM-8,CALL,1040.2,1040.2,1040.2,1040.2,0,2780,8.743559,82900,83717.44
2025-07-09 13:03:00,ATM-8,PUT,128,130.4,128,129.5,4980,70280,10.642723,82900,83717.44
2025-07-09 13:03:00,ATM-7,CALL,949.75,950,949.75,950,220,39180,8.7763,83000,83717.44
2025-07-09 13:03:00,ATM-7,PUT,147.65,150.4,147.1,149.45,15200,232680,10.591043,83000,83717.44
2025-07-09 13:03:00,ATM-6,CALL,884.75,884.75,884.75,884.75,0,7500,8.876155,83100,83717.44
2025-07-09 13:03:00,ATM-6,PUT,168,171.95,168,171.8,4360,76400,10.538242,83100,83717.44
2025-07-09 13:03:00,ATM-5,CALL,805,805,795,795,780,11780,8.833369,83200,83717.44
2025-07-09 13:03:00,ATM-5,PUT,192.75,197.95,192.75,197.95,12400,108320,10.517945,83200,83717.44
2025-07-09 13:03:00,ATM-4,CALL,721.8,723.15,720.85,723.15,100,40720,8.877764,83300,83717.44
2025-07-09 13:03:00,ATM-4,PUT,219.55,225.55,219.55,224.6,3500,262460,10.434376,83300,83717.44
2025-07-09 13:03:00,ATM-3,CALL,660,660,651.5,654,2120,49180,8.895451,83400,83717.44
2025-07-09 13:03:00,ATM-3,PUT,249.95,257.95,249.95,256.5,4840,127780,10.410899,83400,83717.44
2025-07-09 13:03:00,ATM-2,CALL,601.55,601.55,587.15,588.95,14400,322680,8.921003,83500,83717.44
2025-07-09 13:03:00,ATM-2,PUT,284.5,293,284.35,291.6,21180,485900,10.387289,83500,83717.44
2025-07-09 13:03:00,ATM-1,CALL,538.75,538.75,525.75,527.35,9540,243740,8.934626,83600,83717.44
2025-07-09 13:03:00,ATM-1,PUT,322,331.4,322,330,11900,412120,10.363067,83600,83717.44
2025-07-09 13:03:00,ATM,CALL,482.4,482.4,470.05,472.95,15740,300200,9.02305,83700,83717.44
2025-07-09 13:03:00,ATM,PUT,363,374.85,363,371.75,27260,313080,10.337124,83700,83717.44
2025-07-09 13:03:00,ATM+1,CALL,428.35,428.35,417.6,419.05,14320,262440,9.026642,83800,83717.44
2025-07-09 13:03:00,ATM+1,PUT,411.75,420.5,411.75,418.95,29520,221800,10.356484,83800,83717.44
2025-07-09 13:03:00,ATM+2,CALL,378,378,367.1,367.1,9080,141700,8.981225,83900,83717.44
2025-07-09 13:03:00,ATM+2,PUT,461.95,470.15,461.95,470,7240,81740,10.382748,83900,83717.44
2025-07-09 13:03:00,ATM+3,CALL,330.8,330.8,322.75,324.25,23160,340020,9.052863,84000,83717.44
2025-07-09 13:03:00,ATM+3,PUT,517.15,525.95,517.15,524.5,11860,131640,10.407285,84000,83717.44
2025-07-09 13:03:00,ATM+4,CALL,288.1,288.1,280.6,282.45,2160,93800,9.0562,84100,83717.44
2025-07-09 13:03:00,ATM+4,PUT,576.3,583.4,576.05,581.85,600,21060,10.417194,84100,83717.44
2025-07-09 13:03:00,ATM+5,CALL,251,251,243.6,243.6,17620,118240,9.036021,84200,83717.44
2025-07-09 13:03:00,ATM+5,PUT,638.05,646.4,637,646.4,240,13500,10.518661,84200,83717.44
2025-07-09 13:03:00,ATM+6,CALL,214.95,214.95,209.65,210,4540,86480,9.051474,84300,83717.44
2025-07-09 13:03:00,ATM+6,PUT,697.05,711.8,697.05,710.1,260,7380,10.521716,84300,83717.44
2025-07-09 13:03:00,ATM+7,CALL,185.1,185.1,179.9,179.9,1280,103320,9.064707,84400,83717.44
2025-07-09 13:03:00,ATM+7,PUT,773.6,780,773.6,780,520,6240,10.602079,84400,83717.44
2025-07-09 13:03:00,ATM+8,CALL,157.75,157.75,152.7,152.7,7360,215080,9.063862,84500,83717.44
2025-07-09 13:03:00,ATM+8,PUT,842.05,855,842.05,855,460,39580,10.743478,84500,83717.44
2025-07-09 13:03:00,ATM+9,CALL,132.8,132.8,129.5,129.5,1100,76100,9.086156,84600,83717.44
2025-07-09 13:03:00,ATM+9,PUT,914.45,914.45,914.45,914.45,0,1700,10.533427,84600,83717.44
2025-07-09 13:03:00,ATM+10,CALL,111.95,111.95,109.6,110.15,2920,93000,9.139735,84700,83717.44
2025-07-09 13:03:00,ATM+10,PUT,985.75,985.75,985.75,985.75,0,1820,10.490883,84700,83717.44
2025-07-09 13:04:00,ATM-10,CALL,1251,1251,1241.7,1241.7,80,2200,9.547295,82600,83639.95
2025-07-09 13:04:00,ATM-10,PUT,84.9,94.45,84.9,93.6,12560,90660,10.793993,82600,83639.95
2025-07-09 13:04:00,ATM-9,CALL,1111.3,1111.3,1111.3,1111.3,0,2920,8.46871,82700,83639.95
2025-07-09 13:04:00,ATM-9,PUT,97.5,107.45,97.5,107.3,21900,90480,10.686328,82700,83639.95
2025-07-09 13:04:00,ATM-8,CALL,1085.4,1085.4,1056.15,1056.15,160,2920,8.960206,82800,83639.95
2025-07-09 13:04:00,ATM-8,PUT,112.4,124.45,112.4,123.15,13080,103980,10.590704,82800,83639.95
2025-07-09 13:04:00,ATM-7,CALL,1004.65,1004.65,980,980,880,2780,9.197273,82900,83639.95
2025-07-09 13:04:00,ATM-7,PUT,129.9,143.35,129.9,141.85,12520,70280,10.520946,82900,83639.95
2025-07-09 13:04:00,ATM-6,CALL,946.05,946.05,900,907.3,3700,39180,9.413533,83000,83639.95
2025-07-09 13:04:00,ATM-6,PUT,149,164.65,148.9,162.6,27380,232680,10.442946,83000,83639.95
2025-07-09 13:04:00,ATM-5,CALL,859.6,859.6,825.65,828.4,720,7360,9.330868,83100,83639.95
2025-07-09 13:04:00,ATM-5,PUT,171.1,188.9,171.1,185.4,13260,76400,10.352635,83100,83639.95
2025-07-09 13:04:00,ATM-4,CALL,789,789,752.05,756.15,960,11780,9.353943,83200,83639.95
2025-07-09 13:04:00,ATM-4,PUT,196.15,215.1,196.15,214.75,20660,108320,10.366467,83200,83639.95
2025-07-09 13:04:00,ATM-3,CALL,720,720,682.4,689,2560,40720,9.419563,83300,83639.95
2025-07-09 13:04:00,ATM-3,PUT,224.4,244.8,224.4,244.5,18240,262460,10.309403,83300,83639.95
2025-07-09 13:04:00,ATM-2,CALL,651.65,651.65,616.05,622.25,7400,49180,9.401489,83400,83639.95
2025-07-09 13:04:00,ATM-2,PUT,255.7,280,255.7,277.65,26240,127780,10.259654,83400,83639.95
2025-07-09 13:04:00,ATM-1,CALL,591,591,551.65,557.9,76060,322680,9.354102,83500,83639.95
2025-07-09 13:04:00,ATM-1,PUT,290.65,317.35,290.65,314.8,79140,485900,10.227296,83500,83639.95
2025-07-09 13:04:00,ATM,CALL,530,530,492,498,33500,243740,9.32462,83600,83639.95
2025-07-09 13:04:00,ATM,PUT,328.7,356.85,328.7,355.4,80340,412120,10.195313,83600,83639.95
2025-07-09 13:04:00,ATM+1,CALL,473.25,473.3,439.45,443.55,71740,300200,9.332478,83700,83639.95
2025-07-09 13:04:00,ATM+1,PUT,371.4,403.1,371.4,399.6,81700,313080,10.165044,83700,83639.95
2025-07-09 13:04:00,ATM+2,CALL,420.6,420.6,388.8,391.65,50680,262440,9.308216,83800,83639.95
2025-07-09 13:04:00,ATM+2,PUT,418.25,452.3,418,449.85,63680,221800,10.191764,83800,83639.95
2025-07-09 13:04:00,ATM+3,CALL,370.95,370.95,342.6,345.65,31380,141700,9.329502,83900,83639.95
2025-07-09 13:04:00,ATM+3,PUT,469,504.8,469,504,21760,81740,10.225455,83900,83639.95
2025-07-09 13:04:00,ATM+4,CALL,325.4,325.9,299.5,302.85,61300,340020,9.334632,84000,83639.95
2025-07-09 13:04:00,ATM+4,PUT,523,561.4,523,558.4,21560,131640,10.181506,84000,83639.95
2025-07-09 13:04:00,ATM+5,CALL,282.45,282.45,260.5,263,21340,93800,9.318604,84100,83639.95
2025-07-09 13:04:00,ATM+5,PUT,581.7,624.45,581.7,620,6560,21060,10.224682,84100,83639.95
2025-07-09 13:04:00,ATM+6,CALL,245.6,245.8,224.65,228,27380,118240,9.329822,84200,83639.95
2025-07-09 13:04:00,ATM+6,PUT,645.9,686.7,645.9,680.8,1900,13500,10.165067,84200,83639.95
2025-07-09 13:04:00,ATM+7,CALL,211.5,211.5,193.5,196.35,17640,86480,9.335734,84300,83639.95
2025-07-09 13:04:00,ATM+7,PUT,715.65,754.3,715.65,746.15,1620,7380,10.132567,84300,83639.95
2025-07-09 13:04:00,ATM+8,CALL,180.45,180.45,165.4,167.15,18040,103320,9.315274,84400,83639.95
2025-07-09 13:04:00,ATM+8,PUT,795,820,795,815.15,580,6240,10.10899,84400,83639.95
2025-07-09 13:04:00,ATM+9,CALL,153.6,153.6,140.75,142.95,33640,215080,9.344639,84500,83639.95
2025-07-09 13:04:00,ATM+9,PUT,855,900,855,900,3620,39580,10.44617,84500,83639.95
2025-07-09 13:04:00,ATM+10,CALL,130.8,131.45,118.75,120.9,13600,76100,9.350493,84600,83639.95
2025-07-09 13:04:00,ATM+10,PUT,950,978.7,950,978.7,180,1700,10.55133,84600,83639.95
2025-07-09 13:05:00,ATM-10,CALL,1180.2,1180.2,1180.2,1180.2,80,1980,9.669449,82700,83665.27
2025-07-09 13:05:00,ATM-10,PUT,107.75,108.1,99.75,99.95,15100,90480,10.57291,82700,83665.27
2025-07-09 13:05:00,ATM-9,CALL,1095.35,1095.35,1095.35,1095.35,60,2920,9.643865,82800,83665.27
2025-07-09 13:05:00,ATM-9,PUT,124.5,124.5,114.85,114.85,22440,103980,10.470908,82800,83665.27
2025-07-09 13:05:00,ATM-8,CALL,1000,1005.95,1000,1005.95,900,2780,9.382245,82900,83665.27
2025-07-09 13:05:00,ATM-8,PUT,142.55,142.6,132.25,132.25,8160,70280,10.38653,82900,83665.27
2025-07-09 13:05:00,ATM-7,CALL,906.15,933.2,906.15,933.2,2720,39180,9.605932,83000,83665.27
2025-07-09 13:05:00,ATM-7,PUT,163.2,163.5,152.35,152.35,24280,232680,10.316517,83000,83665.27
2025-07-09 13:05:00,ATM-6,CALL,855.65,855.65,855.65,855.65,420,7360,9.571323,83100,83665.27
2025-07-09 13:05:00,ATM-6,PUT,187.55,188,174.75,174.75,14980,76400,10.241235,83100,83665.27
2025-07-09 13:05:00,ATM-5,CALL,760.4,781.7,760.4,780.25,1100,11780,9.515312,83200,83665.27
2025-07-09 13:05:00,ATM-5,PUT,214.55,216.1,200.1,200.8,30540,108320,10.192653,83200,83665.27
2025-07-09 13:05:00,ATM-4,CALL,689,711,689,707.9,2300,40720,9.459279,83300,83665.27
2025-07-09 13:05:00,ATM-4,PUT,244.4,246.1,229.85,230.05,14680,262460,10.150446,83300,83665.27
2025-07-09 13:05:00,ATM-3,CALL,619.15,642,619.15,641.25,4380,49180,9.464524,83400,83665.27
2025-07-09 13:05:00,ATM-3,PUT,278.9,279.9,261.5,261.5,23000,127780,10.084673,83400,83665.27
2025-07-09 13:05:00,ATM-2,CALL,555.15,578.75,555.15,575.25,23640,322680,9.397395,83500,83665.27
2025-07-09 13:05:00,ATM-2,PUT,316.4,316.4,297.4,297.8,61920,485900,10.057698,83500,83665.27
2025-07-09 13:05:00,ATM-1,CALL,496.25,517.65,495.45,514.5,48800,243740,9.369524,83600,83665.27
2025-07-09 13:05:00,ATM-1,PUT,356.85,356.85,336.8,337.8,60720,412120,10.036108,83600,83665.27
2025-07-09 13:05:00,ATM,CALL,442.9,462.05,441.25,459,41120,300200,9.375301,83700,83665.27
2025-07-09 13:05:00,ATM,PUT,402.15,403.55,380.3,380.85,59880,313080,10.002265,83700,83665.27
2025-07-09 13:05:00,ATM+1,CALL,392.6,409.55,391,407.35,38400,262440,9.379702,83800,83665.27
2025-07-09 13:05:00,ATM+1,PUT,450.4,453.3,427.3,430,39040,221800,10.025563,83800,83665.27
2025-07-09 13:05:00,ATM+2,CALL,345.5,361.7,345.5,358,22640,141700,9.346498,83900,83665.27
2025-07-09 13:05:00,ATM+2,PUT,503.2,506.35,478.85,481.6,11360,81740,10.020582,83900,83665.27
2025-07-09 13:05:00,ATM+3,CALL,302.85,316.4,302.6,313.3,41040,340020,9.330259,84000,83665.27
2025-07-09 13:05:00,ATM+3,PUT,559.95,562.25,533.45,533.45,17660,131640,9.935641,84000,83665.27
2025-07-09 13:05:00,ATM+4,CALL,261.35,275.9,261.35,273.8,13420,93800,9.345967,84100,83665.27
2025-07-09 13:05:00,ATM+4,PUT,624.25,624.25,596.05,596.05,4020,21060,10.018995,84100,83665.27
2025-07-09 13:05:00,ATM+5,CALL,228.3,239.1,226.7,237.3,14340,118240,9.343927,84200,83665.27
2025-07-09 13:05:00,ATM+5,PUT,687.95,687.95,657.6,657.6,1820,13500,9.99374,84200,83665.27
2025-07-09 13:05:00,ATM+6,CALL,196.05,205.95,194.6,203.6,12320,86480,9.320405,84300,83665.27
2025-07-09 13:05:00,ATM+6,PUT,755.9,755.9,722.7,722.7,1760,7380,9.970185,84300,83665.27
2025-07-09 13:05:00,ATM+7,CALL,167.45,176.2,167.45,174.65,7280,103320,9.329715,84400,83665.27
2025-07-09 13:05:00,ATM+7,PUT,808.4,808.4,792.9,793.65,420,6240,10.01326,84400,83665.27
2025-07-09 13:05:00,ATM+8,CALL,142.65,150.35,141.75,148.4,20180,215080,9.323196,84500,83665.27
2025-07-09 13:05:00,ATM+8,PUT,887.4,887.4,866.1,866.7,900,39580,10.031725,84500,83665.27
2025-07-09 13:05:00,ATM+9,CALL,120.7,127.4,120.5,125.7,9560,76100,9.330517,84600,83665.27
2025-07-09 13:05:00,ATM+9,PUT,944,944,944,944,160,1700,10.091292,84600,83665.27
2025-07-09 13:05:00,ATM+10,CALL,101.65,107.45,100.9,106.15,11720,93000,9.348905,84700,83665.27
2025-07-09 13:05:00,ATM+10,PUT,1026.1,1026.1,1026.1,1026.1,160,1840,10.223853,84700,83665.27
2025-07-09 13:06:00,ATM-10,CALL,1180.2,1180.2,1180.2,1180.2,0,1980,9.669449,82700,83686.4
2025-07-09 13:06:00,ATM-10,PUT,99.85,99.95,96.75,98.95,2520,88540,10.665069,82700,83686.4
2025-07-09 13:06:00,ATM-9,CALL,1095.35,1095.35,1095.35,1095.35,0,2920,9.643865,82800,83686.4
2025-07-09 13:06:00,ATM-9,PUT,114.55,115.3,111.15,114.4,7860,103760,10.590673,82800,83686.4
2025-07-09 13:06:00,ATM-8,CALL,1005.95,1005.95,1005.95,1005.95,0,2780,9.382245,82900,83686.4
2025-07-09 13:06:00,ATM-8,PUT,132.55,133,128.65,132.05,8020,70300,10.521803,82900,83686.4
2025-07-09 13:06:00,ATM-7,CALL,931.6,940.25,928.75,930,420,39140,8.9579,83000,83686.4
2025-07-09 13:06:00,ATM-7,PUT,152.75,153.2,148.2,151.35,8880,232000,10.434829,83000,83686.4
2025-07-09 13:06:00,ATM-6,CALL,854,854,854,854,140,7360,9.03814,83100,83686.4
2025-07-09 13:06:00,ATM-6,PUT,175.55,175.6,170.5,175,2540,76660,10.404863,83100,83686.4
2025-07-09 13:06:00,ATM-5,CALL,778.3,787.6,777,778.55,200,12520,9.033205,83200,83686.4
2025-07-09 13:06:00,ATM-5,PUT,201.5,201.95,195.8,200,5100,108320,10.335959,83200,83686.4
2025-07-09 13:06:00,ATM-4,CALL,711.6,716,706.7,708.85,1040,40720,9.093458,83300,83686.4
2025-07-09 13:06:00,ATM-4,PUT,230.05,230.85,224.2,228.4,9640,262900,10.282195,83300,83686.4
2025-07-09 13:06:00,ATM-3,CALL,640,646.75,638.35,640,2400,49540,9.078877,83400,83686.4
2025-07-09 13:06:00,ATM-3,PUT,262.5,262.75,255.45,261,9760,127780,10.257277,83400,83686.4
2025-07-09 13:06:00,ATM-2,CALL,574.25,582.7,572,575.5,9760,322680,9.081273,83500,83686.4
2025-07-09 13:06:00,ATM-2,PUT,297.75,299,290.3,296.4,23740,489980,10.220689,83500,83686.4
2025-07-09 13:06:00,ATM-1,CALL,515.05,520.95,511.7,513.4,12020,245900,9.048981,83600,83686.4
2025-07-09 13:06:00,ATM-1,PUT,337.95,339.1,329.85,335.6,39780,412120,10.194084,83600,83686.4
2025-07-09 13:06:00,ATM,CALL,459.9,465.85,456.4,460.55,23940,305680,9.141724,83700,83686.4
2025-07-09 13:06:00,ATM,PUT,381.6,381.95,372.5,379.75,27120,305380,10.20134,83700,83686.4
2025-07-09 13:06:00,ATM+1,CALL,407,412.2,405,408.2,20200,264180,9.15099,83800,83686.4
2025-07-09 13:06:00,ATM+1,PUT,428.7,430.25,419.3,426.25,19240,208100,10.179816,83800,83686.4
2025-07-09 13:06:00,ATM+2,CALL,358.3,364,356.75,359.6,18580,142840,9.154082,83900,83686.4
2025-07-09 13:06:00,ATM+2,PUT,479.95,482.9,470.75,478.45,9200,78800,10.206958,83900,83686.4
2025-07-09 13:06:00,ATM+3,CALL,314.3,318,311.5,314.85,21280,347740,9.153806,84000,83686.4
2025-07-09 13:06:00,ATM+3,PUT,535.85,537.15,525.9,533.15,8200,129390,10.208959,84000,83686.4
2025-07-09 13:06:00,ATM+4,CALL,273.35,277.55,272.05,273.75,4440,95600,9.146588,84100,83686.4
2025-07-09 13:06:00,ATM+4,PUT,590.35,591.7,584.3,586,420,21100,10.082362,84100,83686.4
2025-07-09 13:06:00,ATM+5,CALL,236.9,240.45,235,237.35,11140,122300,9.160142,84200,83686.4
2025-07-09 13:06:00,ATM+5,PUT,653.1,656.9,647,656.9,260,13560,10.305916,84200,83686.4
2025-07-09 13:06:00,ATM+6,CALL,203.9,206.9,202,204,4320,88620,9.157625,84300,83686.4
2025-07-09 13:06:00,ATM+6,PUT,718.05,718.05,718.05,718.05,40,7060,10.211714,84300,83686.4
2025-07-09 13:06:00,ATM+7,CALL,174.05,176.9,173,174.55,2700,104060,9.164366,84400,83686.4
2025-07-09 13:06:00,ATM+7,PUT,793.65,793.65,793.65,793.65,0,6240,10.01326,84400,83686.4
2025-07-09 13:06:00,ATM+8,CALL,148.6,150.65,147.85,148.2,5500,217520,9.164335,84500,83686.4
2025-07-09 13:06:00,ATM+8,PUT,869.4,870.65,862,869.7,240,39440,10.543087,84500,83686.4
2025-07-09 13:06:00,ATM+9,CALL,125.05,127.75,124.8,126,4480,76000,9.19534,84600,83686.4
2025-07-09 13:06:00,ATM+9,PUT,935,935,935,935,180,1580,10.299261,84600,83686.4
2025-07-09 13:06:00,ATM+10,CALL,105.3,107.7,105,106,2280,92640,9.207023,84700,83686.4
2025-07-09 13:06:00,ATM+10,PUT,1026.1,1026.1,1026.1,1026.1,0,1840,10.223853,84700,83686.4
2025-07-09 13:07:00,ATM-10,CALL,1180.2,1180.2,1180.2,1180.2,0,1980,9.669449,82700,83684.32
2025-07-09 13:07:00,ATM-10,PUT,99.6,101.4,99.15,100.95,3760,88540,10.728094,82700,83684.32
2025-07-09 13:07:00,ATM-9,CALL,1091.55,1091.55,1091.55,1091.55,20,2900,8.864775,82800,83684.32
2025-07-09 13:07:00,ATM-9,PUT,113.95,117,113.85,115.5,3280,103760,10.616285,82800,83684.32
2025-07-09 13:07:00,ATM-8,CALL,1005.95,1005.95,1005.95,1005.95,0,2780,9.382245,82900,83684.32
2025-07-09 13:07:00,ATM-8,PUT,132.5,134.65,132.5,133.6,1520,70300,10.558731,82900,83684.32
2025-07-09 13:07:00,ATM-7,CALL,930,930,925,928.35,680,39140,8.959662,83000,83684.32
2025-07-09 13:07:00,ATM-7,PUT,151.55,155,151.55,153.35,6960,232000,10.481621,83000,83684.32
2025-07-09 13:07:00,ATM-6,CALL,848.65,851.3,848.65,851.3,40,7360,9.00552,83100,83684.32
2025-07-09 13:07:00,ATM-6,PUT,174.85,178.2,174.85,175.5,2380,76660,10.40435,83100,83684.32
2025-07-09 13:07:00,ATM-5,CALL,777,777,776.7,776.7,120,12520,9.025249,83200,83684.32
2025-07-09 13:07:00,ATM-5,PUT,200.5,203.9,200.5,202.4,3800,108320,10.385522,83200,83684.32
2025-07-09 13:07:00,ATM-4,CALL,708.8,710,703.5,703.5,2200,40720,8.990047,83300,83684.32
2025-07-09 13:07:00,ATM-4,PUT,229.5,233.65,229.45,231.2,3300,262900,10.338304,83300,83684.32
2025-07-09 13:07:00,ATM-3,CALL,639,639,636,636.75,260,49540,9.032278,83400,83684.32
2025-07-09 13:07:00,ATM-3,PUT,260.9,266.25,260.9,263.6,3900,127780,10.304592,83400,83684.32
2025-07-09 13:07:00,ATM-2,CALL,575.4,575.4,570.15,573.55,9500,322680,9.066452,83500,83684.32
2025-07-09 13:07:00,ATM-2,PUT,297.15,302.25,297.15,299.7,15840,489980,10.281846,83500,83684.32
2025-07-09 13:07:00,ATM-1,CALL,514.1,514.95,510.75,511.5,5540,245900,9.033854,83600,83684.32
2025-07-09 13:07:00,ATM-1,PUT,336.05,342,335.3,339.7,23420,412120,10.271091,83600,83684.32
2025-07-09 13:07:00,ATM,CALL,460.55,460.55,456,458.05,8720,305680,9.110886,83700,83684.32
2025-07-09 13:07:00,ATM,PUT,379.35,386.05,379.35,383.05,25100,305380,10.256808,83700,83684.32
2025-07-09 13:07:00,ATM+1,CALL,408,408,404,406.35,7980,264180,9.133526,83800,83684.32
2025-07-09 13:07:00,ATM+1,PUT,426,433.05,426,431,8560,208100,10.266782,83800,83684.32
2025-07-09 13:07:00,ATM+2,CALL,358,359,355.8,357.6,7200,142840,9.131142,83900,83684.32
2025-07-09 13:07:00,ATM+2,PUT,478.7,486.55,478.7,481.85,5360,78800,10.26096,83900,83684.32
2025-07-09 13:07:00,ATM+3,CALL,314.3,314.85,311.5,313,11060,347740,9.132141,84000,83684.32
2025-07-09 13:07:00,ATM+3,PUT,535.9,541.95,535.9,539.8,6500,129390,10.337884,84000,83684.32
2025-07-09 13:07:00,ATM+4,CALL,272.9,273.15,271.05,272.1,2880,95600,9.127253,84100,83684.32
2025-07-09 13:07:00,ATM+4,PUT,595,601.5,595,597.95,420,21100,10.338239,84100,83684.32
2025-07-09 13:07:00,ATM+5,CALL,237.2,237.2,235,235.45,3780,122300,9.131978,84200,83684.32
2025-07-09 13:07:00,ATM+5,PUT,658.4,664.75,658.4,659.15,440,13560,10.329307,84200,83684.32
2025-07-09 13:07:00,ATM+6,CALL,203.9,204.4,201.8,202.8,2460,88620,9.144367,84300,83684.32
2025-07-09 13:07:00,ATM+6,PUT,729.8,729.8,729.8,729.8,140,7060,10.474111,84300,83684.32
2025-07-09 13:07:00,ATM+7,CALL,174.35,174.45,172.4,173.2,1380,104060,9.144288,84400,83684.32
2025-07-09 13:07:00,ATM+7,PUT,802.35,802.35,796.85,796.85,180,6080,10.451521,84400,83684.32
2025-07-09 13:07:00,ATM+8,CALL,148.55,148.75,146.8,146.8,2660,217520,9.139476,84500,83684.32
2025-07-09 13:07:00,ATM+8,PUT,874.25,874.25,871.55,873.2,100,39440,10.598317,84500,83684.32
2025-07-09 13:07:00,ATM+9,CALL,126,126,124,124.6,1480,76000,9.166678,84600,83684.32
2025-07-09 13:07:00,ATM+9,PUT,935,935,935,935,0,1580,10.299261,84600,83684.32
2025-07-09 13:07:00,ATM+10,CALL,106.15,106.2,104.55,104.85,2820,92640,9.182374,84700,83684.32
2025-07-09 13:07:00,ATM+10,PUT,1026.1,1026.1,1026.1,1026.1,0,1840,10.223853,84700,83684.32
2025-07-09 13:08:00,ATM-10,CALL,1180.2,1180.2,1180.2,1180.2,0,1980,9.669449,82700,83680.87
2025-07-09 13:08:00,ATM-10,PUT,100,101.6,99.4,100.2,1780,88540,10.679357,82700,83680.87
2025-07-09 13:08:00,ATM-9,CALL,1091.55,1091.55,1091.55,1091.55,0,2900,8.864775,82800,83680.87
2025-07-09 13:08:00,ATM-9,PUT,115.25,116.3,114.3,115.9,1380,103760,10.60866,82800,83680.87
2025-07-09 13:08:00,ATM-8,CALL,1005.95,1005.95,1005.95,1005.95,0,2780,9.382245,82900,83680.87
2025-07-09 13:08:00,ATM-8,PUT,133,134.85,132.05,133.35,2040,70300,10.528047,82900,83680.87
2025-07-09 13:08:00,ATM-7,CALL,929.65,930,925,926,900,39140,8.974785,83000,83680.87
2025-07-09 13:08:00,ATM-7,PUT,152.5,155.75,152.5,153.6,6940,232000,10.465485,83000,83680.87
2025-07-09 13:08:00,ATM-6,CALL,852.5,853.5,852.5,853.5,60,7360,9.154916,83100,83680.87
2025-07-09 13:08:00,ATM-6,PUT,175.9,177.8,174.9,176.45,1100,76660,10.406565,83100,83680.87
2025-07-09 13:08:00,ATM-5,CALL,779,779,774,774,80,12520,9.021952,83200,83680.87
2025-07-09 13:08:00,ATM-5,PUT,201.9,204.95,200.85,203.7,2080,108320,10.394382,83200,83680.87
2025-07-09 13:08:00,ATM-4,CALL,709.2,709.2,701.15,705.4,480,40720,9.107092,83300,83680.87
2025-07-09 13:08:00,ATM-4,PUT,231.05,233.5,230,232.25,3220,262900,10.337582,83300,83680.87
2025-07-09 13:08:00,ATM-3,CALL,639.45,640.2,634.3,638.35,940,49540,9.13264,83400,83680.87
2025-07-09 13:08:00,ATM-3,PUT,263.6,266.6,262.3,265,4060,127780,10.309865,83400,83680.87
2025-07-09 13:08:00,ATM-2,CALL,573.4,576.25,568.8,571.4,7020,322680,9.067881,83500,83680.87
2025-07-09 13:08:00,ATM-2,PUT,298.95,302.4,298.1,301.85,14260,489980,10.302309,83500,83680.87
2025-07-09 13:08:00,ATM-1,CALL,511.55,515.2,508.45,512.35,6380,245900,9.103454,83600,83680.87
2025-07-09 13:08:00,ATM-1,PUT,339,343.35,337.4,340.65,15760,412120,10.259865,83600,83680.87
2025-07-09 13:08:00,ATM,CALL,457.7,460.8,452.8,458.3,13940,305680,9.161924,83700,83680.87
2025-07-09 13:08:00,ATM,PUT,383.25,387.5,381.3,384.35,16760,305380,10.251055,83700,83680.87
2025-07-09 13:08:00,ATM+1,CALL,405.1,407.95,402.55,404.95,11100,264180,9.142682,83800,83680.87
2025-07-09 13:08:00,ATM+1,PUT,431.85,434,428,431.9,10000,208100,10.248918,83800,83680.87
2025-07-09 13:08:00,ATM+2,CALL,358,359.55,354.3,357.6,4920,142840,9.169606,83900,83680.87
2025-07-09 13:08:00,ATM+2,PUT,482.7,487.3,480.35,485,2280,78800,10.292426,83900,83680.87
2025-07-09 13:08:00,ATM+3,CALL,313.1,315.05,310,311.45,9360,347740,9.131356,84000,83680.87
2025-07-09 13:08:00,ATM+3,PUT,538.3,543.25,536.65,538.4,2960,129390,10.260109,84000,83680.87
2025-07-09 13:08:00,ATM+4,CALL,272.3,274.3,270.55,272.65,1780,95600,9.173707,84100,83680.87
2025-07-09 13:08:00,ATM+4,PUT,596.25,601.75,596.25,599.3,320,21100,10.321823,84100,83680.87
2025-07-09 13:08:00,ATM+5,CALL,236.2,237.6,233.45,234.75,5040,122300,9.145598,84200,83680.87
2025-07-09 13:08:00,ATM+5,PUT,660.5,662.9,660.5,662.9,40,13560,10.368299,84200,83680.87
2025-07-09 13:08:00,ATM+6,CALL,203,204.95,201.3,202.75,1880,88620,9.172147,84300,83680.87
2025-07-09 13:08:00,ATM+6,PUT,728.9,733.15,728.9,733.15,120,7060,10.501517,84300,83680.87
2025-07-09 13:08:00,ATM+7,CALL,172.85,175.15,171.8,173.25,1560,104060,9.172973,84400,83680.87
2025-07-09 13:08:00,ATM+7,PUT,796.85,796.85,796.85,796.85,380,6080,10.388993,84400,83680.87
2025-07-09 13:08:00,ATM+8,CALL,147.7,149.55,146.45,147.2,3340,217520,9.176843,84500,83680.87
2025-07-09 13:08:00,ATM+8,PUT,873.2,873.2,873.2,873.2,20,39440,10.530398,84500,83680.87
2025-07-09 13:08:00,ATM+9,CALL,124.95,126.55,123.8,124.75,2720,76000,9.195692,84600,83680.87
2025-07-09 13:08:00,ATM+9,PUT,935,935,935,935,0,1580,10.299261,84600,83680.87
2025-07-09 13:08:00,ATM+10,CALL,104.95,106.55,104,105.2,4960,92640,9.217271,84700,83680.87
2025-07-09 13:08:00,ATM+10,PUT,1026.1,1026.1,1026.1,1026.1,0,1840,10.223853,84700,83680.87
2025-07-09 13:09:00,ATM-10,CALL,1180.2,1180.2,1180.2,1180.2,0,1980,9.669449,82700,83683.89
2025-07-09 13:09:00,ATM-10,PUT,99.85,100.15,98.55,99.95,2700,84500,10.688947,82700,83683.89
2025-07-09 13:09:00,ATM-9,CALL,1091.55,1091.55,1091.55,1091.55,0,2900,8.864775,82800,83683.89
2025-07-09 13:09:00,ATM-9,PUT,115.6,115.6,114.1,115.1,3160,97740,10.600605,82800,83683.89
2025-07-09 13:09:00,ATM-8,CALL,1006.2,1006.2,1006.2,1006.2,20,3160,8.842142,82900,83683.89
2025-07-09 13:09:00,ATM-8,PUT,133.1,133.1,131.25,132,2120,73460,10.504906,82900,83683.89
2025-07-09 13:09:00,ATM-7,CALL,925.85,926.15,925,926.15,300,40180,8.899266,83000,83683.89
2025-07-09 13:09:00,ATM-7,PUT,153.15,153.6,151.3,153.05,4320,232620,10.470457,83000,83683.89
2025-07-09 13:09:00,ATM-6,CALL,853.5,853.5,853.5,853.5,0,7360,9.154916,83100,83683.89
2025-07-09 13:09:00,ATM-6,PUT,176.35,176.65,174.45,174.45,700,74020,10.372019,83100,83683.89
2025-07-09 13:09:00,ATM-5,CALL,779.2,779.2,775.35,775.4,660,12920,8.998904,83200,83683.89
2025-07-09 13:09:00,ATM-5,PUT,202.8,203.05,200.25,202.05,2980,107720,10.373601,83200,83683.89
2025-07-09 13:09:00,ATM-4,CALL,704.75,707.55,704.75,706,100,41640,9.066973,83300,83683.89
2025-07-09 13:09:00,ATM-4,PUT,231.7,231.8,229.3,230.9,3380,261680,10.327893,83300,83683.89
2025-07-09 13:09:00,ATM-3,CALL,638.75,639,636,636,100,50260,9.022053,83400,83683.89
2025-07-09 13:09:00,ATM-3,PUT,264,264.25,261.7,263.1,2640,130740,10.289244,83400,83683.89
2025-07-09 13:09:00,ATM-2,CALL,573.3,574.9,570,571.5,6080,309440,9.024354,83500,83683.89
2025-07-09 13:09:00,ATM-2,PUT,300.2,301,297,300,11580,491020,10.285998,83500,83683.89
2025-07-09 13:09:00,ATM-1,CALL,515,515,510.55,511.4,3180,258100,9.039019,83600,83683.89
2025-07-09 13:09:00,ATM-1,PUT,339.9,341.1,336.8,339.5,10080,409760,10.262954,83600,83683.89
2025-07-09 13:09:00,ATM,CALL,457.3,459.7,454.6,456.25,14720,315080,9.075806,83700,83683.89
2025-07-09 13:09:00,ATM,PUT,383.65,384.85,380.65,383.55,12120,290420,10.26476,83700,83683.89
2025-07-09 13:09:00,ATM+1,CALL,406,407,403,403.5,4120,269200,9.073969,83800,83683.89
2025-07-09 13:09:00,ATM+1,PUT,431,431,427.9,429.95,5180,195640,10.238372,83800,83683.89
2025-07-09 13:09:00,ATM+2,CALL,358.7,358.7,354.45,355,4300,155020,9.076834,83900,83683.89
2025-07-09 13:09:00,ATM+2,PUT,483.3,483.7,480.1,482.15,2120,74160,10.263464,83900,83683.89
2025-07-09 13:09:00,ATM+3,CALL,313.85,314.25,310,311.05,24940,347180,9.092003,84000,83683.89
2025-07-09 13:09:00,ATM+3,PUT,538,539.4,534.5,537.05,1920,126420,10.268538,84000,83683.89
2025-07-09 13:09:00,ATM+4,CALL,272.1,273.35,268.85,270.25,1760,94100,9.088145,84100,83683.89
2025-07-09 13:09:00,ATM+4,PUT,599.15,599.15,596,596,200,18240,10.28635,84100,83683.89
2025-07-09 13:09:00,ATM+5,CALL,236,236.6,233.45,233.6,3020,124480,9.091102,84200,83683.89
2025-07-09 13:09:00,ATM+5,PUT,658,660.85,658,660.1,660,12980,10.346611,84200,83683.89
2025-07-09 13:09:00,ATM+6,CALL,202.75,203.95,201.2,201.3,1620,88020,9.110317,84300,83683.89
2025-07-09 13:09:00,ATM+6,PUT,733.15,733.15,733.15,733.15,0,7060,10.501517,84300,83683.89
2025-07-09 13:09:00,ATM+7,CALL,174,174.25,172,172.35,1100,102380,9.125673,84400,83683.89
2025-07-09 13:09:00,ATM+7,PUT,796.85,796.85,796.85,796.85,0,6080,10.388993,84400,83683.89
2025-07-09 13:09:00,ATM+8,CALL,148.05,148.55,146.55,146.6,1700,211520,9.138059,84500,83683.89
2025-07-09 13:09:00,ATM+8,PUT,874.25,874.25,868.9,868.9,100,37820,10.472275,84500,83683.89
2025-07-09 13:09:00,ATM+9,CALL,125.2,125.2,124.2,124.3,380,76900,9.161528,84600,83683.89
2025-07-09 13:09:00,ATM+9,PUT,935,935,935,935,0,1580,10.299261,84600,83683.89
2025-07-09 13:09:00,ATM+10,CALL,105.4,105.7,104.4,104.6,2620,95580,9.177961,84700,83683.89
2025-07-09 13:09:00,ATM+10,PUT,1026.1,1026.1,1026.1,1026.1,0,1840,10.223853,84700,83683.89
2025-07-09 13:10:00,ATM-10,CALL,1180.2,1180.2,1180.2,1180.2,0,1980,9.669449,82700,83683.35
2025-07-09 13:10:00,ATM-10,PUT,100.1,101.2,98.75,98.75,1580,84500,10.640948,82700,83683.35
2025-07-09 13:10:00,ATM-9,CALL,1091.55,1091.55,1091.55,1091.55,0,2900,8.864775,82800,83683.35
2025-07-09 13:10:00,ATM-9,PUT,115.45,116.75,114,114,1200,97740,10.559259,82800,83683.35
2025-07-09 13:10:00,ATM-8,CALL,1006.2,1006.2,1006.2,1006.2,0,3160,8.842142,82900,83683.35
2025-07-09 13:10:00,ATM-8,PUT,132.9,134.55,131.6,131.6,3820,73460,10.488783,82900,83683.35
2025-07-09 13:10:00,ATM-7,CALL,924,927.95,924,927.8,300,40180,8.970179,83000,83683.35
2025-07-09 13:10:00,ATM-7,PUT,153.7,154.9,152,152,7540,232620,10.435216,83000,83683.35
2025-07-09 13:10:00,ATM-6,CALL,853.5,853.5,853.5,853.5,0,7360,9.154916,83100,83683.35
2025-07-09 13:10:00,ATM-6,PUT,176.05,178.1,174.6,174.6,2260,74020,10.372817,83100,83683.35
2025-07-09 13:10:00,ATM-5,CALL,773.65,779.1,773.65,777.5,180,12920,9.071093,83200,83683.35
2025-07-09 13:10:00,ATM-5,PUT,203.35,204.2,200.4,200.45,4520,107720,10.326373,83200,83683.35
2025-07-09 13:10:00,ATM-4,CALL,704.75,708.05,703.35,708,600,41640,9.131573,83300,83683.35
2025-07-09 13:10:00,ATM-4,PUT,232.1,233.7,229.2,229.2,5020,261680,10.279761,83300,83683.35
2025-07-09 13:10:00,ATM-3,CALL,636,640.15,635.75,637.9,1560,50260,9.080547,83400,83683.35
2025-07-09 13:10:00,ATM-3,PUT,264.25,266.6,261.35,261.35,5480,130740,10.241247,83400,83683.35
2025-07-09 13:10:00,ATM-2,CALL,569.85,575.9,569.75,575.9,3620,309440,9.141337,83500,83683.35
2025-07-09 13:10:00,ATM-2,PUT,300.75,303.95,297.45,297.45,36780,491020,10.219638,83500,83683.35
2025-07-09 13:10:00,ATM-1,CALL,510.25,516,510,516,4860,258100,9.15691,83600,83683.35
2025-07-09 13:10:00,ATM-1,PUT,340.25,342.45,337,337,12400,409760,10.198829,83600,83683.35
2025-07-09 13:10:00,ATM,CALL,455.95,459.2,455,459.2,9200,315080,9.152454,83700,83683.35
2025-07-09 13:10:00,ATM,PUT,384.6,386.05,379.3,379.3,13160,290420,10.160278,83700,83683.35
2025-07-09 13:10:00,ATM+1,CALL,403,407.7,403,406.95,4720,269200,9.161072,83800,83683.35
2025-07-09 13:10:00,ATM+1,PUT,431,433.6,426.9,426.9,8780,195640,10.161939,83800,83683.35
2025-07-09 13:10:00,ATM+2,CALL,355.05,358.8,354.5,358.8,5080,155020,9.171732,83900,83683.35
2025-07-09 13:10:00,ATM+2,PUT,482.85,486,479.15,479.15,3320,74160,10.187609,83900,83683.35
2025-07-09 13:10:00,ATM+3,CALL,310.15,313.65,310,313.65,7300,347180,9.159321,84000,83683.35
2025-07-09 13:10:00,ATM+3,PUT,537.75,541.95,532.8,532.8,3200,126420,10.162161,84000,83683.35
2025-07-09 13:10:00,ATM+4,CALL,270.05,273,269.8,273,1420,94100,9.160066,84100,83683.35
2025-07-09 13:10:00,ATM+4,PUT,598.85,601,593.65,593.65,720,18240,10.222955,84100,83683.35
2025-07-09 13:10:00,ATM+5,CALL,234.15,237,233.8,237,3060,124480,9.181006,84200,83683.35
2025-07-09 13:10:00,ATM+5,PUT,662.2,664.95,657,657,320,12980,10.262778,84200,83683.35
2025-07-09 13:10:00,ATM+6,CALL,200.8,204,200.55,204,2480,88020,9.185413,84300,83683.35
2025-07-09 13:10:00,ATM+6,PUT,733.15,733.15,733.15,733.15,0,7060,10.501517,84300,83683.35
2025-07-09 13:10:00,ATM+7,CALL,171.95,174.15,171.6,174.05,1500,102380,9.176934,84400,83683.35
2025-07-09 13:10:00,ATM+7,PUT,796.85,796.85,796.85,796.85,20,5860,10.434798,84400,83683.35
2025-07-09 13:10:00,ATM+8,CALL,146.7,148.65,146.5,148.6,1660,211520,9.200731,84500,83683.35
2025-07-09 13:10:00,ATM+8,PUT,874.7,874.7,874.7,874.7,20,37820,10.621176,84500,83683.35
2025-07-09 13:10:00,ATM+9,CALL,124.15,126.2,124,126.2,1040,76900,9.225103,84600,83683.35
2025-07-09 13:10:00,ATM+9,PUT,935,935,935,935,0,1580,10.299261,84600,83683.35
2025-07-09 13:10:00,ATM+10,CALL,104.45,106,104.4,106,1320,95580,9.229409,84700,83683.35
2025-07-09 13:10:00,ATM+10,PUT,1026.1,1026.1,1026.1,1026.1,0,1840,10.223853,84700,83683.35
2025-07-09 13:11:00,ATM-10,CALL,1192.2,1194.4,1192.2,1194.4,480,2040,9.043217,82700,83698.4
2025-07-09 13:11:00,ATM-10,PUT,99.25,99.25,92.4,94.5,6120,84500,10.570804,82700,83698.4
2025-07-09 13:11:00,ATM-9,CALL,1108.9,1108.9,1108.9,1108.9,200,2820,9.085944,82800,83698.4
2025-07-09 13:11:00,ATM-9,PUT,113.75,113.75,106.8,107.9,6460,97740,10.439485,82800,83698.4
2025-07-09 13:11:00,ATM-8,CALL,1022.05,1026.4,1022.05,1026.4,480,3160,9.14405,82900,83698.4
2025-07-09 13:11:00,ATM-8,PUT,131.2,131.5,123.35,125.7,4540,73460,10.395483,82900,83698.4
2025-07-09 13:11:00,ATM-7,CALL,928.9,949.9,928.9,941.15,1240,40180,9.012183,83000,83698.4
2025-07-09 13:11:00,ATM-7,PUT,151,151.75,142.55,145.25,25260,232620,10.333432,83000,83698.4
2025-07-09 13:11:00,ATM-6,CALL,865.4,865.4,865.4,865.4,20,7340,9.107408,83100,83698.4
2025-07-09 13:11:00,ATM-6,PUT,173.5,174.05,164.25,165,7960,74020,10.205824,83100,83698.4
2025-07-09 13:11:00,ATM-5,CALL,780.6,794.15,780.35,794.15,880,12920,9.229032,83200,83698.4
2025-07-09 13:11:00,ATM-5,PUT,199.5,200.45,189.45,191.1,24460,107720,10.187191,83200,83698.4
2025-07-09 13:11:00,ATM-4,CALL,709.95,725.75,709.95,716.85,2380,41640,9.084126,83300,83698.4
2025-07-09 13:11:00,ATM-4,PUT,228.05,229.9,216.95,221,10480,261680,10.189251,83300,83698.4
2025-07-09 13:11:00,ATM-3,CALL,640.85,653.6,640.85,650,2820,50260,9.132383,83400,83698.4
2025-07-09 13:11:00,ATM-3,PUT,261.25,262.05,248.1,252.35,12060,130740,10.146354,83400,83698.4
2025-07-09 13:11:00,ATM-2,CALL,576,588,574.35,585,7100,309440,9.131496,83500,83698.4
2025-07-09 13:11:00,ATM-2,PUT,296.3,297.75,282.55,287.5,39280,491020,10.117002,83500,83698.4
2025-07-09 13:11:00,ATM-1,CALL,514.75,526.9,514.35,524.2,15480,258100,9.139845,83600,83698.4
2025-07-09 13:11:00,ATM-1,PUT,335.7,337.15,321.1,324.15,30140,409760,10.042175,83600,83698.4
2025-07-09 13:11:00,ATM,CALL,459.9,470.5,458,465.95,30040,315080,9.115699,83700,83698.4
2025-07-09 13:11:00,ATM,PUT,378.6,380.95,364.35,369,36680,290420,10.07825,83700,83698.4
2025-07-09 13:11:00,ATM+1,CALL,407.95,417,406.55,413.9,20480,269200,9.143301,83800,83698.4
2025-07-09 13:11:00,ATM+1,PUT,426.05,428.15,410.8,417,14580,195640,10.102446,83800,83698.4
2025-07-09 13:11:00,ATM+2,CALL,358.35,367.8,357.7,365.15,13960,155020,9.154027,83900,83698.4
2025-07-09 13:11:00,ATM+2,PUT,477.95,479.9,460,467.75,7540,74160,10.105899,83900,83698.4
2025-07-09 13:11:00,ATM+3,CALL,313.25,322.15,312.25,319.6,18760,347180,9.14611,84000,83698.4
2025-07-09 13:11:00,ATM+3,PUT,534.4,535.4,515.2,523.75,12600,126420,10.147416,84000,83698.4
2025-07-09 13:11:00,ATM+4,CALL,272.3,280.5,272.3,278,5360,94100,9.13791,84100,83698.4
2025-07-09 13:11:00,ATM+4,PUT,592.8,592.8,574.65,580.05,720,18240,10.112159,84100,83698.4
2025-07-09 13:11:00,ATM+5,CALL,236.95,243,236.05,241.8,9000,124480,9.167231,84200,83698.4
2025-07-09 13:11:00,ATM+5,PUT,652.5,652.5,637.55,640.6,1060,12980,10.093339,84200,83698.4
2025-07-09 13:11:00,ATM+6,CALL,203.75,209.65,203.45,208.1,6160,88020,9.167164,84300,83698.4
2025-07-09 13:11:00,ATM+6,PUT,721.5,721.5,709.1,709.1,140,6840,10.187576,84300,83698.4
2025-07-09 13:11:00,ATM+7,CALL,174.15,179.6,174.15,178.35,5520,102380,9.177392,84400,83698.4
2025-07-09 13:11:00,ATM+7,PUT,781.8,781.8,776.55,777.15,140,5860,10.191065,84400,83698.4
2025-07-09 13:11:00,ATM+8,CALL,148.7,153.1,148.2,151.9,6240,211520,9.186454,84500,83698.4
2025-07-09 13:11:00,ATM+8,PUT,867.35,867.35,851.05,851.4,760,37820,10.279187,84500,83698.4
2025-07-09 13:11:00,ATM+9,CALL,125.95,129.85,125.7,128.85,3000,76900,9.203725,84600,83698.4
2025-07-09 13:11:00,ATM+9,PUT,931.25,931.25,928.25,928.25,640,1720,10.366096,84600,83698.4
2025-07-09 13:11:00,ATM+10,CALL,106.3,109.5,105.45,108.7,8060,95580,9.222103,84700,83698.4
2025-07-09 13:11:00,ATM+10,PUT,1011.45,1011.45,1008.45,1008.45,640,1940,10.480826,84700,83698.4
2025-07-09 13:12:00,ATM-10,CALL,1194.4,1194.4,1194.4,1194.4,0,2040,9.043217,82700,83702.27
2025-07-09 13:12:00,ATM-10,PUT,95.5,96.2,94,94,3720,85080,10.575381,82700,83702.27
2025-07-09 13:12:00,ATM-9,CALL,1108.9,1108.9,1108.9,1108.9,0,2820,9.085944,82800,83702.27
2025-07-09 13:12:00,ATM-9,PUT,108.8,110.85,108.8,109.75,1700,97220,10.530306,82800,83702.27
2025-07-09 13:12:00,ATM-8,CALL,1026.4,1026.4,1026.4,1026.4,0,3160,9.14405,82900,83702.27
2025-07-09 13:12:00,ATM-8,PUT,126.4,127.75,124.85,124.85,2100,74360,10.393283,82900,83702.27
2025-07-09 13:12:00,ATM-7,CALL,940.15,940.15,938,940,560,41180,8.8672,83000,83702.27
2025-07-09 13:12:00,ATM-7,PUT,145.95,148,144.55,144.65,12400,243080,10.342102,83000,83702.27
2025-07-09 13:12:00,ATM-6,CALL,860,860,860,860,120,7340,8.8459,83100,83702.27
2025-07-09 13:12:00,ATM-6,PUT,167.9,170.5,165.9,165.9,3540,73480,10.260621,83100,83702.27
2025-07-09 13:12:00,ATM-5,CALL,788.2,793.4,788.2,793.4,80,13720,9.125976,83200,83702.27
2025-07-09 13:12:00,ATM-5,PUT,193,196.05,191.3,192.05,3680,107720,10.243484,83200,83702.27
2025-07-09 13:12:00,ATM-4,CALL,717.5,719.75,715.1,715.95,280,41640,8.985876,83300,83702.27
2025-07-09 13:12:00,ATM-4,PUT,221.75,224.8,219.9,219.9,3460,261060,10.192259,83300,83702.27
2025-07-09 13:12:00,ATM-3,CALL,650,651.6,646.95,650,780,50500,9.066088,83400,83702.27
2025-07-09 13:12:00,ATM-3,PUT,252.65,257,251.2,251.2,3960,130740,10.151129,83400,83702.27
2025-07-09 13:12:00,ATM-2,CALL,582.6,588.9,580,588.2,4280,309440,9.150379,83500,83702.27
2025-07-09 13:12:00,ATM-2,PUT,287.65,292.45,286.05,286.05,11440,510460,10.117501,83500,83702.27
2025-07-09 13:12:00,ATM-1,CALL,521,526,519.5,526,13720,259520,9.128269,83600,83702.27
2025-07-09 13:12:00,ATM-1,PUT,326.65,331.8,324.2,324.2,10900,409760,10.081523,83600,83702.27
2025-07-09 13:12:00,ATM,CALL,466.8,471,463.25,471,16000,315780,9.184084,83700,83702.27
2025-07-09 13:12:00,ATM,PUT,370.15,375.05,367.15,367.2,18540,290460,10.076951,83700,83702.27
2025-07-09 13:12:00,ATM+1,CALL,414.45,417.9,411.15,416.4,9500,262780,9.155453,83800,83702.27
2025-07-09 13:12:00,ATM+1,PUT,417,421.9,413.85,413.85,10780,189680,10.073107,83800,83702.27
2025-07-09 13:12:00,ATM+2,CALL,363.8,367.95,362,367.6,10740,157840,9.168618,83900,83702.27
2025-07-09 13:12:00,ATM+2,PUT,466.35,472.35,464.2,464.2,1540,73720,10.070536,83900,83702.27
2025-07-09 13:12:00,ATM+3,CALL,319.1,323.05,317.25,323.05,17560,339260,9.187905,84000,83702.27
2025-07-09 13:12:00,ATM+3,PUT,523.85,528.85,517.05,518.2,7220,124680,10.068209,84000,83702.27
2025-07-09 13:12:00,ATM+4,CALL,278.05,280.95,276.65,280.95,2980,95120,9.172228,84100,83702.27
2025-07-09 13:12:00,ATM+4,PUT,585.9,586.8,577.3,577.3,180,18120,10.101501,84100,83702.27
2025-07-09 13:12:00,ATM+5,CALL,241,244.35,239.8,243.9,4020,120620,9.18522,84200,83702.27
2025-07-09 13:12:00,ATM+5,PUT,643.05,649.95,640,640,80,13220,10.138127,84200,83702.27
2025-07-09 13:12:00,ATM+6,CALL,207.4,210.2,207,210.2,3040,85900,9.189514,84300,83702.27
2025-07-09 13:12:00,ATM+6,PUT,709,716,709,716,1020,7060,10.425297,84300,83702.27
2025-07-09 13:12:00,ATM+7,CALL,177.75,180,176.45,180,1380,102820,9.192346,84400,83702.27
2025-07-09 13:12:00,ATM+7,PUT,785,785,785,785,20,5580,10.466356,84400,83702.27
2025-07-09 13:12:00,ATM+8,CALL,151.45,153.25,150.1,153.25,7740,210880,9.197339,84500,83702.27
2025-07-09 13:12:00,ATM+8,PUT,851.4,851.4,851.4,851.4,0,37820,10.279187,84500,83702.27
2025-07-09 13:12:00,ATM+9,CALL,129,129.4,128,129.2,2600,77480,9.188253,84600,83702.27
2025-07-09 13:12:00,ATM+9,PUT,928.25,928.25,928.25,928.25,0,1720,10.366096,84600,83702.27
2025-07-09 13:12:00,ATM+10,CALL,108.5,109.45,107.75,109.2,2260,98660,9.213934,84700,83702.27
2025-07-09 13:12:00,ATM+10,PUT,1008.45,1008.45,1008.45,1008.45,0,1940,10.480826,84700,83702.27
2025-07-09 13:13:00,ATM-10,CALL,1194.4,1194.4,1194.4,1194.4,0,2040,9.043217,82700,83707.33
2025-07-09 13:13:00,ATM-10,PUT,93.85,93.9,90.75,91.65,7240,85080,10.515104,82700,83707.33
2025-07-09 13:13:00,ATM-9,CALL,1120.45,1120.45,1120.45,1120.45,20,2840,9.247239,82800,83707.33
2025-07-09 13:13:00,ATM-9,PUT,108.85,108.85,105,106.05,2300,97220,10.43015,82800,83707.33
2025-07-09 13:13:00,ATM-8,CALL,1026.4,1026.4,1026.4,1026.4,0,3160,9.14405,82900,83707.33
2025-07-09 13:13:00,ATM-8,PUT,125.1,125.35,121.15,122.9,5380,74360,10.362061,82900,83707.33
2025-07-09 13:13:00,ATM-7,CALL,948.05,954.35,948.05,954.35,680,41180,9.216004,83000,83707.33
2025-07-09 13:13:00,ATM-7,PUT,144.5,144.7,140,141.5,16180,243080,10.27952,83000,83707.33
2025-07-09 13:13:00,ATM-6,CALL,870,876.95,870,876.8,200,7340,9.247293,83100,83707.33
2025-07-09 13:13:00,ATM-6,PUT,166.75,166.75,161.65,163.7,6900,73480,10.233505,83100,83707.33
2025-07-09 13:13:00,ATM-5,CALL,796.7,801.75,796.7,797,360,13720,9.121862,83200,83707.33
2025-07-09 13:13:00,ATM-5,PUT,191.25,191.45,185.9,188.9,4960,107720,10.195728,83200,83707.33
2025-07-09 13:13:00,ATM-4,CALL,721.7,729.6,721.7,724.85,480,41640,9.130344,83300,83707.33
2025-07-09 13:13:00,ATM-4,PUT,220,220.3,214,216.1,3100,261060,10.133704,83300,83707.33
2025-07-09 13:13:00,ATM-3,CALL,653.1,660.25,653.1,655.05,1600,50500,9.108726,83400,83707.33
2025-07-09 13:13:00,ATM-3,PUT,251.45,251.45,244.25,247.7,8020,130740,10.106645,83400,83707.33
2025-07-09 13:13:00,ATM-2,CALL,587.55,594,586,590.1,12800,309440,9.118283,83500,83707.33
2025-07-09 13:13:00,ATM-2,PUT,286.9,286.95,279.05,281.65,17920,510460,10.056658,83500,83707.33
2025-07-09 13:13:00,ATM-1,CALL,526.1,532.95,525.7,529.15,12560,259520,9.13173,83600,83707.33
2025-07-09 13:13:00,ATM-1,PUT,324.85,325.8,316.8,320.6,14140,409760,10.04546,83600,83707.33
2025-07-09 13:13:00,ATM,CALL,470.35,475.75,469.65,472.9,29920,315780,9.162898,83700,83707.33
2025-07-09 13:13:00,ATM,PUT,366.8,368.2,358.4,362.95,22200,290460,10.030544,83700,83707.33
2025-07-09 13:13:00,ATM+1,CALL,416.35,421.95,416.35,419.95,18180,262780,9.177448,83800,83707.33
2025-07-09 13:13:00,ATM+1,PUT,413.95,414.75,405.4,408.8,13160,189680,10.01281,83800,83707.33
2025-07-09 13:13:00,ATM+2,CALL,366.9,372.2,366.9,369.35,13880,157840,9.153549,83900,83707.33
2025-07-09 13:13:00,ATM+2,PUT,465,465,455.85,460.2,2740,73720,10.038888,83900,83707.33
2025-07-09 13:13:00,ATM+3,CALL,323.05,326.65,322.05,324.55,21160,339260,9.171525,84000,83707.33
2025-07-09 13:13:00,ATM+3,PUT,518.9,518.9,511.25,514.3,6300,124680,10.042929,84000,83707.33
2025-07-09 13:13:00,ATM+4,CALL,280.55,285.75,280.55,283.3,4920,95120,9.180561,84100,83707.33
2025-07-09 13:13:00,ATM+4,PUT,575.35,575.35,569.4,570.2,460,18120,10.003999,84100,83707.33
2025-07-09 13:13:00,ATM+5,CALL,243.65,247.2,243.3,245.5,6180,120620,9.180049,84200,83707.33
2025-07-09 13:13:00,ATM+5,PUT,640.35,640.35,632,636.1,180,13220,10.120391,84200,83707.33
2025-07-09 13:13:00,ATM+6,CALL,210.3,213.25,210,211.15,2380,85900,9.172205,84300,83707.33
2025-07-09 13:13:00,ATM+6,PUT,701.1,701.1,697.2,697.2,40,7060,10.036597,84300,83707.33
2025-07-09 13:13:00,ATM+7,CALL,179.8,182.8,179.8,180.9,2480,102820,9.177547,84400,83707.33
2025-07-09 13:13:00,ATM+7,PUT,768.05,769.5,766.7,769.5,80,5580,10.152733,84400,83707.33
2025-07-09 13:13:00,ATM+8,CALL,153.1,155.5,153.1,154.95,4740,210880,9.209222,84500,83707.33
2025-07-09 13:13:00,ATM+8,PUT,851.4,851.4,851.4,851.4,0,37820,10.279187,84500,83707.33
2025-07-09 13:13:00,ATM+9,CALL,129.8,131.9,129.8,131.3,1120,77480,9.218022,84600,83707.33
2025-07-09 13:13:00,ATM+9,PUT,919,919,919,919,40,2280,10.292069,84600,83707.33
2025-07-09 13:13:00,ATM+10,CALL,109.5,110.85,109.45,110.4,3240,98660,9.221004,84700,83707.33
2025-07-09 13:13:00,ATM+10,PUT,1008.45,1008.45,1008.45,1008.45,0,1940,10.480826,84700,83707.33
2025-07-09 13:14:00,ATM-10,CALL,1194.4,1194.4,1194.4,1194.4,0,2040,9.043217,82700,83714.4
2025-07-09 13:14:00,ATM-10,PUT,91.95,92.5,90.2,90.95,3360,85080,10.530574,82700,83714.4
2025-07-09 13:14:00,ATM-9,CALL,1120.45,1120.45,1120.45,1120.45,0,2840,9.247239,82800,83714.4
2025-07-09 13:14:00,ATM-9,PUT,106.15,106.5,104.15,105.25,1680,97220,10.445965,82800,83714.4
2025-07-09 13:14:00,ATM-8,CALL,1040.35,1040.35,1040.35,1040.35,40,3140,9.170174,82900,83714.4
2025-07-09 13:14:00,ATM-8,PUT,123.2,123.2,120.6,121.6,2660,74360,10.365272,82900,83714.4
2025-07-09 13:14:00,ATM-7,CALL,947.8,955,947.8,951.15,720,41180,8.913285,83000,83714.4
2025-07-09 13:14:00,ATM-7,PUT,142.3,142.65,139.6,140.7,8060,243080,10.30352,83000,83714.4
2025-07-09 13:14:00,ATM-6,CALL,877.65,877.65,877.65,877.65,120,7340,9.103919,83100,83714.4
2025-07-09 13:14:00,ATM-6,PUT,163.95,164.65,161.2,162.35,6500,73480,10.245438,83100,83714.4
2025-07-09 13:14:00,ATM-5,CALL,797,797,797,797,0,13720,9.121862,83200,83714.4
2025-07-09 13:14:00,ATM-5,PUT,189.35,189.8,185.45,186.8,2300,107720,10.19185,83200,83714.4
2025-07-09 13:14:00,ATM-4,CALL,724.4,731.25,724.4,729.9,1040,41640,9.131269,83300,83714.4
2025-07-09 13:14:00,ATM-4,PUT,216.65,218,213.55,215.3,5040,261060,10.170005,83300,83714.4
2025-07-09 13:14:00,ATM-3,CALL,656.7,661.45,656.7,660,620,50500,9.113455,83400,83714.4
2025-07-09 13:14:00,ATM-3,PUT,247.5,248.75,243.6,245.25,2740,130740,10.105468,83400,83714.4
2025-07-09 13:14:00,ATM-2,CALL,591,595,589.1,591.3,5220,309440,9.036438,83500,83714.4
2025-07-09 13:14:00,ATM-2,PUT,282.8,283.75,278,279.9,34640,510460,10.078469,83500,83714.4
2025-07-09 13:14:00,ATM-1,CALL,529.45,534,527.5,532.65,8380,259520,9.11426,83600,83714.4
2025-07-09 13:14:00,ATM-1,PUT,320.4,322.2,316.2,318.95,9880,409760,10.075026,83600,83714.4
2025-07-09 13:14:00,ATM,CALL,472.7,476.85,471,475.35,11960,315780,9.127742,83700,83714.4
2025-07-09 13:14:00,ATM,PUT,363,364.95,358,359.8,11640,290460,10.0304,83700,83714.4
2025-07-09 13:14:00,ATM+1,CALL,419.15,423.55,417.5,421.65,15620,262780,9.131833,83800,83714.4
2025-07-09 13:14:00,ATM+1,PUT,409.5,411.75,403.8,406.2,10180,189680,10.031417,83800,83714.4
2025-07-09 13:14:00,ATM+2,CALL,369.2,373.6,368.2,371.95,8220,157840,9.135422,83900,83714.4
2025-07-09 13:14:00,ATM+2,PUT,461.8,462.6,454.3,457.8,3620,73720,10.06812,83900,83714.4
2025-07-09 13:14:00,ATM+3,CALL,323.5,327.55,323.05,325.2,11840,339260,9.114171,84000,83714.4
2025-07-09 13:14:00,ATM+3,PUT,514.95,517.15,509,512,10620,124680,10.080719,84000,83714.4
2025-07-09 13:14:00,ATM+4,CALL,282.2,285.15,281.7,284.45,4280,95120,9.140611,84100,83714.4
2025-07-09 13:14:00,ATM+4,PUT,575,575,567,567,160,18120,10.027112,84100,83714.4
2025-07-09 13:14:00,ATM+5,CALL,244.75,247.75,244.15,246.65,3320,120620,9.145528,84200,83714.4
2025-07-09 13:14:00,ATM+5,PUT,635.9,637,630,630,240,13220,10.079384,84200,83714.4
2025-07-09 13:14:00,ATM+6,CALL,211.45,213.15,210.3,212.5,6960,85900,9.148067,84300,83714.4
2025-07-09 13:14:00,ATM+6,PUT,700.05,700.4,700.05,700.4,240,7060,10.23377,84300,83714.4
2025-07-09 13:14:00,ATM+7,CALL,181,182.4,179.8,181.95,3160,102820,9.150777,84400,83714.4
2025-07-09 13:14:00,ATM+7,PUT,774.4,774.4,774.4,774.4,20,5580,10.407172,84400,83714.4
2025-07-09 13:14:00,ATM+8,CALL,154.3,155.75,153.85,154.25,4980,210880,9.137548,84500,83714.4
2025-07-09 13:14:00,ATM+8,PUT,847.2,847.2,838.8,838.8,160,37940,10.249804,84500,83714.4
2025-07-09 13:14:00,ATM+9,CALL,130.5,132.15,130.4,131.05,1400,77480,9.161637,84600,83714.4
2025-07-09 13:14:00,ATM+9,PUT,919,919,919,919,0,2280,10.292069,84600,83714.4
2025-07-09 13:14:00,ATM+10,CALL,110,111.35,109.9,110.15,2680,98660,9.166698,84700,83714.4
2025-07-09 13:14:00,ATM+10,PUT,1008.45,1008.45,1008.45,1008.45,0,1940,10.480826,84700,83714.4
2025-07-09 13:15:00,ATM-10,CALL,1194.4,1194.4,1194.4,1194.4,0,2040,9.043217,82700,83717.27
2025-07-09 13:15:00,ATM-10,PUT,91.7,93,90.95,92,2780,87460,10.589358,82700,83717.27
2025-07-09 13:15:00,ATM-9,CALL,1120.45,1120.45,1120.45,1120.45,0,2840,9.247239,82800,83717.27
2025-07-09 13:15:00,ATM-9,PUT,105.95,106.45,105.4,106.45,600,97380,10.507759,82800,83717.27
2025-07-09 13:15:00,ATM-8,CALL,1040.35,1040.35,1040.35,1040.35,0,3140,9.170174,82900,83717.27
2025-07-09 13:15:00,ATM-8,PUT,122.45,123.1,121.95,123,520,73640,10.431473,82900,83717.27
2025-07-09 13:15:00,ATM-7,CALL,952.7,953.5,947.3,947.3,220,40680,8.697511,83000,83717.27
2025-07-09 13:15:00,ATM-7,PUT,141.65,143.35,141.25,143.35,2120,238600,10.406508,83000,83717.27
2025-07-09 13:15:00,ATM-6,CALL,873,873,873,873,100,7380,8.887306,83100,83717.27
2025-07-09 13:15:00,ATM-6,PUT,163.2,165.25,162.75,165.25,1120,76700,10.351712,83100,83717.27
2025-07-09 13:15:00,ATM-5,CALL,799.8,801,797.75,801,140,13300,9.023479,83200,83717.27
2025-07-09 13:15:00,ATM-5,PUT,187.5,190,187.05,189.9,1600,102840,10.300135,83200,83717.27
2025-07-09 13:15:00,ATM-4,CALL,726.1,727.85,723.95,723.95,180,41380,8.912957,83300,83717.27
2025-07-09 13:15:00,ATM-4,PUT,216,218.75,215.15,217.5,1900,262120,10.251629,83300,83717.27
2025-07-09 13:15:00,ATM-3,CALL,656.8,659.6,655,655,1760,50820,8.933928,83400,83717.27
2025-07-09 13:15:00,ATM-3,PUT,246.65,248.95,245.65,248.85,2040,130820,10.221553,83400,83717.27
2025-07-09 13:15:00,ATM-2,CALL,592.25,594.6,588.2,590.3,5780,307380,8.966434,83500,83717.27
2025-07-09 13:15:00,ATM-2,PUT,281.35,284.1,280.1,284.1,12400,505540,10.20772,83500,83717.27
2025-07-09 13:15:00,ATM-1,CALL,530,532.65,528.05,528.15,4700,261260,8.965208,83600,83717.27
2025-07-09 13:15:00,ATM-1,PUT,318.95,322.9,318,321.85,6460,402260,10.172344,83600,83717.27
2025-07-09 13:15:00,ATM,CALL,473.6,475.45,471.05,473.1,14800,312880,9.037521,83700,83717.27
2025-07-09 13:15:00,ATM,PUT,361.15,365.55,360.6,364.65,13580,293120,10.174092,83700,83717.27
2025-07-09 13:15:00,ATM+1,CALL,420,422.25,417.7,419.2,10940,267020,9.040681,83800,83717.27
2025-07-09 13:15:00,ATM+1,PUT,408.15,412.05,407.05,411.45,5320,189280,10.185454,83800,83717.27
2025-07-09 13:15:00,ATM+2,CALL,370,372.3,368.5,369.6,5780,155560,9.049378,83900,83717.27
2025-07-09 13:15:00,ATM+2,PUT,459.05,462.8,457.2,462.65,1920,75340,10.215124,83900,83717.27
2025-07-09 13:15:00,ATM+3,CALL,325.7,327.25,323.35,324,14700,352760,9.056941,84000,83717.27
2025-07-09 13:15:00,ATM+3,PUT,513.7,517.6,512.6,515.85,3940,125380,10.207834,84000,83717.27
2025-07-09 13:15:00,ATM+4,CALL,283,285.15,282,282,2140,96420,9.055126,84100,83717.27
2025-07-09 13:15:00,ATM+4,PUT,570.85,573.85,570.85,573.85,80,17900,10.229783,84100,83717.27
2025-07-09 13:15:00,ATM+5,CALL,245.85,247.2,244.05,244.8,8020,121280,9.074919,84200,83717.27
2025-07-09 13:15:00,ATM+5,PUT,634.1,636.9,633.55,636.9,160,13000,10.290387,84200,83717.27
2025-07-09 13:15:00,ATM+6,CALL,211,212.5,210.15,210.65,1100,85800,9.077303,84300,83717.27
2025-07-09 13:15:00,ATM+6,PUT,700.4,700.4,700.4,700.4,0,7060,10.23377,84300,83717.27
2025-07-09 13:15:00,ATM+7,CALL,181.05,182.45,180,180.3,1060,102880,9.084485,84400,83717.27
2025-07-09 13:15:00,ATM+7,PUT,774.4,774.4,774.4,774.4,0,5580,10.407172,84400,83717.27
2025-07-09 13:15:00,ATM+8,CALL,154.5,155.5,153.65,153.75,2500,209600,9.102668,84500,83717.27
2025-07-09 13:15:00,ATM+8,PUT,843,843,843,843,100,37940,10.420128,84500,83717.27
2025-07-09 13:15:00,ATM+9,CALL,130.55,131.9,130,130.3,1440,77620,9.11932,84600,83717.27
2025-07-09 13:15:00,ATM+9,PUT,919,919,919,919,0,2280,10.292069,84600,83717.27
2025-07-09 13:15:00,ATM+10,CALL,110.15,112,109.7,109.7,4940,99500,9.133511,84700,83717.27
2025-07-09 13:15:00,ATM+10,PUT,993.5,993.5,993.5,993.5,20,2280,10.469149,84700,83717.27
2025-07-09 13:16:00,ATM-10,CALL,1194.4,1194.4,1194.4,1194.4,0,2040,9.043217,82700,83721.54
2025-07-09 13:16:00,ATM-10,PUT,92.4,92.7,90.6,91.75,2260,87460,10.605651,82700,83721.54
2025-07-09 13:16:00,ATM-9,CALL,1118.1,1118.1,1118.1,1118.1,20,2940,8.6281,82800,83721.54
2025-07-09 13:16:00,ATM-9,PUT,106.25,107,104.8,105.05,4460,97380,10.484257,82800,83721.54
2025-07-09 13:16:00,ATM-8,CALL,1040.35,1040.35,1040.35,1040.35,0,3140,9.170174,82900,83721.54
2025-07-09 13:16:00,ATM-8,PUT,123.3,123.55,121.4,122.5,1640,73640,10.443109,82900,83721.54
2025-07-09 13:16:00,ATM-7,CALL,952.15,954.05,952.15,954.05,60,40680,8.812967,83000,83721.54
2025-07-09 13:16:00,ATM-7,PUT,142.7,142.9,140.4,141.2,3020,238600,10.369062,83000,83721.54
2025-07-09 13:16:00,ATM-6,CALL,873,873,873,873,0,7380,8.887306,83100,83721.54
2025-07-09 13:16:00,ATM-6,PUT,164.5,164.8,161.85,162.85,1580,76700,10.312526,83100,83721.54
2025-07-09 13:16:00,ATM-5,CALL,802.95,802.95,802.95,802.95,260,13300,8.987278,83200,83721.54
2025-07-09 13:16:00,ATM-5,PUT,189.9,189.9,186.5,186.65,3540,102840,10.242821,83200,83721.54
2025-07-09 13:16:00,ATM-4,CALL,722.9,730.6,722.9,729.35,1280,41380,8.977642,83300,83721.54
2025-07-09 13:16:00,ATM-4,PUT,218.4,218.4,214,214.9,2540,262120,10.217688,83300,83721.54
2025-07-09 13:16:00,ATM-3,CALL,658.8,662.8,657.4,661.1,1580,50820,9.017346,83400,83721.54
2025-07-09 13:16:00,ATM-3,PUT,248.75,248.75,244.45,245.35,4020,130820,10.169646,83400,83721.54
2025-07-09 13:16:00,ATM-2,CALL,588.55,597.25,588.55,593.85,6580,307380,8.986828,83500,83721.54
2025-07-09 13:16:00,ATM-2,PUT,282.6,283.9,277.95,280,11860,505540,10.146376,83500,83721.54
2025-07-09 13:16:00,ATM-1,CALL,529.05,535,527.3,531.8,7240,261260,8.99135,83600,83721.54
2025-07-09 13:16:00,ATM-1,PUT,322.15,322.15,316.05,317.6,5140,402260,10.112512,83600,83721.54
2025-07-09 13:16:00,ATM,CALL,471.2,477.85,471.2,475.25,14360,312880,9.031875,83700,83721.54
2025-07-09 13:16:00,ATM,PUT,363.9,365.35,358.35,360.4,9660,293120,10.118898,83700,83721.54
2025-07-09 13:16:00,ATM+1,CALL,419.05,424.7,418.5,421.35,10380,267020,9.039113,83800,83721.54
2025-07-09 13:16:00,ATM+1,PUT,411,412.2,405,407,7000,189280,10.129722,83800,83721.54
2025-07-09 13:16:00,ATM+2,CALL,368.3,373.95,368.3,372,4400,155560,9.057625,83900,83721.54
2025-07-09 13:16:00,ATM+2,PUT,461.55,461.55,456.2,457.3,2020,75340,10.142175,83900,83721.54
2025-07-09 13:16:00,ATM+3,CALL,323.6,327.75,323,325.5,6460,352760,9.048228,84000,83721.54
2025-07-09 13:16:00,ATM+3,PUT,516.3,516.95,509.05,510.7,3900,125380,10.142627,84000,83721.54
2025-07-09 13:16:00,ATM+4,CALL,281.9,285.85,281.9,284.75,4880,96420,9.080067,84100,83721.54
2025-07-09 13:16:00,ATM+4,PUT,566.85,566.85,566.85,566.85,40,17900,10.123327,84100,83721.54
2025-07-09 13:16:00,ATM+5,CALL,244.35,248,243.85,246.4,7560,121280,9.076391,84200,83721.54
2025-07-09 13:16:00,ATM+5,PUT,637.55,637.55,630,633.55,1880,13000,10.273436,84200,83721.54
2025-07-09 13:16:00,ATM+6,CALL,211.35,213.45,210.85,212.75,1720,85800,9.095623,84300,83721.54
2025-07-09 13:16:00,ATM+6,PUT,694.6,694.65,694.6,694.65,40,6800,10.207077,84300,83721.54
2025-07-09 13:16:00,ATM+7,CALL,179.8,183,179.8,181.9,1540,102880,9.094361,84400,83721.54
2025-07-09 13:16:00,ATM+7,PUT,767.3,767.3,767.3,767.3,20,5580,10.349992,84400,83721.54
2025-07-09 13:16:00,ATM+8,CALL,154.4,156.15,154.4,155.7,5600,209600,9.127079,84500,83721.54
2025-07-09 13:16:00,ATM+8,PUT,844.2,844.2,839,839,260,37940,10.394406,84500,83721.54
2025-07-09 13:16:00,ATM+9,CALL,130,132.3,130,131.6,800,77620,9.129685,84600,83721.54
2025-07-09 13:16:00,ATM+9,PUT,919,919,919,919,0,2280,10.292069,84600,83721.54
2025-07-09 13:16:00,ATM+10,CALL,110.1,111.95,110.05,111.2,2600,99500,9.155283,84700,83721.54
2025-07-09 13:16:00,ATM+10,PUT,993.5,993.5,993.5,993.5,0,2280,10.469149,84700,83721.54
2025-07-09 13:17:00,ATM-10,CALL,1194.4,1194.4,1194.4,1194.4,0,2040,9.043217,82700,83722.89
2025-07-09 13:17:00,ATM-10,PUT,91.55,92.7,91.1,92.7,580,87460,10.651398,82700,83722.89
2025-07-09 13:17:00,ATM-9,CALL,1118.1,1118.1,1118.1,1118.1,0,2940,8.6281,82800,83722.89
2025-07-09 13:17:00,ATM-9,PUT,105.7,106.9,104.85,106.9,500,97380,10.560144,82800,83722.89
2025-07-09 13:17:00,ATM-8,CALL,1040.35,1040.35,1040.35,1040.35,0,3140,9.170174,82900,83722.89
2025-07-09 13:17:00,ATM-8,PUT,121.9,123.75,121.75,123.75,1520,73640,10.494349,82900,83722.89
2025-07-09 13:17:00,ATM-7,CALL,954.1,958,954.1,958,700,40680,8.913514,83000,83722.89
2025-07-09 13:17:00,ATM-7,PUT,141.6,142.85,140.2,142.85,4660,238600,10.430458,83000,83722.89
2025-07-09 13:17:00,ATM-6,CALL,873,873,873,873,0,7380,8.887306,83100,83722.89
2025-07-09 13:17:00,ATM-6,PUT,162.8,163.4,162.35,163.4,560,76700,10.338904,83100,83722.89
2025-07-09 13:17:00,ATM-5,CALL,802.95,802.95,802.95,802.95,0,13300,8.987278,83200,83722.89
2025-07-09 13:17:00,ATM-5,PUT,186.65,188.15,186,187.9,580,102840,10.288297,83200,83722.89
2025-07-09 13:17:00,ATM-4,CALL,729.8,733,727.45,727.45,640,41380,8.899279,83300,83722.89
2025-07-09 13:17:00,ATM-4,PUT,214.9,217.2,213.9,217.2,1520,262120,10.289816,83300,83722.89
2025-07-09 13:17:00,ATM-3,CALL,660,662.9,658,658,420,50820,8.913328,83400,83722.89
2025-07-09 13:17:00,ATM-3,PUT,245,246.4,243.6,246.4,1540,130820,10.208212,83400,83722.89
2025-07-09 13:17:00,ATM-2,CALL,594.1,597,591,591,2480,307380,8.894795,83500,83722.89
2025-07-09 13:17:00,ATM-2,PUT,278.85,282.05,278,282.05,4720,505540,10.209268,83500,83722.89
2025-07-09 13:17:00,ATM-1,CALL,532.65,535.35,528.8,528.8,8940,261260,8.900066,83600,83722.89
2025-07-09 13:17:00,ATM-1,PUT,317.35,320.05,315.8,320.05,4340,402260,10.18444,83600,83722.89
2025-07-09 13:17:00,ATM,CALL,477.6,478.8,474.2,474.2,15520,312880,8.989862,83700,83722.89
2025-07-09 13:17:00,ATM,PUT,360.15,362.45,358.1,362.45,6280,293120,10.181274,83700,83722.89
2025-07-09 13:17:00,ATM+1,CALL,421.95,424.8,420.3,420.3,11360,267020,8.998883,83800,83722.89
2025-07-09 13:17:00,ATM+1,PUT,406.3,409.9,404,409.9,5100,189280,10.212347,83800,83722.89
2025-07-09 13:17:00,ATM+2,CALL,372,374.3,370,370,5620,155560,8.996706,83900,83722.89
2025-07-09 13:17:00,ATM+2,PUT,457.55,459.85,455,459.85,4360,75340,10.217674,83900,83722.89
2025-07-09 13:17:00,ATM+3,CALL,326.9,328.85,324.6,324.6,13180,352760,9.013771,84000,83722.89
2025-07-09 13:17:00,ATM+3,PUT,511.25,514.4,508.85,514.4,1640,125380,10.246578,84000,83722.89
2025-07-09 13:17:00,ATM+4,CALL,285,286.7,283.15,283.15,2080,96420,9.029529,84100,83722.89
2025-07-09 13:17:00,ATM+4,PUT,570.85,571.2,567.75,567.75,520,17900,10.163647,84100,83722.89
2025-07-09 13:17:00,ATM+5,CALL,247.4,248.4,245,245,2600,121280,9.030521,84200,83722.89
2025-07-09 13:17:00,ATM+5,PUT,632.15,634.35,629.05,633.45,1300,13000,10.291508,84200,83722.89
2025-07-09 13:17:00,ATM+6,CALL,212.6,214.2,211,211,1840,85800,9.040242,84300,83722.89
2025-07-09 13:17:00,ATM+6,PUT,698.2,698.2,698.2,698.2,20,6800,10.317954,84300,83722.89
2025-07-09 13:17:00,ATM+7,CALL,182.5,183,180.85,180.85,1260,102880,9.056193,84400,83722.89
2025-07-09 13:17:00,ATM+7,PUT,767.3,767.3,767.3,767.3,0,5580,10.349992,84400,83722.89
2025-07-09 13:17:00,ATM+8,CALL,156.25,156.7,154.25,154.75,4900,209600,9.090695,84500,83722.89
2025-07-09 13:17:00,ATM+8,PUT,837,837,837,837,60,37940,10.366542,84500,83722.89
2025-07-09 13:17:00,ATM+9,CALL,132.15,133,131,131,2220,77620,9.102602,84600,83722.89
2025-07-09 13:17:00,ATM+9,PUT,915.3,915.3,911.05,911.05,120,2260,10.39711,84600,83722.89
2025-07-09 13:17:00,ATM+10,CALL,111.4,112.15,110.6,110.6,1620,99500,9.127246,84700,83722.89
2025-07-09 13:17:00,ATM+10,PUT,993.5,993.5,993.5,993.5,0,2280,10.469149,84700,83722.89
2025-07-09 13:18:00,ATM-10,CALL,1194.4,1194.4,1194.4,1194.4,0,2040,9.043217,82700,83716.39
2025-07-09 13:18:00,ATM-10,PUT,92.8,94.35,92.8,93.5,2400,88060,10.644055,82700,83716.39
2025-07-09 13:18:00,ATM-9,CALL,1118.1,1118.1,1118.1,1118.1,0,2940,8.6281,82800,83716.39
2025-07-09 13:18:00,ATM-9,PUT,107.05,108.2,106.8,107.55,840,97740,10.543376,82800,83716.39
2025-07-09 13:18:00,ATM-8,CALL,1040.35,1040.35,1040.35,1040.35,0,3140,9.170174,82900,83716.39
2025-07-09 13:18:00,ATM-8,PUT,124.5,125.55,123.7,124.5,1400,73800,10.477335,82900,83716.39
2025-07-09 13:18:00,ATM-7,CALL,950,950,945,945.5,340,40580,8.662211,83000,83716.39
2025-07-09 13:18:00,ATM-7,PUT,143.6,145.45,143.2,144,6620,238500,10.422165,83000,83716.39
2025-07-09 13:18:00,ATM-6,CALL,873,873,873,873,0,7380,8.887306,83100,83716.39
2025-07-09 13:18:00,ATM-6,PUT,164.7,166.9,164.7,165.75,1020,79060,10.361413,83100,83716.39
2025-07-09 13:18:00,ATM-5,CALL,796.8,796.8,796.25,796.25,100,13300,8.906321,83200,83716.39
2025-07-09 13:18:00,ATM-5,PUT,190.65,191.95,189.45,191.2,2280,102680,10.330816,83200,83716.39
2025-07-09 13:18:00,ATM-4,CALL,721.35,724.65,721,724.65,520,41840,8.952048,83300,83716.39
2025-07-09 13:18:00,ATM-4,PUT,217.75,220,217.25,218,3780,263800,10.259099,83300,83716.39
2025-07-09 13:18:00,ATM-3,CALL,650.5,656.6,650.5,653.2,420,50780,8.90515,83400,83716.39
2025-07-09 13:18:00,ATM-3,PUT,247.75,251.4,247.75,249.3,3120,130820,10.226768,83400,83716.39
2025-07-09 13:18:00,ATM-2,CALL,590.95,590.95,585.4,588.2,5260,306080,8.930651,83500,83716.39
2025-07-09 13:18:00,ATM-2,PUT,283,285.95,282.9,284.35,18140,494860,10.207162,83500,83716.39
2025-07-09 13:18:00,ATM-1,CALL,528,530,524,527.85,5980,260440,8.97305,83600,83716.39
2025-07-09 13:18:00,ATM-1,PUT,320.95,324.55,320.95,323.1,12320,403900,10.194924,83600,83716.39
2025-07-09 13:18:00,ATM,CALL,473,474,468.9,471.6,16820,315800,9.016151,83700,83716.39
2025-07-09 13:18:00,ATM,PUT,363.8,367,363.15,365,13920,302780,10.174444,83700,83716.39
2025-07-09 13:18:00,ATM+1,CALL,420.5,420.5,415.4,419,11240,271140,9.048898,83800,83716.39
2025-07-09 13:18:00,ATM+1,PUT,410,414.4,410,411.75,13220,189840,10.183883,83800,83716.39
2025-07-09 13:18:00,ATM+2,CALL,369,370.35,365.8,368,4580,155000,9.024241,83900,83716.39
2025-07-09 13:18:00,ATM+2,PUT,462.1,465.4,460.35,463.8,5560,76020,10.232495,83900,83716.39
2025-07-09 13:18:00,ATM+3,CALL,323.7,324.35,321,323.45,10560,358340,9.05526,84000,83716.39
2025-07-09 13:18:00,ATM+3,PUT,515.55,519.85,514.65,516.3,3080,128560,10.208189,84000,83716.39
2025-07-09 13:18:00,ATM+4,CALL,282.55,282.55,279,281.3,4780,97720,9.04892,84100,83716.39
2025-07-09 13:18:00,ATM+4,PUT,576,576.75,574,576.75,180,17980,10.287423,84100,83716.39
2025-07-09 13:18:00,ATM+5,CALL,244.95,244.95,241.5,244.3,5040,119720,9.072523,84200,83716.39
2025-07-09 13:18:00,ATM+5,PUT,636.8,644,636.8,638.5,1460,13300,10.317029,84200,83716.39
2025-07-09 13:18:00,ATM+6,CALL,211,211,208.15,210.9,1960,82840,9.093044,84300,83716.39
2025-07-09 13:18:00,ATM+6,PUT,707.7,707.7,704.4,705.85,60,6760,10.403792,84300,83716.39
2025-07-09 13:18:00,ATM+7,CALL,181,181,178.6,180.2,1900,103180,9.090658,84400,83716.39
2025-07-09 13:18:00,ATM+7,PUT,774.95,774.95,774.15,774.15,40,5580,10.437131,84400,83716.39
2025-07-09 13:18:00,ATM+8,CALL,153.45,154.15,152.2,152.85,3060,210840,9.085418,84500,83716.39
2025-07-09 13:18:00,ATM+8,PUT,849.3,849.3,846.75,846.75,80,38400,10.505595,84500,83716.39
2025-07-09 13:18:00,ATM+9,CALL,131,131,129.4,130.4,1580,77860,9.130415,84600,83716.39
2025-07-09 13:18:00,ATM+9,PUT,911.05,911.05,911.05,911.05,0,2260,10.39711,84600,83716.39
2025-07-09 13:18:00,ATM+10,CALL,110.9,110.9,109.35,109.35,4560,99220,9.129632,84700,83716.39
2025-07-09 13:18:00,ATM+10,PUT,1006.55,1006.55,1006.55,1006.55,20,2260,10.841596,84700,83716.39
2025-07-09 13:19:00,ATM-10,CALL,1194.4,1194.4,1194.4,1194.4,0,2040,9.043217,82700,83711.5
2025-07-09 13:19:00,ATM-10,PUT,93.85,94.4,93.35,93.75,2240,88060,10.624857,82700,83711.5
2025-07-09 13:19:00,ATM-9,CALL,1118.1,1118.1,1118.1,1118.1,0,2940,8.6281,82800,83711.5
2025-07-09 13:19:00,ATM-9,PUT,107.95,109.2,107.3,108,2400,97740,10.529362,82800,83711.5
2025-07-09 13:19:00,ATM-8,CALL,1029.25,1029.25,1029.25,1029.25,20,3180,8.848,82900,83711.5
2025-07-09 13:19:00,ATM-8,PUT,125.1,125.55,124.1,125.1,1100,73800,10.465717,82900,83711.5
2025-07-09 13:19:00,ATM-7,CALL,947.35,954,947.35,949.75,60,40580,8.95113,83000,83711.5
2025-07-09 13:19:00,ATM-7,PUT,144,145,143.4,143.4,3020,238500,10.370296,83000,83711.5
2025-07-09 13:19:00,ATM-6,CALL,869.75,877.3,869.75,877.3,60,7380,9.167971,83100,83711.5
2025-07-09 13:19:00,ATM-6,PUT,165.6,166.85,164.95,165.3,1380,79060,10.313321,83100,83711.5
2025-07-09 13:19:00,ATM-5,CALL,794.3,798.6,794.3,798.6,80,13440,9.083093,83200,83711.5
2025-07-09 13:19:00,ATM-5,PUT,190.45,191.8,189.9,190,240,102680,10.260751,83200,83711.5
2025-07-09 13:19:00,ATM-4,CALL,723.55,727,721.75,727,160,41840,9.112876,83300,83711.5
2025-07-09 13:19:00,ATM-4,PUT,217.95,219.55,217,218.15,600,263800,10.224068,83300,83711.5
2025-07-09 13:19:00,ATM-3,CALL,653,657.9,653,657.9,180,50780,9.114074,83400,83711.5
2025-07-09 13:19:00,ATM-3,PUT,249.05,251,247.65,249.15,5920,130820,10.18162,83400,83711.5
2025-07-09 13:19:00,ATM-2,CALL,588.25,593,587.3,593,1840,306080,9.128557,83500,83711.5
2025-07-09 13:19:00,ATM-2,PUT,284.45,285.6,282.05,282.05,6840,494860,10.106919,83500,83711.5
2025-07-09 13:19:00,ATM-1,CALL,527.35,531.95,525,530.05,3180,260440,9.097612,83600,83711.5
2025-07-09 13:19:00,ATM-1,PUT,323.2,324,320.45,321.15,4720,403900,10.101513,83600,83711.5
2025-07-09 13:19:00,ATM,CALL,471.15,475.25,469.15,474,9940,315800,9.138076,83700,83711.5
2025-07-09 13:19:00,ATM,PUT,366,366.75,362.5,363.5,8820,302780,10.089111,83700,83711.5
2025-07-09 13:19:00,ATM+1,CALL,419.05,422,415.75,420.6,9200,271140,9.146273,83800,83711.5
2025-07-09 13:19:00,ATM+1,PUT,410.8,413.85,408.3,409.6,4900,189840,10.080127,83800,83711.5
2025-07-09 13:19:00,ATM+2,CALL,368.7,372,366.6,369.85,2720,155000,9.122708,83900,83711.5
2025-07-09 13:19:00,ATM+2,PUT,462.05,464.2,459.25,460.2,2040,76020,10.091079,83900,83711.5
2025-07-09 13:19:00,ATM+3,CALL,322.65,326.25,321,324.4,10740,358340,9.12895,84000,83711.5
2025-07-09 13:19:00,ATM+3,PUT,518.05,518.8,513.75,516.6,2440,128560,10.152725,84000,83711.5
2025-07-09 13:19:00,ATM+4,CALL,281.25,283.7,279.75,283,5020,97720,9.13732,84100,83711.5
2025-07-09 13:19:00,ATM+4,PUT,575.45,576.5,575.45,576,100,17980,10.202128,84100,83711.5
2025-07-09 13:19:00,ATM+5,CALL,243.85,245.75,242,245,2200,119720,9.134328,84200,83711.5
2025-07-09 13:19:00,ATM+5,PUT,638.45,640.75,634.8,634.8,480,13300,10.153928,84200,83711.5
2025-07-09 13:19:00,ATM+6,CALL,210.55,211.75,208.2,210.95,940,82840,9.136045,84300,83711.5
2025-07-09 13:19:00,ATM+6,PUT,703.2,703.2,703.2,703.2,20,6760,10.258031,84300,83711.5
2025-07-09 13:19:00,ATM+7,CALL,178.8,180.1,178.25,180.1,1240,103180,9.1271,84400,83711.5
2025-07-09 13:19:00,ATM+7,PUT,774.15,774.15,774.15,774.15,0,5580,10.437131,84400,83711.5
2025-07-09 13:19:00,ATM+8,CALL,153.7,154.35,152.05,153.95,5960,210840,9.153654,84500,83711.5
2025-07-09 13:19:00,ATM+8,PUT,846.75,846.75,846.75,846.75,40,38400,10.411299,84500,83711.5
2025-07-09 13:19:00,ATM+9,CALL,130.05,130.55,128.55,130.55,500,77860,9.169786,84600,83711.5
2025-07-09 13:19:00,ATM+9,PUT,911.05,911.05,911.05,911.05,0,2260,10.39711,84600,83711.5
2025-07-09 13:19:00,ATM+10,CALL,109.55,110.2,108.45,109.5,1900,99220,9.167485,84700,83711.5
2025-07-09 13:19:00,ATM+10,PUT,1006.55,1006.55,1006.55,1006.55,0,2260,10.841596,84700,83711.5
2025-07-09 13:20:00,ATM-10,CALL,1202.8,1204.6,1202.8,1204.6,40,2480,8.567839,82700,83721.1
2025-07-09 13:20:00,ATM-10,PUT,93.9,93.9,92.7,93.15,2960,88060,10.659747,82700,83721.1
2025-07-09 13:20:00,ATM-9,CALL,1118.5,1118.5,1118.5,1118.5,20,2940,8.667561,82800,83721.1
2025-07-09 13:20:00,ATM-9,PUT,107.85,108.25,106.2,106.2,3320,97740,10.525165,82800,83721.1
2025-07-09 13:20:00,ATM-8,CALL,1029.25,1029.25,1029.25,1029.25,0,3180,8.848,82900,83721.1
2025-07-09 13:20:00,ATM-8,PUT,123.4,124,121.9,122.85,1340,73800,10.453945,82900,83721.1
2025-07-09 13:20:00,ATM-7,CALL,954,957.4,954,954.85,140,40580,8.857466,83000,83721.1
2025-07-09 13:20:00,ATM-7,PUT,143.9,143.9,141.75,141.75,1000,238500,10.385206,83000,83721.1
2025-07-09 13:20:00,ATM-6,CALL,874.15,874.15,874.15,874.15,20,7380,8.832161,83100,83721.1
2025-07-09 13:20:00,ATM-6,PUT,165.55,165.55,163.65,163.75,1880,79060,10.337715,83100,83721.1
2025-07-09 13:20:00,ATM-5,CALL,802.4,802.4,802.4,802.4,100,13440,8.984315,83200,83721.1
2025-07-09 13:20:00,ATM-5,PUT,190,190,187.9,187.9,1960,102680,10.276095,83200,83721.1
2025-07-09 13:20:00,ATM-4,CALL,731,732.3,731,732.3,420,41840,9.070608,83300,83721.1
2025-07-09 13:20:00,ATM-4,PUT,217.45,217.45,215.05,215.6,1020,263800,10.234494,83300,83721.1
2025-07-09 13:20:00,ATM-3,CALL,658.5,662.95,658.5,660,460,50780,8.999748,83400,83721.1
2025-07-09 13:20:00,ATM-3,PUT,248.8,248.8,245.5,246.05,860,130820,10.185442,83400,83721.1
2025-07-09 13:20:00,ATM-2,CALL,591.55,596.95,591.55,594.45,2940,306080,9.011907,83500,83721.1
2025-07-09 13:20:00,ATM-2,PUT,283.4,283.4,280,280.15,10760,494860,10.147811,83500,83721.1
2025-07-09 13:20:00,ATM-1,CALL,529.75,534.85,529.75,533.1,3520,260440,9.03204,83600,83721.1
2025-07-09 13:20:00,ATM-1,PUT,321.05,321.05,317.5,318.6,7340,403900,10.133845,83600,83721.1
2025-07-09 13:20:00,ATM,CALL,473,478,473,477.3,14140,315800,9.088858,83700,83721.1
2025-07-09 13:20:00,ATM,PUT,363.6,363.6,359.05,360.65,14160,302780,10.121877,83700,83721.1
2025-07-09 13:20:00,ATM+1,CALL,420.45,424.6,420.45,423.6,10820,271140,9.099608,83800,83721.1
2025-07-09 13:20:00,ATM+1,PUT,409.6,409.75,405.2,406.9,5160,189840,10.124144,83800,83721.1
2025-07-09 13:20:00,ATM+2,CALL,372.3,373.55,371.4,373.55,6100,155000,9.101314,83900,83721.1
2025-07-09 13:20:00,ATM+2,PUT,460,460,455,456.75,2240,76020,10.125752,83900,83721.1
2025-07-09 13:20:00,ATM+3,CALL,324.95,327.9,324.85,326.45,5200,358340,9.077765,84000,83721.1
2025-07-09 13:20:00,ATM+3,PUT,511.6,512.5,508.7,509.7,3100,128560,10.115144,84000,83721.1
2025-07-09 13:20:00,ATM+4,CALL,282.8,285.55,282.8,285,1440,97720,9.092972,84100,83721.1
2025-07-09 13:20:00,ATM+4,PUT,572,572,567.45,567.45,80,17980,10.13288,84100,83721.1
2025-07-09 13:20:00,ATM+5,CALL,246.15,247.1,245.8,246.1,4220,119720,9.075638,84200,83721.1
2025-07-09 13:20:00,ATM+5,PUT,632.5,633.6,630,630,320,13300,10.182197,84200,83721.1
2025-07-09 13:20:00,ATM+6,CALL,211.45,212.95,211.35,212.65,660,82840,9.099391,84300,83721.1
2025-07-09 13:20:00,ATM+6,PUT,703.2,703.2,703.2,703.2,0,6760,10.258031,84300,83721.1
2025-07-09 13:20:00,ATM+7,CALL,181,182.2,180.9,180.9,280,103180,9.073595,84400,83721.1
2025-07-09 13:20:00,ATM+7,PUT,767.05,767.05,765,765,40,5580,10.28378,84400,83721.1
2025-07-09 13:20:00,ATM+8,CALL,154.1,155.25,154.1,154.55,3860,210840,9.100215,84500,83721.1
2025-07-09 13:20:00,ATM+8,PUT,846.75,846.75,846.75,846.75,0,38400,10.411299,84500,83721.1
2025-07-09 13:20:00,ATM+9,CALL,131.1,131.65,130.5,131.35,540,77860,9.127686,84600,83721.1
2025-07-09 13:20:00,ATM+9,PUT,919.35,919.35,915.85,915.85,40,2260,10.496905,84600,83721.1
2025-07-09 13:20:00,ATM+10,CALL,110.55,111.8,110,110.4,3660,99220,9.134393,84700,83721.1
2025-07-09 13:20:00,ATM+10,PUT,1006.55,1006.55,1006.55,1006.55,0,2260,10.841596,84700,83721.1
2025-07-09 13:21:00,ATM-10,CALL,1203.9,1203.9,1202.6,1202.6,40,2480,8.661162,82700,83716.85
2025-07-09 13:21:00,ATM-10,PUT,93.25,94.3,91.95,93.4,5040,87240,10.644464,82700,83716.85
2025-07-09 13:21:00,ATM-9,CALL,1118.5,1118.5,1118.5,1118.5,0,2940,8.667561,82800,83716.85
2025-07-09 13:21:00,ATM-9,PUT,107.7,108,106,106.8,560,97880,10.520749,82800,83716.85
2025-07-09 13:21:00,ATM-8,CALL,1029.25,1029.25,1029.25,1029.25,0,3180,8.848,82900,83716.85
2025-07-09 13:21:00,ATM-8,PUT,124.4,124.4,122.4,123.55,940,73880,10.450077,82900,83716.85
2025-07-09 13:21:00,ATM-7,CALL,954.4,958,954.4,958,200,40500,9.086948,83000,83716.85
2025-07-09 13:21:00,ATM-7,PUT,143.45,143.7,141.35,143.25,980,243540,10.403397,83000,83716.85
2025-07-09 13:21:00,ATM-6,CALL,874.15,874.15,874.15,874.15,0,7380,8.832161,83100,83716.85
2025-07-09 13:21:00,ATM-6,PUT,163.85,165.05,163.2,164,9440,79060,10.314862,83100,83716.85
2025-07-09 13:21:00,ATM-5,CALL,800.9,800.9,800.15,800.15,40,13380,9.013027,83200,83716.85
2025-07-09 13:21:00,ATM-5,PUT,189.35,189.95,186.8,189.1,340,102040,10.277544,83200,83716.85
2025-07-09 13:21:00,ATM-4,CALL,730.2,734.1,728.25,728.25,160,40960,9.044107,83300,83716.85
2025-07-09 13:21:00,ATM-4,PUT,215.7,218.1,214,216.5,2880,263340,10.224573,83300,83716.85
2025-07-09 13:21:00,ATM-3,CALL,662.8,662.8,659.45,659.45,260,50580,9.061624,83400,83716.85
2025-07-09 13:21:00,ATM-3,PUT,247.1,248.4,245,248.3,1880,130380,10.206713,83400,83716.85
2025-07-09 13:21:00,ATM-2,CALL,594.15,596.6,590.8,594.05,3720,305500,9.070897,83500,83716.85
2025-07-09 13:21:00,ATM-2,PUT,281.75,283,280.1,281.15,2720,494760,10.134292,83500,83716.85
2025-07-09 13:21:00,ATM-1,CALL,532.2,534.5,529.15,530.9,10280,258120,9.04188,83600,83716.85
2025-07-09 13:21:00,ATM-1,PUT,318.85,321.15,317.5,319.65,5560,404940,10.118337,83600,83716.85
2025-07-09 13:21:00,ATM,CALL,476.35,478.3,472.9,475.15,12320,321540,9.095633,83700,83716.85
2025-07-09 13:21:00,ATM,PUT,360.15,363.25,358.95,360.35,7560,302500,10.071438,83700,83716.85
2025-07-09 13:21:00,ATM+1,CALL,422.5,425,419.4,422.1,11500,271220,9.117416,83800,83716.85
2025-07-09 13:21:00,ATM+1,PUT,406.1,409.5,404.6,408.6,6740,191720,10.117042,83800,83716.85
2025-07-09 13:21:00,ATM+2,CALL,372.05,373.8,369.25,370.9,4840,153280,9.08842,83900,83716.85
2025-07-09 13:21:00,ATM+2,PUT,455.85,460.15,455,459.1,3180,74740,10.130136,83900,83716.85
2025-07-09 13:21:00,ATM+3,CALL,327,327.55,323.85,326,8940,359040,9.112209,84000,83716.85
2025-07-09 13:21:00,ATM+3,PUT,510.7,513.35,508.85,513.35,1440,128180,10.146308,84000,83716.85
2025-07-09 13:21:00,ATM+4,CALL,285,285.65,282.5,283.25,1780,98780,9.093026,84100,83716.85
2025-07-09 13:21:00,ATM+4,PUT,568.55,570.2,566.95,570.2,140,17820,10.139561,84100,83716.85
2025-07-09 13:21:00,ATM+5,CALL,246.3,247.7,244.8,244.95,4660,118880,9.086342,84200,83716.85
2025-07-09 13:21:00,ATM+5,PUT,632,635.25,628.35,628.35,340,15320,10.078583,84200,83716.85
2025-07-09 13:21:00,ATM+6,CALL,212,213.55,210.3,212.4,2160,83560,9.129474,84300,83716.85
2025-07-09 13:21:00,ATM+6,PUT,695.3,695.3,693.35,693.35,80,6720,10.099415,84300,83716.85
2025-07-09 13:21:00,ATM+7,CALL,181,182.8,180.25,181.55,2320,103640,9.125231,84400,83716.85
2025-07-09 13:21:00,ATM+7,PUT,765,765,765,765,0,5580,10.28378,84400,83716.85
2025-07-09 13:21:00,ATM+8,CALL,154.05,156,153.2,154.3,1880,213040,9.125276,84500,83716.85
2025-07-09 13:21:00,ATM+8,PUT,837.35,837.55,836,836,80,38540,10.223156,84500,83716.85
2025-07-09 13:21:00,ATM+9,CALL,130.55,131.85,130.25,131,2780,78020,9.147406,84600,83716.85
2025-07-09 13:21:00,ATM+9,PUT,915.85,915.85,915.85,915.85,0,2260,10.496905,84600,83716.85
2025-07-09 13:21:00,ATM+10,CALL,110.25,111.8,109.6,111,3700,100700,9.182911,84700,83716.85
2025-07-09 13:21:00,ATM+10,PUT,1006.55,1006.55,1006.55,1006.55,0,2260,10.841596,84700,83716.85
2025-07-09 13:22:00,ATM-10,CALL,1202.6,1202.6,1202.6,1202.6,0,2480,8.661162,82700,83731.93
2025-07-09 13:22:00,ATM-10,PUT,92.7,92.7,89.5,90.9,4260,87240,10.637384,82700,83731.93
2025-07-09 13:22:00,ATM-9,CALL,1118.5,1118.5,1118.5,1118.5,0,2940,8.667561,82800,83731.93
2025-07-09 13:22:00,ATM-9,PUT,106.9,106.9,103.1,105.4,2740,97880,10.564712,82800,83731.93
2025-07-09 13:22:00,ATM-8,CALL,1029.25,1029.25,1029.25,1029.25,0,3180,8.848,82900,83731.93
2025-07-09 13:22:00,ATM-8,PUT,122.5,122.55,119.55,121.05,2060,73880,10.464936,82900,83731.93
2025-07-09 13:22:00,ATM-7,CALL,957.3,966.5,957.3,965.25,580,40500,8.913174,83000,83731.93
2025-07-09 13:22:00,ATM-7,PUT,141.85,141.85,138,140.85,6460,243540,10.432033,83000,83731.93
2025-07-09 13:22:00,ATM-6,CALL,883,888.8,883,888.8,120,7380,9.029226,83100,83731.93
2025-07-09 13:22:00,ATM-6,PUT,163.25,163.25,159,160.65,5400,79060,10.325062,83100,83731.93
2025-07-09 13:22:00,ATM-5,CALL,810.3,810.3,810.3,810.3,40,13380,8.977572,83200,83731.93
2025-07-09 13:22:00,ATM-5,PUT,188.6,188.6,183.15,184.8,3520,102040,10.27263,83200,83731.93
2025-07-09 13:22:00,ATM-4,CALL,729.25,739.7,729.25,739.7,860,40960,9.061171,83300,83731.93
2025-07-09 13:22:00,ATM-4,PUT,217.6,217.6,210.2,212.5,7560,263340,10.239895,83300,83731.93
2025-07-09 13:22:00,ATM-3,CALL,659.35,672,659.35,668.25,920,50580,9.0227,83400,83731.93
2025-07-09 13:22:00,ATM-3,PUT,246.65,247,239.85,241.95,8460,130380,10.173879,83400,83731.93
2025-07-09 13:22:00,ATM-2,CALL,593,603.7,593,601,5460,305500,9.001562,83500,83731.93
2025-07-09 13:22:00,ATM-2,PUT,282.4,282.4,274.15,276.15,12360,494760,10.147984,83500,83731.93
2025-07-09 13:22:00,ATM-1,CALL,531.05,542.4,531.05,539.05,12920,258120,9.017783,83600,83731.93
2025-07-09 13:22:00,ATM-1,PUT,319,319.05,310.85,314.9,12460,404940,10.150206,83600,83731.93
2025-07-09 13:22:00,ATM,CALL,474.55,484,474.45,482.25,21680,321540,9.061645,83700,83731.93
2025-07-09 13:22:00,ATM,PUT,361.8,362,352,356.85,20620,302500,10.14463,83700,83731.93
2025-07-09 13:22:00,ATM+1,CALL,421.55,429.05,420.75,427.5,18000,271220,9.058466,83800,83731.93
2025-07-09 13:22:00,ATM+1,PUT,408.25,408.4,397.95,401.85,14480,191720,10.126702,83800,83731.93
2025-07-09 13:22:00,ATM+2,CALL,372.8,379,371.65,377.3,9480,153280,9.06694,83900,83731.93
2025-07-09 13:22:00,ATM+2,PUT,458.65,459.15,447.7,451.6,10580,74740,10.135089,83900,83731.93
2025-07-09 13:22:00,ATM+3,CALL,325.4,333,325.4,331,22800,359040,9.072005,84000,83731.93
2025-07-09 13:22:00,ATM+3,PUT,511.25,511.25,500.85,506.25,7020,128180,10.173306,84000,83731.93
2025-07-09 13:22:00,ATM+4,CALL,284.35,290.4,284.05,289.5,3100,98780,9.096083,84100,83731.93
2025-07-09 13:22:00,ATM+4,PUT,571.15,571.15,558.2,561.95,600,17820,10.152487,84100,83731.93
2025-07-09 13:22:00,ATM+5,CALL,245.65,251.9,245.65,250.6,6420,118880,9.089111,84200,83731.93
2025-07-09 13:22:00,ATM+5,PUT,634.35,634.35,622.15,624.9,860,15320,10.220893,84200,83731.93
2025-07-09 13:22:00,ATM+6,CALL,212.1,216.85,212.1,215.8,3260,83560,9.089233,84300,83731.93
2025-07-09 13:22:00,ATM+6,PUT,687.3,687.3,687.3,687.3,20,6720,10.194042,84300,83731.93
2025-07-09 13:22:00,ATM+7,CALL,181.25,186.3,181.25,184.85,4140,103640,9.094667,84400,83731.93
2025-07-09 13:22:00,ATM+7,PUT,765,765,765,765,0,5580,10.28378,84400,83731.93
2025-07-09 13:22:00,ATM+8,CALL,154.9,158.65,154.55,157.8,4280,213040,9.112868,84500,83731.93
2025-07-09 13:22:00,ATM+8,PUT,837.55,837.55,825.6,831.75,480,38540,10.399544,84500,83731.93
2025-07-09 13:22:00,ATM+9,CALL,131.25,134.5,131.2,134.1,2280,78020,9.136174,84600,83731.93
2025-07-09 13:22:00,ATM+9,PUT,910,910.9,910,910.9,40,2340,10.583176,84600,83731.93
2025-07-09 13:22:00,ATM+10,CALL,110.55,113.8,110.4,112.4,5940,100700,9.129313,84700,83731.93
2025-07-09 13:22:00,ATM+10,PUT,1006.55,1006.55,1006.55,1006.55,0,2260,10.841596,84700,83731.93
2025-07-09 13:23:00,ATM-10,CALL,1202.6,1202.6,1202.6,1202.6,0,2480,8.661162,82800,83759.11
2025-07-09 13:23:00,ATM-10,PUT,105.5,105.75,103,103,1380,97880,10.645754,82800,83759.11
2025-07-09 13:23:00,ATM-9,CALL,1118.5,1118.5,1118.5,1118.5,0,2940,8.667561,82900,83759.11
2025-07-09 13:23:00,ATM-9,PUT,121.75,121.95,119.3,119.3,1180,73880,10.582021,82900,83759.11
2025-07-09 13:23:00,ATM-8,CALL,963.3,965.25,963.3,965.25,480,40500,8.069096,83000,83759.11
2025-07-09 13:23:00,ATM-8,PUT,140.85,140.9,138,138,3840,243540,10.526989,83000,83759.11
2025-07-09 13:23:00,ATM-7,CALL,887.95,887.95,887.95,887.95,20,7380,8.278448,83100,83759.11
2025-07-09 13:23:00,ATM-7,PUT,161.75,162.05,159.95,159.95,3200,79060,10.498743,83100,83759.11
2025-07-09 13:23:00,ATM-6,CALL,811.4,811.4,805.85,811,260,13380,8.362617,83200,83759.11
2025-07-09 13:23:00,ATM-6,PUT,185.45,186.4,183.35,183.35,2680,102040,10.436668,83200,83759.11
2025-07-09 13:23:00,ATM-5,CALL,737.55,740,735.25,740,180,40960,8.509445,83300,83759.11
2025-07-09 13:23:00,ATM-5,PUT,213.35,213.75,210,210.3,5560,263340,10.397394,83300,83759.11
2025-07-09 13:23:00,ATM-4,CALL,668.05,668.25,665.65,665.65,500,50580,8.450699,83400,83759.11
2025-07-09 13:23:00,ATM-4,PUT,243.85,244,240.1,240.1,3660,130380,10.355339,83400,83759.11
2025-07-09 13:23:00,ATM-3,CALL,600,604.35,598.4,604.05,7040,305500,8.627513,83500,83759.11
2025-07-09 13:23:00,ATM-3,PUT,277.3,277.6,274,274,9780,494760,10.337812,83500,83759.11
2025-07-09 13:23:00,ATM-2,CALL,539.25,541,536.25,541,9620,258120,8.657073,83600,83759.11
2025-07-09 13:23:00,ATM-2,PUT,314.3,314.8,310,310,12340,404940,10.291119,83600,83759.11
2025-07-09 13:23:00,ATM-1,CALL,482,484.7,479.75,484.7,15860,321540,8.748615,83700,83759.11
2025-07-09 13:23:00,ATM-1,PUT,356.35,357.6,351.25,351.25,15160,302500,10.288834,83700,83759.11
2025-07-09 13:23:00,ATM,CALL,427.6,430.5,426,430.5,11600,271220,8.788922,83800,83759.11
2025-07-09 13:23:00,ATM,PUT,402.65,402.8,397.6,397.6,7860,191720,10.323262,83800,83759.11
2025-07-09 13:23:00,ATM+1,CALL,376.55,379,375.25,379,5960,153280,8.794403,83900,83759.11
2025-07-09 13:23:00,ATM+1,PUT,452.45,453.15,446.4,446.4,5520,74740,10.331605,83900,83759.11
2025-07-09 13:23:00,ATM+2,CALL,331.6,333.1,329.05,333.05,12000,359040,8.831888,84000,83759.11
2025-07-09 13:23:00,ATM+2,PUT,506,507.5,500.25,500.25,3160,128180,10.3747,84000,83759.11
2025-07-09 13:23:00,ATM+3,CALL,289.3,290.6,286.75,290.15,2340,98780,8.844669,84100,83759.11
2025-07-09 13:23:00,ATM+3,PUT,563.65,563.65,559,559,120,17820,10.450882,84100,83759.11
2025-07-09 13:23:00,ATM+4,CALL,250.7,252,249.2,252,2380,118880,8.87507,84200,83759.11
2025-07-09 13:23:00,ATM+4,PUT,624.15,626.4,620,620,340,15320,10.500685,84200,83759.11
2025-07-09 13:23:00,ATM+5,CALL,215.5,217.25,214.45,217.25,1480,83560,8.894355,84300,83759.11
2025-07-09 13:23:00,ATM+5,PUT,688,688,688,688,80,6720,10.642171,84300,83759.11
2025-07-09 13:23:00,ATM+6,CALL,184.35,186.55,184,186.55,1940,103640,8.922951,84400,83759.11
2025-07-09 13:23:00,ATM+6,PUT,761,761,761,761,40,5580,10.836804,84400,83759.11
2025-07-09 13:23:00,ATM+7,CALL,157.65,159,156.8,159,5700,213040,8.942942,84500,83759.11
2025-07-09 13:23:00,ATM+7,PUT,830.1,831.25,830,830,240,38540,10.859595,84500,83759.11
2025-07-09 13:23:00,ATM+8,CALL,134.05,135,132.9,135,2700,78020,8.971333,84600,83759.11
2025-07-09 13:23:00,ATM+8,PUT,903.65,903.65,903.65,903.65,160,2340,10.931353,84600,83759.11
2025-07-09 13:23:00,ATM+9,CALL,113.25,114.25,112.25,114.25,1300,100700,9.008124,84700,83759.11
2025-07-09 13:23:00,ATM+9,PUT,910.9,910.9,910.9,910.9,0,2340,10.583176,84700,83759.11
2025-07-09 13:23:00,ATM+10,CALL,95.2,96.3,94.25,96.3,4380,176680,9.048537,84800,83759.11
2025-07-09 13:23:00,ATM+10,PUT,1006.55,1006.55,1006.55,1006.55,0,2260,10.841596,84800,83759.11
2025-07-09 13:24:00,ATM-10,CALL,1218.45,1218.45,1215.25,1215.25,60,2440,7.836131,82700,83747.13
2025-07-09 13:24:00,ATM-10,PUT,90,92.25,90,91.25,1980,90160,10.742839,82700,83747.13
2025-07-09 13:24:00,ATM-9,CALL,1118.5,1118.5,1118.5,1118.5,0,2940,8.667561,82800,83747.13
2025-07-09 13:24:00,ATM-9,PUT,103.4,106.2,103.4,105.05,920,99140,10.647467,82800,83747.13
2025-07-09 13:24:00,ATM-8,CALL,1043.65,1043.65,1043.65,1043.65,20,3180,8.197715,82900,83747.13
2025-07-09 13:24:00,ATM-8,PUT,119.95,121.55,119.9,121.15,1100,73220,10.568069,82900,83747.13
2025-07-09 13:24:00,ATM-7,CALL,969,970.2,969,970.2,420,40260,8.642549,83000,83747.13
2025-07-09 13:24:00,ATM-7,PUT,138.15,141.4,138,139.65,5420,243820,10.498693,83000,83747.13
2025-07-09 13:24:00,ATM-6,CALL,892.95,894.4,892.95,894.4,160,7380,8.822646,83100,83747.13
2025-07-09 13:24:00,ATM-6,PUT,159.6,162.35,158.9,160.75,1560,75040,10.437705,83100,83747.13
2025-07-09 13:24:00,ATM-5,CALL,815.45,815.45,807.5,807.5,140,13280,8.544216,83200,83747.13
2025-07-09 13:24:00,ATM-5,PUT,183.3,186.95,182.8,184.8,3560,102040,10.388099,83200,83747.13
2025-07-09 13:24:00,ATM-4,CALL,742,743.05,735.05,735.05,580,41100,8.622472,83300,83747.13
2025-07-09 13:24:00,ATM-4,PUT,210.4,214.2,210.25,212.05,3180,266360,10.349823,83300,83747.13
2025-07-09 13:24:00,ATM-3,CALL,670.65,672.65,665,665,1160,49900,8.660396,83400,83747.13
2025-07-09 13:24:00,ATM-3,PUT,239.75,244.3,239.35,241.8,2460,130380,10.299001,83400,83747.13
2025-07-09 13:24:00,ATM-2,CALL,604,606,599,602.2,13620,303240,8.782984,83500,83747.13
2025-07-09 13:24:00,ATM-2,PUT,273.8,277.8,272.9,275,10780,498160,10.256489,83500,83747.13
2025-07-09 13:24:00,ATM-1,CALL,541.65,543.55,536.25,539.05,8080,257540,8.792428,83600,83747.13
2025-07-09 13:24:00,ATM-1,PUT,310.45,315.5,309.5,312,10700,404940,10.226355,83600,83747.13
2025-07-09 13:24:00,ATM,CALL,484.5,486.35,479.75,482.35,30000,326660,8.858933,83700,83747.13
2025-07-09 13:24:00,ATM,PUT,351.4,358,351,353.8,17720,303960,10.228428,83700,83747.13
2025-07-09 13:24:00,ATM+1,CALL,430.8,432.6,425.4,428.2,20340,271220,8.88702,83800,83747.13
2025-07-09 13:24:00,ATM+1,PUT,397.65,403.4,396.25,400,10060,195700,10.250143,83800,83747.13
2025-07-09 13:24:00,ATM+2,CALL,379.8,381.05,374.65,376.9,13820,148660,8.885054,83900,83747.13
2025-07-09 13:24:00,ATM+2,PUT,447.4,452.8,445.95,448.85,8300,74740,10.250002,83900,83747.13
2025-07-09 13:24:00,ATM+3,CALL,332.5,334,328.75,331,25800,360940,8.912643,84000,83747.13
2025-07-09 13:24:00,ATM+3,PUT,499.8,506.2,499.25,502.4,8040,129200,10.275863,84000,83747.13
2025-07-09 13:24:00,ATM+4,CALL,290.7,291.85,286.05,287.55,2560,98700,8.902101,84100,83747.13
2025-07-09 13:24:00,ATM+4,PUT,558.2,562.05,556.55,562.05,220,17900,10.362277,84100,83747.13
2025-07-09 13:24:00,ATM+5,CALL,251.8,253.5,247.7,249.3,7120,117460,8.920049,84200,83747.13
2025-07-09 13:24:00,ATM+5,PUT,620.05,626.7,619.35,625,780,16200,10.447447,84200,83747.13
2025-07-09 13:24:00,ATM+6,CALL,217.8,218.4,213.3,213.3,2280,82630,8.897766,84300,83747.13
2025-07-09 13:24:00,ATM+6,PUT,682.4,687.5,682.4,687.5,80,6700,10.442457,84300,83747.13
2025-07-09 13:24:00,ATM+7,CALL,186.5,187.05,182.7,183.35,5120,105260,8.934862,84400,83747.13
2025-07-09 13:24:00,ATM+7,PUT,763.9,763.9,763.9,763.9,580,5580,10.70856,84400,83747.13
2025-07-09 13:24:00,ATM+8,CALL,159.05,159.6,155.65,157,7240,213240,8.977692,84500,83747.13
2025-07-09 13:24:00,ATM+8,PUT,827.05,827.05,826.15,826.15,140,38560,10.53717,84500,83747.13
2025-07-09 13:24:00,ATM+9,CALL,135.4,135.4,131.65,131.65,3440,79880,8.956269,84600,83747.13
2025-07-09 13:24:00,ATM+9,PUT,910.9,910.9,910.9,910.9,0,2340,10.583176,84600,83747.13
2025-07-09 13:24:00,ATM+10,CALL,114.4,114.75,111.35,111.45,6400,99500,8.9983,84700,83747.13
2025-07-09 13:24:00,ATM+10,PUT,1006.55,1006.55,1006.55,1006.55,0,2260,10.841596,84700,83747.13
2025-07-09 13:25:00,ATM-10,CALL,1215.25,1215.25,1215.25,1215.25,0,2440,7.836131,82700,83737.36
2025-07-09 13:25:00,ATM-10,PUT,91.55,93.05,91.4,92.75,1520,90160,10.744119,82700,83737.36
2025-07-09 13:25:00,ATM-9,CALL,1118.5,1118.5,1118.5,1118.5,0,2940,8.667561,82800,83737.36
2025-07-09 13:25:00,ATM-9,PUT,104.55,107.2,104.55,107.2,2780,99140,10.665433,82800,83737.36
2025-07-09 13:25:00,ATM-8,CALL,1044,1044,1034.15,1034.15,120,3180,8.154819,82900,83737.36
2025-07-09 13:25:00,ATM-8,PUT,120.65,123.6,120.65,123.6,1360,73220,10.587831,82900,83737.36
2025-07-09 13:25:00,ATM-7,CALL,963.25,963.25,955.8,955.8,200,40260,8.412164,83000,83737.36
2025-07-09 13:25:00,ATM-7,PUT,139.4,142.5,139,142.4,4180,243820,10.519363,83000,83737.36
2025-07-09 13:25:00,ATM-6,CALL,888.35,888.35,875.5,875.5,200,7380,8.456681,83100,83737.36
2025-07-09 13:25:00,ATM-6,PUT,160.35,164,159.05,163.5,2720,75040,10.449738,83100,83737.36
2025-07-09 13:25:00,ATM-5,CALL,809,809,800.55,800.55,40,13280,8.563116,83200,83737.36
2025-07-09 13:25:00,ATM-5,PUT,185.05,188.05,183.95,187.95,1980,102040,10.403092,83200,83737.36
2025-07-09 13:25:00,ATM-4,CALL,735.25,738.95,728.2,730.15,520,41100,8.687755,83300,83737.36
2025-07-09 13:25:00,ATM-4,PUT,212.6,216.2,211.4,215,3120,266360,10.351079,83300,83737.36
2025-07-09 13:25:00,ATM-3,CALL,670.8,670.8,658.8,660.9,660,49900,8.733303,83400,83737.36
2025-07-09 13:25:00,ATM-3,PUT,242,246.8,241.05,245.85,5040,130380,10.320501,83400,83737.36
2025-07-09 13:25:00,ATM-2,CALL,602.7,604.8,593.45,597,6620,303240,8.814725,83500,83737.36
2025-07-09 13:25:00,ATM-2,PUT,275.2,281,274.1,279.5,9200,498160,10.280471,83500,83737.36
2025-07-09 13:25:00,ATM-1,CALL,539.2,540.45,530.1,534.5,7760,257540,8.82939,83600,83737.36
2025-07-09 13:25:00,ATM-1,PUT,313.2,318.35,311,317.9,9300,404940,10.275252,83600,83737.36
2025-07-09 13:25:00,ATM,CALL,481.8,483.85,474.6,477.95,19720,326660,8.888982,83700,83737.36
2025-07-09 13:25:00,ATM,PUT,354.05,360.45,353,359.25,10580,303960,10.257722,83700,83737.36
2025-07-09 13:25:00,ATM+1,CALL,427.5,429.65,420.8,423.4,15080,271220,8.89794,83800,83737.36
2025-07-09 13:25:00,ATM+1,PUT,399.3,406.65,398.8,406.15,9200,195700,10.287249,83800,83737.36
2025-07-09 13:25:00,ATM+2,CALL,377.8,378.8,370,372.45,7660,148660,8.894658,83900,83737.36
2025-07-09 13:25:00,ATM+2,PUT,449.6,457.2,448,454.8,6240,74740,10.274223,83900,83737.36
2025-07-09 13:25:00,ATM+3,CALL,330.7,331.75,324,326,28140,360940,8.900066,84000,83737.36
2025-07-09 13:25:00,ATM+3,PUT,503,510.6,502.05,510.6,4520,129200,10.344498,84000,83737.36
2025-07-09 13:25:00,ATM+4,CALL,289,289,282.1,283.8,3420,98700,8.909525,84100,83737.36
2025-07-09 13:25:00,ATM+4,PUT,565.2,569.4,561.75,568.9,1640,17900,10.391911,84100,83737.36
2025-07-09 13:25:00,ATM+5,CALL,249.7,250.2,244.8,246.7,8380,117460,8.94635,84200,83737.36
2025-07-09 13:25:00,ATM+5,PUT,621.25,631.45,621.25,630.25,740,16200,10.431215,84200,83737.36
2025-07-09 13:25:00,ATM+6,CALL,215,215.4,210.75,211.5,3340,82630,8.935814,84300,83737.36
2025-07-09 13:25:00,ATM+6,PUT,690.05,690.05,690.05,690.05,20,6700,10.350649,84300,83737.36
2025-07-09 13:25:00,ATM+7,CALL,184.15,184.7,180.15,181.8,2400,105260,8.972067,84400,83737.36
2025-07-09 13:25:00,ATM+7,PUT,763.9,763.9,763.9,763.9,0,5580,10.70856,84400,83737.36
2025-07-09 13:25:00,ATM+8,CALL,156.6,157.3,153.3,154.8,5920,213240,8.989398,84500,83737.36
2025-07-09 13:25:00,ATM+8,PUT,835.75,835.75,835.75,835.75,20,38560,10.610573,84500,83737.36
2025-07-09 13:25:00,ATM+9,CALL,132.95,133,130,131.1,3440,79880,9.009093,84600,83737.36
2025-07-09 13:25:00,ATM+9,PUT,910.9,910.9,910.9,910.9,0,2340,10.583176,84600,83737.36
2025-07-09 13:25:00,ATM+10,CALL,112.25,112.45,109.5,110.55,5540,99500,9.034586,84700,83737.36
2025-07-09 13:25:00,ATM+10,PUT,1006.55,1006.55,1006.55,1006.55,0,2260,10.841596,84700,83737.36
2025-07-09 13:26:00,ATM-10,CALL,1215.25,1215.25,1215.25,1215.25,0,2440,7.836131,82700,83725.13
2025-07-09 13:26:00,ATM-10,PUT,93.05,94.45,93,94.05,960,90160,10.722069,82700,83725.13
2025-07-09 13:26:00,ATM-9,CALL,1118.5,1118.5,1118.5,1118.5,0,2940,8.667561,82800,83725.13
2025-07-09 13:26:00,ATM-9,PUT,107.05,110,106.55,108.1,7840,99140,10.621966,82800,83725.13
2025-07-09 13:26:00,ATM-8,CALL,1034.15,1034.15,1034.15,1034.15,0,3180,8.154819,82900,83725.13
2025-07-09 13:26:00,ATM-8,PUT,123.65,125.05,123.35,124.45,400,73220,10.536907,82900,83725.13
2025-07-09 13:26:00,ATM-7,CALL,953.55,953.95,953.55,953.95,340,40260,8.714704,83000,83725.13
2025-07-09 13:26:00,ATM-7,PUT,142.55,145,142.55,143.5,2640,243820,10.470531,83000,83725.13
2025-07-09 13:26:00,ATM-6,CALL,879.2,879.2,876.85,876.85,120,7380,8.82201,83100,83725.13
2025-07-09 13:26:00,ATM-6,PUT,163.55,166.85,163.55,165.35,2120,75040,10.416661,83100,83725.13
2025-07-09 13:26:00,ATM-5,CALL,798.4,798.4,798.4,798.4,20,13280,8.780971,83200,83725.13
2025-07-09 13:26:00,ATM-5,PUT,188.65,191.6,188.65,189.55,960,102040,10.35538,83200,83725.13
2025-07-09 13:26:00,ATM-4,CALL,732.25,732.25,726,730.05,400,41100,8.93376,83300,83725.13
2025-07-09 13:26:00,ATM-4,PUT,215.8,219.4,215.4,217,2860,266360,10.306643,83300,83725.13
2025-07-09 13:26:00,ATM-3,CALL,663.7,663.7,655.45,658.15,1440,49900,8.884151,83400,83725.13
2025-07-09 13:26:00,ATM-3,PUT,246.3,250.65,246.15,248.55,5860,130380,10.285855,83400,83725.13
2025-07-09 13:26:00,ATM-2,CALL,596.75,597,590,593.05,9640,303240,8.916517,83500,83725.13
2025-07-09 13:26:00,ATM-2,PUT,279.5,285,279.5,282.65,10360,498160,10.248169,83500,83725.13
2025-07-09 13:26:00,ATM-1,CALL,533.75,534.55,528.05,533.7,7580,257540,8.991904,83600,83725.13
2025-07-09 13:26:00,ATM-1,PUT,317.9,322.95,317.65,319.25,11500,404940,10.190721,83600,83725.13
2025-07-09 13:26:00,ATM,CALL,477.4,478.55,471.1,475.2,11720,326660,8.989908,83700,83725.13
2025-07-09 13:26:00,ATM,PUT,360,365,360,362.65,19660,303960,10.212748,83700,83725.13
2025-07-09 13:26:00,ATM+1,CALL,423.8,424.35,419,422.7,15940,271220,9.033522,83800,83725.13
2025-07-09 13:26:00,ATM+1,PUT,405.5,411.85,405.5,408.9,12060,195700,10.217447,83800,83725.13
2025-07-09 13:26:00,ATM+2,CALL,372.6,372.85,368,372,5000,148660,9.023992,83900,83725.13
2025-07-09 13:26:00,ATM+2,PUT,456.5,461.4,455.6,458.7,6240,74740,10.221049,83900,83725.13
2025-07-09 13:26:00,ATM+3,CALL,326.15,327.1,322.1,325.25,5360,360940,9.011673,84000,83725.13
2025-07-09 13:26:00,ATM+3,PUT,510.4,516.9,510.4,512.3,6560,129200,10.22953,84000,83725.13
2025-07-09 13:26:00,ATM+4,CALL,283.85,284.6,280.4,283.1,1820,98700,9.012624,84100,83725.13
2025-07-09 13:26:00,ATM+4,PUT,569,573.2,567.1,570.25,80,17900,10.256952,84100,83725.13
2025-07-09 13:26:00,ATM+5,CALL,246.65,246.7,243,245.15,4980,117460,9.019895,84200,83725.13
2025-07-09 13:26:00,ATM+5,PUT,637.45,637.45,633.35,633.35,180,16200,10.325587,84200,83725.13
2025-07-09 13:26:00,ATM+6,CALL,211.7,212.75,209,211,2640,82630,9.027188,84300,83725.13
2025-07-09 13:26:00,ATM+6,PUT,696.4,696.4,696.4,696.4,20,6700,10.312264,84300,83725.13
2025-07-09 13:26:00,ATM+7,CALL,181.25,181.7,178.5,180.55,2900,105260,9.036215,84400,83725.13
2025-07-09 13:26:00,ATM+7,PUT,763.9,763.9,763.9,763.9,0,5580,10.70856,84400,83725.13
2025-07-09 13:26:00,ATM+8,CALL,154.35,155.15,152.4,154.8,3800,213240,9.081181,84500,83725.13
2025-07-09 13:26:00,ATM+8,PUT,835.75,835.75,835.75,835.75,0,38560,10.610573,84500,83725.13
2025-07-09 13:26:00,ATM+9,CALL,130.7,131.3,129,130.65,1480,79880,9.081916,84600,83725.13
2025-07-09 13:26:00,ATM+9,PUT,910.9,910.9,910.9,910.9,0,2340,10.583176,84600,83725.13
2025-07-09 13:26:00,ATM+10,CALL,110,110.6,108.35,110.5,2900,99500,9.11474,84700,83725.13
2025-07-09 13:26:00,ATM+10,PUT,1006.55,1006.55,1006.55,1006.55,0,2260,10.841596,84700,83725.13
2025-07-09 13:27:00,ATM-10,CALL,1215.25,1215.25,1215.25,1215.25,0,2440,7.836131,82700,83734.54
2025-07-09 13:27:00,ATM-10,PUT,94,94,91.7,91.7,2740,90260,10.687041,82700,83734.54
2025-07-09 13:27:00,ATM-9,CALL,1118.5,1118.5,1118.5,1118.5,0,2940,8.667561,82800,83734.54
2025-07-09 13:27:00,ATM-9,PUT,108.45,108.45,105.45,105.8,2220,100060,10.598037,82800,83734.54
2025-07-09 13:27:00,ATM-8,CALL,1034.15,1034.15,1034.15,1034.15,0,3180,8.154819,82900,83734.54
2025-07-09 13:27:00,ATM-8,PUT,124.85,124.85,121.4,122.15,540,73300,10.52156,82900,83734.54
2025-07-09 13:27:00,ATM-7,CALL,963.1,963.1,961.35,961.35,120,40020,8.702846,83000,83734.54
2025-07-09 13:27:00,ATM-7,PUT,143.8,144.1,140.1,140.45,2060,241160,10.439683,83000,83734.54
2025-07-09 13:27:00,ATM-6,CALL,882,882,882,882,60,7440,8.747868,83100,83734.54
2025-07-09 13:27:00,ATM-6,PUT,165.05,165.05,161,161.55,700,75440,10.372792,83100,83734.54
2025-07-09 13:27:00,ATM-5,CALL,807.9,807.9,807.9,807.9,20,13080,8.851572,83200,83734.54
2025-07-09 13:27:00,ATM-5,PUT,189.6,190.35,185.75,185.75,920,100920,10.32124,83200,83734.54
2025-07-09 13:27:00,ATM-4,CALL,728.2,735.6,728.2,735.6,100,40760,8.899336,83300,83734.54
2025-07-09 13:27:00,ATM-4,PUT,218.15,218.35,212.85,213.65,1820,264480,10.293593,83300,83734.54
2025-07-09 13:27:00,ATM-3,CALL,659.5,666,657.75,665.2,440,50080,8.899639,83400,83734.54
2025-07-09 13:27:00,ATM-3,PUT,247.85,249,242.1,243,3340,131940,10.224927,83400,83734.54
2025-07-09 13:27:00,ATM-2,CALL,593.65,600,592,597.4,4880,300160,8.872656,83500,83734.54
2025-07-09 13:27:00,ATM-2,PUT,282.7,283.45,276.55,277,7660,498200,10.194508,83500,83734.54
2025-07-09 13:27:00,ATM-1,CALL,533,538.85,532,538.3,4140,255980,8.96477,83600,83734.54
2025-07-09 13:27:00,ATM-1,PUT,319.45,320.7,312.85,313.5,6240,404740,10.143757,83600,83734.54
2025-07-09 13:27:00,ATM,CALL,476,481.8,474,480.2,13740,321180,8.981728,83700,83734.54
2025-07-09 13:27:00,ATM,PUT,362.85,363.7,355.2,356.15,10540,305200,10.156922,83700,83734.54
2025-07-09 13:27:00,ATM+1,CALL,422.9,427.55,420.75,425.7,7080,281860,8.987856,83800,83734.54
2025-07-09 13:27:00,ATM+1,PUT,409.05,409.85,401,402.2,6940,196860,10.165416,83800,83734.54
2025-07-09 13:27:00,ATM+2,CALL,371.05,376.5,370.5,376.2,4000,148480,9.015179,83900,83734.54
2025-07-09 13:27:00,ATM+2,PUT,459.45,460.4,450.65,451.9,2400,81280,10.174684,83900,83734.54
2025-07-09 13:27:00,ATM+3,CALL,325.2,330,324.3,329,6720,341740,9.001215,84000,83734.54
2025-07-09 13:27:00,ATM+3,PUT,512.7,513.95,504.75,506.7,1800,131120,10.218741,84000,83734.54
2025-07-09 13:27:00,ATM+4,CALL,283,287.1,282.55,287.1,1500,99840,9.016876,84100,83734.54
2025-07-09 13:27:00,ATM+4,PUT,571.45,571.45,564.15,564.15,120,18700,10.24202,84100,83734.54
2025-07-09 13:27:00,ATM+5,CALL,245.45,249.45,244.75,248.45,2320,119780,9.016103,84200,83734.54
2025-07-09 13:27:00,ATM+5,PUT,633.95,633.95,625,625.2,280,16680,10.26853,84200,83734.54
2025-07-09 13:27:00,ATM+6,CALL,211.8,214.45,211,213.85,560,83400,9.020777,84300,83734.54
2025-07-09 13:27:00,ATM+6,PUT,697.85,697.85,689.7,689.7,60,6660,10.297431,84300,83734.54
2025-07-09 13:27:00,ATM+7,CALL,181.35,184,180.65,183.55,2080,105320,9.042455,84400,83734.54
2025-07-09 13:27:00,ATM+7,PUT,763.9,763.9,763.9,763.9,0,5580,10.70856,84400,83734.54
2025-07-09 13:27:00,ATM+8,CALL,153.95,156.5,153.55,156.35,4260,217220,9.055569,84500,83734.54
2025-07-09 13:27:00,ATM+8,PUT,832,832,832,832,100,38620,10.457407,84500,83734.54
2025-07-09 13:27:00,ATM+9,CALL,130.2,132.55,130.2,132.05,2480,79960,9.058962,84600,83734.54
2025-07-09 13:27:00,ATM+9,PUT,910.9,910.9,910.9,910.9,0,2340,10.583176,84600,83734.54
2025-07-09 13:27:00,ATM+10,CALL,109.85,112.2,109.85,112.1,3400,98460,9.105267,84700,83734.54
2025-07-09 13:27:00,ATM+10,PUT,1006.55,1006.55,1006.55,1006.55,0,2260,10.841596,84700,83734.54
2025-07-09 13:28:00,ATM-10,CALL,1215.25,1215.25,1215.25,1215.25,0,2440,7.836131,82700,83734
2025-07-09 13:28:00,ATM-10,PUT,91.8,92.75,91.4,91.9,600,90260,10.692194,82700,83734
2025-07-09 13:28:00,ATM-9,CALL,1118.5,1118.5,1118.5,1118.5,0,2940,8.667561,82800,83734
2025-07-09 13:28:00,ATM-9,PUT,105.3,106.75,104.65,105.7,1760,100060,10.59154,82800,83734
2025-07-09 13:28:00,ATM-8,CALL,1043,1043,1043,1043,20,3160,8.647821,82900,83734
2025-07-09 13:28:00,ATM-8,PUT,121.6,122.4,120.7,122.35,240,73300,10.525285,82900,83734
2025-07-09 13:28:00,ATM-7,CALL,961.25,965.9,958.9,965.9,100,40020,8.881992,83000,83734
2025-07-09 13:28:00,ATM-7,PUT,140.35,141.5,139.4,141.2,960,241160,10.46011,83000,83734
2025-07-09 13:28:00,ATM-6,CALL,882.65,882.65,882.65,882.65,20,7440,8.78394,83100,83734
2025-07-09 13:28:00,ATM-6,PUT,161.8,162.45,160.2,161.95,1720,75440,10.381233,83100,83734
2025-07-09 13:28:00,ATM-5,CALL,807.9,807.9,807.9,807.9,60,13080,8.864711,83200,83734
2025-07-09 13:28:00,ATM-5,PUT,186.45,187.05,184.65,185.6,1060,100920,10.313432,83200,83734
2025-07-09 13:28:00,ATM-4,CALL,737,740,733.9,740,440,40760,9.033085,83300,83734
2025-07-09 13:28:00,ATM-4,PUT,213.3,213.9,211.1,211.4,1840,264480,10.229872,83300,83734
2025-07-09 13:28:00,ATM-3,CALL,665.2,668.85,664.9,668.85,100,50080,9.005908,83400,83734
2025-07-09 13:28:00,ATM-3,PUT,242.7,244.4,241.85,243.2,920,131940,10.225911,83400,83734
2025-07-09 13:28:00,ATM-2,CALL,598.15,603,597.15,599.8,2480,300160,8.942404,83500,83734
2025-07-09 13:28:00,ATM-2,PUT,276.6,278.6,275,277.1,6600,498200,10.192561,83500,83734
2025-07-09 13:28:00,ATM-1,CALL,538,541.15,535.8,537.8,4500,255980,8.961438,83600,83734
2025-07-09 13:28:00,ATM-1,PUT,314.8,315.45,311.95,314.6,3980,404740,10.165375,83600,83734
2025-07-09 13:28:00,ATM,CALL,479.2,484,478.05,480,11460,321180,8.985039,83700,83734
2025-07-09 13:28:00,ATM,PUT,356.25,357.85,353.35,356.95,6160,305200,10.170625,83700,83734
2025-07-09 13:28:00,ATM+1,CALL,426.95,429,424.35,426.95,10460,281860,9.024333,83800,83734
2025-07-09 13:28:00,ATM+1,PUT,402.45,404.15,399,403,5480,196860,10.178511,83800,83734
2025-07-09 13:28:00,ATM+2,CALL,375.75,378.25,374.45,375.85,4620,148480,9.013915,83900,83734
2025-07-09 13:28:00,ATM+2,PUT,452.7,454.75,449.4,451.75,1900,81280,10.165251,83900,83734
2025-07-09 13:28:00,ATM+3,CALL,329.8,331.4,327.65,327.95,7320,341740,8.983052,84000,83734
2025-07-09 13:28:00,ATM+3,PUT,507.25,508.2,502.8,506.75,1360,131120,10.213453,84000,83734
2025-07-09 13:28:00,ATM+4,CALL,287.2,289.35,286.05,286.75,2540,99840,9.014497,84100,83734
2025-07-09 13:28:00,ATM+4,PUT,564.15,564.15,564.15,564.15,0,18700,10.24202,84100,83734
2025-07-09 13:28:00,ATM+5,CALL,248.4,250.8,247.9,248.65,1740,119780,9.026563,84200,83734
2025-07-09 13:28:00,ATM+5,PUT,626.9,627.3,621.65,625.2,740,16680,10.260887,84200,83734
2025-07-09 13:28:00,ATM+6,CALL,214.65,216.35,213.25,213.9,860,83400,9.027281,84300,83734
2025-07-09 13:28:00,ATM+6,PUT,689.7,689.7,689.7,689.7,0,6660,10.297431,84300,83734
2025-07-09 13:28:00,ATM+7,CALL,183.75,185.4,183,183.55,700,105320,9.047393,84400,83734
2025-07-09 13:28:00,ATM+7,PUT,763.9,763.9,763.9,763.9,0,5580,10.70856,84400,83734
2025-07-09 13:28:00,ATM+8,CALL,156.35,158.05,155.95,156.25,4000,217220,9.057412,84500,83734
2025-07-09 13:28:00,ATM+8,PUT,832,832,832,832,0,38620,10.457407,84500,83734
2025-07-09 13:28:00,ATM+9,CALL,132.25,133.6,131.7,132.75,740,79960,9.084578,84600,83734
2025-07-09 13:28:00,ATM+9,PUT,910.9,910.9,910.9,910.9,0,2340,10.583176,84600,83734
2025-07-09 13:28:00,ATM+10,CALL,112.3,113.05,111.3,111.7,4100,98460,9.096419,84700,83734
2025-07-09 13:28:00,ATM+10,PUT,1006.55,1006.55,1006.55,1006.55,0,2260,10.841596,84700,83734
2025-07-09 13:29:00,ATM-10,CALL,1215.25,1215.25,1215.25,1215.25,0,2440,7.836131,82700,83742.64
2025-07-09 13:29:00,ATM-10,PUT,92.75,92.75,91.7,92.5,2420,90260,10.767944,82700,83742.64
2025-07-09 13:29:00,ATM-9,CALL,1118.5,1118.5,1118.5,1118.5,0,2940,8.667561,82800,83742.64
2025-07-09 13:29:00,ATM-9,PUT,106.5,106.6,105.9,106.25,2020,100060,10.665881,82800,83742.64
2025-07-09 13:29:00,ATM-8,CALL,1043,1043,1043,1043,0,3160,8.647821,82900,83742.64
2025-07-09 13:29:00,ATM-8,PUT,122.9,122.9,122,122.4,80,73300,10.583747,82900,83742.64
2025-07-09 13:29:00,ATM-7,CALL,962.9,962.9,959.85,959.85,120,40020,8.402519,83000,83742.64
2025-07-09 13:29:00,ATM-7,PUT,141.2,141.2,140,141.15,1980,241160,10.518007,83000,83742.64
2025-07-09 13:29:00,ATM-6,CALL,882.65,882.65,882.65,882.65,0,7440,8.78394,83100,83742.64
2025-07-09 13:29:00,ATM-6,PUT,162.2,162.55,161.3,162.55,200,75440,10.461427,83100,83742.64
2025-07-09 13:29:00,ATM-5,CALL,807.55,807.55,807.55,807.55,20,13080,8.655907,83200,83742.64
2025-07-09 13:29:00,ATM-5,PUT,187,187.2,185.15,186.15,3680,100920,10.394514,83200,83742.64
2025-07-09 13:29:00,ATM-4,CALL,734.85,736.8,734.85,735.25,220,40760,8.725616,83300,83742.64
2025-07-09 13:29:00,ATM-4,PUT,213.55,213.65,212.9,213.3,1380,264480,10.349782,83300,83742.64
2025-07-09 13:29:00,ATM-3,CALL,665.65,665.65,665.65,665.65,20,50080,8.764873,83400,83742.64
2025-07-09 13:29:00,ATM-3,PUT,243.85,244.55,243.05,243.6,2460,131940,10.309492,83400,83742.64
2025-07-09 13:29:00,ATM-2,CALL,598.15,600.25,597.05,600.05,2160,300160,8.807227,83500,83742.64
2025-07-09 13:29:00,ATM-2,PUT,277.65,278.8,276.55,277.7,1780,498200,10.285216,83500,83742.64
2025-07-09 13:29:00,ATM-1,CALL,537,538.15,535.25,535.65,2740,255980,8.781147,83600,83742.64
2025-07-09 13:29:00,ATM-1,PUT,314.65,315.75,313.35,313.4,4060,404740,10.219448,83600,83742.64
2025-07-09 13:29:00,ATM,CALL,480,481.95,478.15,478.15,7360,321180,8.824674,83700,83742.64
2025-07-09 13:29:00,ATM,PUT,356.85,357.95,355.15,355.6,7160,305200,10.227332,83700,83742.64
2025-07-09 13:29:00,ATM+1,CALL,427.1,427.3,425.3,426.1,4100,281860,8.89782,83800,83742.64
2025-07-09 13:29:00,ATM+1,PUT,402.8,403.6,400.75,401.9,2860,196860,10.247617,83800,83742.64
2025-07-09 13:29:00,ATM+2,CALL,375.3,376.2,374.35,374.8,1820,148480,8.891434,83900,83742.64
2025-07-09 13:29:00,ATM+2,PUT,453,453,451,452.45,280,81280,10.283104,83900,83742.64
2025-07-09 13:29:00,ATM+3,CALL,328.9,329.9,327.55,328.75,2360,341740,8.911166,84000,83742.64
2025-07-09 13:29:00,ATM+3,PUT,506.75,506.75,503.6,506,960,131120,10.305314,84000,83742.64
2025-07-09 13:29:00,ATM+4,CALL,286.5,287.15,284.55,286.75,1980,99840,8.930563,84100,83742.64
2025-07-09 13:29:00,ATM+4,PUT,564.5,565.4,562.35,562.35,60,18700,10.310479,84100,83742.64
2025-07-09 13:29:00,ATM+5,CALL,248.4,248.95,247.6,247.85,380,119780,8.928969,84200,83742.64
2025-07-09 13:29:00,ATM+5,PUT,625.4,625.7,622.6,622.6,3080,16680,10.325841,84200,83742.64
2025-07-09 13:29:00,ATM+6,CALL,214.6,214.6,213.35,213.45,1200,83400,8.943046,84300,83742.64
2025-07-09 13:29:00,ATM+6,PUT,689.7,689.7,689.7,689.7,0,6660,10.297431,84300,83742.64
2025-07-09 13:29:00,ATM+7,CALL,182.95,183.8,182.4,182.4,1040,105320,8.948592,84400,83742.64
2025-07-09 13:29:00,ATM+7,PUT,763.9,763.9,763.9,763.9,0,5580,10.70856,84400,83742.64
2025-07-09 13:29:00,ATM+8,CALL,156.05,156.5,155.45,155.45,2040,217220,8.970823,84500,83742.64
2025-07-09 13:29:00,ATM+8,PUT,832,834.4,832,832.75,340,38620,10.630651,84500,83742.64
2025-07-09 13:29:00,ATM+9,CALL,132,132.4,131.4,131.55,840,79960,8.988033,84600,83742.64
2025-07-09 13:29:00,ATM+9,PUT,910.9,910.9,910.9,910.9,0,2340,10.583176,84600,83742.64
2025-07-09 13:29:00,ATM+10,CALL,111.75,111.85,111.05,111.15,3040,98460,9.021548,84700,83742.64
2025-07-09 13:29:00,ATM+10,PUT,1006.55,1006.55,1006.55,1006.55,0,2260,10.841596,84700,83742.64
2025-07-09 13:30:00,ATM-10,CALL,1215.25,1215.25,1215.25,1215.25,0,2440,7.836131,82700,83735.07
2025-07-09 13:30:00,ATM-10,PUT,91.75,93.65,91.75,93.6,320,89760,10.766268,82700,83735.07
2025-07-09 13:30:00,ATM-9,CALL,1118.5,1118.5,1118.5,1118.5,0,2940,8.667561,82800,83735.07
2025-07-09 13:30:00,ATM-9,PUT,105.9,107.65,105.9,107.45,860,100640,10.662726,82800,83735.07
2025-07-09 13:30:00,ATM-8,CALL,1035.8,1035.8,1035.8,1035.8,20,3180,8.315323,82900,83735.07
2025-07-09 13:30:00,ATM-8,PUT,122,124.25,121.65,124.05,420,73420,10.590512,82900,83735.07
2025-07-09 13:30:00,ATM-7,CALL,960.4,960.4,956.1,956.1,80,40140,8.498711,83000,83735.07
2025-07-09 13:30:00,ATM-7,PUT,140.1,143.25,140.1,142.25,2780,241660,10.501433,83000,83735.07
2025-07-09 13:30:00,ATM-6,CALL,882.65,882.65,882.65,882.65,0,7440,8.78394,83100,83735.07
2025-07-09 13:30:00,ATM-6,PUT,163.15,164.7,163.15,163.75,920,75580,10.443071,83100,83735.07
2025-07-09 13:30:00,ATM-5,CALL,799.35,799.35,799.35,799.35,20,13060,8.58448,83200,83735.07
2025-07-09 13:30:00,ATM-5,PUT,186.55,189.3,186.55,189,820,100920,10.417413,83200,83735.07
2025-07-09 13:30:00,ATM-4,CALL,732.2,732.2,727.8,727.8,420,40760,8.67295,83300,83735.07
2025-07-09 13:30:00,ATM-4,PUT,212.4,217.05,212.4,217.05,1260,263360,10.389528,83300,83735.07
2025-07-09 13:30:00,ATM-3,CALL,659.55,659.55,657.15,657.15,320,50020,8.680228,83400,83735.07
2025-07-09 13:30:00,ATM-3,PUT,243.85,247.25,243.85,247.25,2440,131940,10.339036,83400,83735.07
2025-07-09 13:30:00,ATM-2,CALL,597,597,591.65,595.1,2940,300160,8.808522,83500,83735.07
2025-07-09 13:30:00,ATM-2,PUT,276.85,281.7,276.85,280.35,7020,499720,10.283028,83500,83735.07
2025-07-09 13:30:00,ATM-1,CALL,534.1,535.45,530,531.65,6500,256820,8.798229,83600,83735.07
2025-07-09 13:30:00,ATM-1,PUT,314.2,320,314.15,318.95,7500,404740,10.280659,83600,83735.07
2025-07-09 13:30:00,ATM,CALL,478.2,479.25,472.8,475.15,11840,322880,8.857573,83700,83735.07
2025-07-09 13:30:00,ATM,PUT,355.95,362.05,355.2,360.35,11240,309180,10.2623,83700,83735.07
2025-07-09 13:30:00,ATM+1,CALL,424.35,425.4,420.25,421.7,11080,285820,8.89034,83800,83735.07
2025-07-09 13:30:00,ATM+1,PUT,401.3,408.4,401.1,407.2,6800,197180,10.288683,83800,83735.07
2025-07-09 13:30:00,ATM+2,CALL,374.4,374.4,369.7,371.85,8260,150560,8.910329,83900,83735.07
2025-07-09 13:30:00,ATM+2,PUT,452.8,458.7,452.8,457.2,1700,80180,10.304997,83900,83735.07
2025-07-09 13:30:00,ATM+3,CALL,327.3,327.65,323.85,325.55,9060,341420,8.917062,84000,83735.07
2025-07-09 13:30:00,ATM+3,PUT,507.45,513.05,507.25,509.9,2140,132080,10.301203,84000,83735.07
2025-07-09 13:30:00,ATM+4,CALL,285.25,285.25,282.7,284.3,3460,99280,8.947104,84100,83735.07
2025-07-09 13:30:00,ATM+4,PUT,570.25,570.25,567.95,567.95,140,18720,10.34016,84100,83735.07
2025-07-09 13:30:00,ATM+5,CALL,246.7,246.9,245,245,1740,122360,8.928827,84200,83735.07
2025-07-09 13:30:00,ATM+5,PUT,626,631.05,626,629.6,400,16880,10.383622,84200,83735.07
2025-07-09 13:30:00,ATM+6,CALL,213.1,213.1,211,211.25,2940,82600,8.952091,84300,83735.07
2025-07-09 13:30:00,ATM+6,PUT,689.7,689.7,689.7,689.7,0,6660,10.297431,84300,83735.07
2025-07-09 13:30:00,ATM+7,CALL,182.1,182.3,180.3,181,3360,105080,8.972078,84400,83735.07
2025-07-09 13:30:00,ATM+7,PUT,763.9,763.9,763.9,763.9,0,5580,10.70856,84400,83735.07
2025-07-09 13:30:00,ATM+8,CALL,155.6,155.6,153.45,153.85,3840,215500,8.982723,84500,83735.07
2025-07-09 13:30:00,ATM+8,PUT,835.05,835.05,834.4,834.4,140,38520,10.532766,84500,83735.07
2025-07-09 13:30:00,ATM+9,CALL,131.2,131.2,130.1,130.3,1860,79920,9.004044,84600,83735.07
2025-07-09 13:30:00,ATM+9,PUT,910.9,910.9,910.9,910.9,0,2340,10.583176,84600,83735.07
2025-07-09 13:30:00,ATM+10,CALL,110.8,111.05,110,110.55,2300,99200,9.05291,84700,83735.07
2025-07-09 13:30:00,ATM+10,PUT,1006.55,1006.55,1006.55,1006.55,0,2260,10.841596,84700,83735.07
2025-07-09 13:31:00,ATM-10,CALL,1215.25,1215.25,1215.25,1215.25,0,2440,7.836131,82700,83738.55
2025-07-09 13:31:00,ATM-10,PUT,93,93.4,92,92,2620,89760,10.724867,82700,83738.55
2025-07-09 13:31:00,ATM-9,CALL,1118.5,1118.5,1118.5,1118.5,0,2940,8.667561,82800,83738.55
2025-07-09 13:31:00,ATM-9,PUT,105.85,106.1,105.85,106.1,120,100640,10.63596,82800,83738.55
2025-07-09 13:31:00,ATM-8,CALL,1035.8,1035.8,1035.8,1035.8,0,3180,8.315323,82900,83738.55
2025-07-09 13:31:00,ATM-8,PUT,123.55,123.55,123.55,123.55,60,73420,10.59691,82900,83738.55
2025-07-09 13:31:00,ATM-7,CALL,956.1,956.1,956.1,956.1,0,40140,8.498711,83000,83738.55
2025-07-09 13:31:00,ATM-7,PUT,143,143,140.6,141.8,2380,241660,10.51156,83000,83738.55
2025-07-09 13:31:00,ATM-6,CALL,882.65,882.65,882.65,882.65,0,7440,8.78394,83100,83738.55
2025-07-09 13:31:00,ATM-6,PUT,163.95,164.5,162.2,162.2,480,75580,10.422705,83100,83738.55
2025-07-09 13:31:00,ATM-5,CALL,804.8,804.8,804.8,804.8,40,13060,8.669555,83200,83738.55
2025-07-09 13:31:00,ATM-5,PUT,188.45,189.1,186.8,187.35,440,100920,10.39816,83200,83738.55
2025-07-09 13:31:00,ATM-4,CALL,729.8,729.8,729.8,729.8,40,40760,8.658264,83300,83738.55
2025-07-09 13:31:00,ATM-4,PUT,216.15,216.65,213.5,215.05,1860,263360,10.364688,83300,83738.55
2025-07-09 13:31:00,ATM-3,CALL,662.25,664.35,662.25,663.15,860,50020,8.775617,83400,83738.55
2025-07-09 13:31:00,ATM-3,PUT,246.95,246.95,243.7,245,2740,131940,10.311611,83400,83738.55
2025-07-09 13:31:00,ATM-2,CALL,594.65,598,593,595.8,1960,300160,8.76947,83500,83738.55
2025-07-09 13:31:00,ATM-2,PUT,281.5,281.75,278,279.65,3700,499720,10.2975,83500,83738.55
2025-07-09 13:31:00,ATM-1,CALL,531.65,536.15,531.3,534.55,2620,256820,8.817256,83600,83738.55
2025-07-09 13:31:00,ATM-1,PUT,318.95,319.75,315.1,316.5,3620,404740,10.255667,83600,83738.55
2025-07-09 13:31:00,ATM,CALL,475.15,479.3,474.3,477.7,6200,322880,8.871234,83700,83738.55
2025-07-09 13:31:00,ATM,PUT,361.2,362,357,359.1,6620,309180,10.268862,83700,83738.55
2025-07-09 13:31:00,ATM+1,CALL,421.2,425.85,420.75,424.55,6920,285820,8.91413,83800,83738.55
2025-07-09 13:31:00,ATM+1,PUT,407.65,408.55,403.05,405.5,6880,197180,10.287595,83800,83738.55
2025-07-09 13:31:00,ATM+2,CALL,371.1,375.25,370.85,373.5,1800,150560,8.909531,83900,83738.55
2025-07-09 13:31:00,ATM+2,PUT,457.35,458.55,452.5,455.45,2220,80180,10.305629,83900,83738.55
2025-07-09 13:31:00,ATM+3,CALL,324.7,328.95,324.55,327.25,3300,341420,8.920752,84000,83738.55
2025-07-09 13:31:00,ATM+3,PUT,511.55,512.45,507.85,509.3,1300,132080,10.331521,84000,83738.55
2025-07-09 13:31:00,ATM+4,CALL,283.4,286.75,283.4,285.9,2860,99280,8.951792,84100,83738.55
2025-07-09 13:31:00,ATM+4,PUT,569,569.75,565.8,565.8,120,18720,10.337127,84100,83738.55
2025-07-09 13:31:00,ATM+5,CALL,245.4,248.45,245.35,247.55,1860,122360,8.960232,84200,83738.55
2025-07-09 13:31:00,ATM+5,PUT,631,631,626.05,627.5,280,16880,10.384564,84200,83738.55
2025-07-09 13:31:00,ATM+6,CALL,211.65,214,211.65,213.55,1260,82600,8.981678,84300,83738.55
2025-07-09 13:31:00,ATM+6,PUT,689.7,689.7,689.7,689.7,0,6660,10.297431,84300,83738.55
2025-07-09 13:31:00,ATM+7,CALL,180.75,183.4,180.75,182.4,220,105080,8.982437,84400,83738.55
2025-07-09 13:31:00,ATM+7,PUT,763.9,763.9,763.9,763.9,40,6180,10.563919,84400,83738.55
2025-07-09 13:31:00,ATM+8,CALL,153.75,156.4,153.75,155.6,2300,215500,9.006922,84500,83738.55
2025-07-09 13:31:00,ATM+8,PUT,834.4,834.4,834.4,834.4,0,38520,10.532766,84500,83738.55
2025-07-09 13:31:00,ATM+9,CALL,130.5,132.4,130.5,131.95,1140,79920,9.030205,84600,83738.55
2025-07-09 13:31:00,ATM+9,PUT,910.9,910.9,910.9,910.9,0,2340,10.583176,84600,83738.55
2025-07-09 13:31:00,ATM+10,CALL,110.7,112.2,110.7,111.35,2260,99200,9.056562,84700,83738.55
2025-07-09 13:31:00,ATM+10,PUT,1006.55,1006.55,1006.55,1006.55,0,2260,10.841596,84700,83738.55
2025-07-09 13:32:00,ATM-10,CALL,1215.25,1215.25,1215.25,1215.25,0,2440,7.836131,82700,83742.41
2025-07-09 13:32:00,ATM-10,PUT,92.6,93.9,92.6,93.5,620,89760,10.807382,82700,83742.41
2025-07-09 13:32:00,ATM-9,CALL,1118.5,1118.5,1118.5,1118.5,0,2940,8.667561,82800,83742.41
2025-07-09 13:32:00,ATM-9,PUT,106.5,108,106.45,107.75,400,100640,10.720465,82800,83742.41
2025-07-09 13:32:00,ATM-8,CALL,1033.55,1033.55,1032.4,1032.4,60,3180,7.889043,82900,83742.41
2025-07-09 13:32:00,ATM-8,PUT,123.9,124.6,123.7,124.6,460,73420,10.657964,82900,83742.41
2025-07-09 13:32:00,ATM-7,CALL,957.15,957.15,951.35,951.35,160,40140,8.088312,83000,83742.41
2025-07-09 13:32:00,ATM-7,PUT,141.8,143.85,141.8,143.35,1900,241660,10.587218,83000,83742.41
2025-07-09 13:32:00,ATM-6,CALL,882.65,882.65,882.65,882.65,0,7440,8.78394,83100,83742.41
2025-07-09 13:32:00,ATM-6,PUT,162.95,165,162.95,164.6,440,75580,10.521892,83100,83742.41
2025-07-09 13:32:00,ATM-5,CALL,804.8,804.8,804.8,804.8,0,13060,8.669555,83200,83742.41
2025-07-09 13:32:00,ATM-5,PUT,187.35,190.25,187.35,189.65,1080,100920,10.492094,83200,83742.41
2025-07-09 13:32:00,ATM-4,CALL,729.1,729.1,729.05,729.05,80,40760,8.557559,83300,83742.41
2025-07-09 13:32:00,ATM-4,PUT,215.05,217.95,215.05,216.8,1020,263360,10.44252,83300,83742.41
2025-07-09 13:32:00,ATM-3,CALL,658.05,658.05,657.6,658,60,50020,8.568353,83400,83742.41
2025-07-09 13:32:00,ATM-3,PUT,245.3,249,245.15,248,1560,131940,10.421186,83400,83742.41
2025-07-09 13:32:00,ATM-2,CALL,595.2,596.5,590.1,592.65,2520,300160,8.626598,83500,83742.41
2025-07-09 13:32:00,ATM-2,PUT,279.6,283.5,279.3,281.95,3040,499720,10.389219,83500,83742.41
2025-07-09 13:32:00,ATM-1,CALL,534.1,534.55,530,531.05,2800,256820,8.67509,83600,83742.41
2025-07-09 13:32:00,ATM-1,PUT,316.15,321,316.15,318.9,3120,404740,10.350482,83600,83742.41
2025-07-09 13:32:00,ATM,CALL,477.8,477.8,472.55,473.85,10760,322880,8.728302,83700,83742.41
2025-07-09 13:32:00,ATM,PUT,359.8,363.05,358.25,361.6,9880,309180,10.367413,83700,83742.41
2025-07-09 13:32:00,ATM+1,CALL,424.45,424.45,419.4,420.4,7140,285820,8.770079,83800,83742.41
2025-07-09 13:32:00,ATM+1,PUT,405.5,410,405.5,408.55,10080,197180,10.401042,83800,83742.41
2025-07-09 13:32:00,ATM+2,CALL,373.7,373.7,369.55,371,1600,150560,8.808017,83900,83742.41
2025-07-09 13:32:00,ATM+2,PUT,455.2,460,454.75,457.95,1860,80180,10.409155,83900,83742.41
2025-07-09 13:32:00,ATM+3,CALL,327.3,327.3,323.3,325.25,3700,341420,8.833914,84000,83742.41
2025-07-09 13:32:00,ATM+3,PUT,507.8,514.3,507.8,510.8,7240,132080,10.415425,84000,83742.41
2025-07-09 13:32:00,ATM+4,CALL,285,285,282,283.25,2540,99280,8.851663,84100,83742.41
2025-07-09 13:32:00,ATM+4,PUT,572,572,571.2,571.2,1020,18720,10.51728,84100,83742.41
2025-07-09 13:32:00,ATM+5,CALL,247.25,247.3,244.45,245,3500,122360,8.86339,84200,83742.41
2025-07-09 13:32:00,ATM+5,PUT,629.95,632,629.95,631.6,300,16880,10.540215,84200,83742.41
2025-07-09 13:32:00,ATM+6,CALL,213.45,213.45,210.55,211.75,1980,82600,8.903783,84300,83742.41
2025-07-09 13:32:00,ATM+6,PUT,698.5,698.5,698.5,698.5,120,6640,10.642422,84300,83742.41
2025-07-09 13:32:00,ATM+7,CALL,182.9,182.9,180.15,181.25,1140,105080,8.921682,84400,83742.41
2025-07-09 13:32:00,ATM+7,PUT,768.5,768.5,762.15,762.15,600,6180,10.58587,84400,83742.41
2025-07-09 13:32:00,ATM+8,CALL,155.8,155.8,153.7,153.95,2220,215500,8.932037,84500,83742.41
2025-07-09 13:32:00,ATM+8,PUT,840.55,840.55,839.85,839.85,60,38520,10.816074,84500,83742.41
2025-07-09 13:32:00,ATM+9,CALL,132.3,132.3,130.3,130.55,400,79920,8.961266,84600,83742.41
2025-07-09 13:32:00,ATM+9,PUT,910.9,910.9,910.9,910.9,0,2340,10.583176,84600,83742.41
2025-07-09 13:32:00,ATM+10,CALL,111.15,111.35,110,110.35,380,99200,8.998799,84700,83742.41
2025-07-09 13:32:00,ATM+10,PUT,1006.55,1006.55,1006.55,1006.55,0,2260,10.841596,84700,83742.41
2025-07-09 13:33:00,ATM-10,CALL,1215.25,1215.25,1215.25,1215.25,0,2440,7.836131,82700,83737.62
2025-07-09 13:33:00,ATM-10,PUT,93.75,93.75,92.1,92.4,360,91140,10.73607,82700,83737.62
2025-07-09 13:33:00,ATM-9,CALL,1118.5,1118.5,1118.5,1118.5,0,2940,8.667561,82800,83737.62
2025-07-09 13:33:00,ATM-9,PUT,107.4,107.4,105.8,105.8,260,99940,10.62026,82800,83737.62
2025-07-09 13:33:00,ATM-8,CALL,1032.4,1032.4,1032.4,1032.4,0,3180,7.889043,82900,83737.62
2025-07-09 13:33:00,ATM-8,PUT,124.15,124.15,123.2,123.5,200,73380,10.590157,82900,83737.62
2025-07-09 13:33:00,ATM-7,CALL,951.35,951.35,951.35,951.35,0,40140,8.088312,83000,83737.62
2025-07-09 13:33:00,ATM-7,PUT,143.3,143.3,141.35,141.4,1200,241860,10.493585,83000,83737.62
2025-07-09 13:33:00,ATM-6,CALL,882.65,882.65,882.65,882.65,0,7440,8.78394,83100,83737.62
2025-07-09 13:33:00,ATM-6,PUT,164.6,164.85,162.8,162.8,440,75200,10.434754,83100,83737.62
2025-07-09 13:33:00,ATM-5,CALL,801.45,801.45,801.45,801.45,20,13040,8.591281,83200,83737.62
2025-07-09 13:33:00,ATM-5,PUT,189.5,189.5,186.55,186.55,5780,102020,10.369702,83200,83737.62
2025-07-09 13:33:00,ATM-4,CALL,729.05,729.05,729.05,729.05,0,40760,8.557559,83300,83737.62
2025-07-09 13:33:00,ATM-4,PUT,217.15,217.15,214.15,214.5,1300,261720,10.343557,83300,83737.62
2025-07-09 13:33:00,ATM-3,CALL,657.6,660.6,657.6,660.6,60,49980,8.726897,83400,83737.62
2025-07-09 13:33:00,ATM-3,PUT,247,248,245,245.75,1380,130560,10.323777,83400,83737.62
2025-07-09 13:33:00,ATM-2,CALL,592.75,597.6,592.7,596.7,920,305720,8.808999,83500,83737.62
2025-07-09 13:33:00,ATM-2,PUT,281.65,282,278.45,279.95,2580,502280,10.297425,83500,83737.62
2025-07-09 13:33:00,ATM-1,CALL,531.1,535,531.1,532.75,2060,255320,8.78901,83600,83737.62
2025-07-09 13:33:00,ATM-1,PUT,319.65,319.7,315.65,316.55,3340,404920,10.248845,83600,83737.62
2025-07-09 13:33:00,ATM,CALL,474.2,477.45,473.85,476,5620,324200,8.845172,83700,83737.62
2025-07-09 13:33:00,ATM,PUT,361.1,362.2,357.9,359.85,4080,308140,10.277854,83700,83737.62
2025-07-09 13:33:00,ATM+1,CALL,421.95,424.25,420.8,423.05,5280,285120,8.892193,83800,83737.62
2025-07-09 13:33:00,ATM+1,PUT,406.95,408.6,404,405.2,4260,198000,10.271285,83800,83737.62
2025-07-09 13:33:00,ATM+2,CALL,371.6,373.9,370,371.3,3580,149040,8.870517,83900,83737.62
2025-07-09 13:33:00,ATM+2,PUT,458.8,459.7,454,455.25,2480,79900,10.29089,83900,83737.62
2025-07-09 13:33:00,ATM+3,CALL,325.4,327.15,325.2,325.7,2880,341820,8.895712,84000,83737.62
2025-07-09 13:33:00,ATM+3,PUT,512,512,507.35,509.9,260,131880,10.334556,84000,83737.62
2025-07-09 13:33:00,ATM+4,CALL,283.9,285,283,283.55,400,98780,8.906341,84100,83737.62
2025-07-09 13:33:00,ATM+4,PUT,568.45,568.45,567,567,200,18780,10.353562,84100,83737.62
2025-07-09 13:33:00,ATM+5,CALL,246.25,247.45,246.2,246.5,260,121640,8.944328,84200,83737.62
2025-07-09 13:33:00,ATM+5,PUT,632.25,632.25,629.2,629.75,120,14780,10.42585,84200,83737.62
2025-07-09 13:33:00,ATM+6,CALL,211.75,213,211.75,212.7,160,83680,8.969276,84300,83737.62
2025-07-09 13:33:00,ATM+6,PUT,695,695,695,695,80,6640,10.480267,84300,83737.62
2025-07-09 13:33:00,ATM+7,CALL,181.2,183,181.2,182.75,520,102820,9.000453,84400,83737.62
2025-07-09 13:33:00,ATM+7,PUT,762.15,762.15,762.15,762.15,0,6180,10.58587,84400,83737.62
2025-07-09 13:33:00,ATM+8,CALL,154.15,155.95,154.15,155.65,1540,216320,9.016555,84500,83737.62
2025-07-09 13:33:00,ATM+8,PUT,839.85,839.85,839.85,839.85,0,38520,10.816074,84500,83737.62
2025-07-09 13:33:00,ATM+9,CALL,131.5,132.45,131.5,132,280,79340,9.039525,84600,83737.62
2025-07-09 13:33:00,ATM+9,PUT,910.9,910.9,910.9,910.9,0,2340,10.583176,84600,83737.62
2025-07-09 13:33:00,ATM+10,CALL,111.15,111.6,111,111.45,1080,97620,9.067268,84700,83737.62
2025-07-09 13:33:00,ATM+10,PUT,1006.55,1006.55,1006.55,1006.55,0,2260,10.841596,84700,83737.62
2025-07-09 13:34:00,ATM-10,CALL,1215.25,1215.25,1215.25,1215.25,0,2440,7.836131,82700,83734.68
2025-07-09 13:34:00,ATM-10,PUT,92,92.1,91.65,91.7,740,91140,10.691477,82700,83734.68
2025-07-09 13:34:00,ATM-9,CALL,1122.3,1122.3,1122.3,1122.3,20,2900,8.30658,82800,83734.68
2025-07-09 13:34:00,ATM-9,PUT,106.4,106.8,105.65,106.8,180,99940,10.63877,82800,83734.68
2025-07-09 13:34:00,ATM-8,CALL,1032.4,1032.4,1032.4,1032.4,0,3180,7.889043,82900,83734.68
2025-07-09 13:34:00,ATM-8,PUT,121.95,122.35,121.8,122.35,200,73380,10.532697,82900,83734.68
2025-07-09 13:34:00,ATM-7,CALL,956.95,956.95,956.95,956.95,40,40200,8.545669,83000,83734.68
2025-07-09 13:34:00,ATM-7,PUT,141.5,141.85,140.6,141.85,1200,241860,10.488143,83000,83734.68
2025-07-09 13:34:00,ATM-6,CALL,876.8,876.8,876.8,876.8,40,7380,8.579695,83100,83734.68
2025-07-09 13:34:00,ATM-6,PUT,162.25,162.4,162,162.4,140,75200,10.402293,83100,83734.68
2025-07-09 13:34:00,ATM-5,CALL,805,805,800.65,800.65,120,13040,8.636401,83200,83734.68
2025-07-09 13:34:00,ATM-5,PUT,186.85,188.2,186.5,186.85,780,102020,10.356329,83200,83734.68
2025-07-09 13:34:00,ATM-4,CALL,728.75,728.75,728.75,728.75,60,40680,8.71091,83300,83734.68
2025-07-09 13:34:00,ATM-4,PUT,213.65,215.25,213.3,213.8,300,261720,10.301917,83300,83734.68
2025-07-09 13:34:00,ATM-3,CALL,661.45,661.45,660.8,661,100,49980,8.792146,83400,83734.68
2025-07-09 13:34:00,ATM-3,PUT,245.15,245.8,244,244.45,1260,130560,10.266219,83400,83734.68
2025-07-09 13:34:00,ATM-2,CALL,594,596.65,593.8,596.65,6880,305720,8.856897,83500,83734.68
2025-07-09 13:34:00,ATM-2,PUT,279.55,280,277.55,279.7,5620,502280,10.265297,83500,83734.68
2025-07-09 13:34:00,ATM-1,CALL,532,535,531.3,531.55,3100,255320,8.804572,83600,83734.68
2025-07-09 13:34:00,ATM-1,PUT,317.9,318,315,316.65,3240,404920,10.22356,83600,83734.68
2025-07-09 13:34:00,ATM,CALL,475.6,477.75,473.3,474.6,5440,324200,8.852758,83700,83734.68
2025-07-09 13:34:00,ATM,PUT,359.8,360.55,357.05,359,4600,308140,10.228264,83700,83734.68
2025-07-09 13:34:00,ATM+1,CALL,422.8,424.95,421.7,422.55,4160,285120,8.917775,83800,83734.68
2025-07-09 13:34:00,ATM+1,PUT,406.05,406.55,403,405.45,6260,198000,10.245362,83800,83734.68
2025-07-09 13:34:00,ATM+2,CALL,372.85,373.9,370.6,370.95,3500,149040,8.896656,83900,83734.68
2025-07-09 13:34:00,ATM+2,PUT,456,456,452.4,454.95,1000,79900,10.24982,83900,83734.68
2025-07-09 13:34:00,ATM+3,CALL,324.9,327.15,324.4,324.4,3340,341820,8.896992,84000,83734.68
2025-07-09 13:34:00,ATM+3,PUT,509.45,509.85,507,507,1820,131880,10.230168,84000,83734.68
2025-07-09 13:34:00,ATM+4,CALL,283,285.25,283,284.6,920,98780,8.960712,84100,83734.68
2025-07-09 13:34:00,ATM+4,PUT,565.55,567,565.55,567,40,18780,10.313866,84100,83734.68
2025-07-09 13:34:00,ATM+5,CALL,246.9,247.25,245.2,246.1,880,121640,8.961919,84200,83734.68
2025-07-09 13:34:00,ATM+5,PUT,627.7,627.7,627.7,627.7,20,14780,10.333418,84200,83734.68
2025-07-09 13:34:00,ATM+6,CALL,212.3,213.25,211.35,211.35,560,83680,8.960523,84300,83734.68
2025-07-09 13:34:00,ATM+6,PUT,695,695,695,695,0,6640,10.480267,84300,83734.68
2025-07-09 13:34:00,ATM+7,CALL,182.15,182.35,180.75,180.75,620,102820,8.97104,84400,83734.68
2025-07-09 13:34:00,ATM+7,PUT,762.15,762.15,762.15,762.15,0,6180,10.58587,84400,83734.68
2025-07-09 13:34:00,ATM+8,CALL,155.05,155.75,154,154,1220,216320,8.992409,84500,83734.68
2025-07-09 13:34:00,ATM+8,PUT,833.4,833.4,833.4,833.4,120,38600,10.499719,84500,83734.68
2025-07-09 13:34:00,ATM+9,CALL,131.45,131.75,130.9,131.2,440,79340,9.03661,84600,83734.68
2025-07-09 13:34:00,ATM+9,PUT,910.9,910.9,910.9,910.9,0,2340,10.583176,84600,83734.68
2025-07-09 13:34:00,ATM+10,CALL,111,111.55,110.25,110.25,760,97620,9.04815,84700,83734.68
2025-07-09 13:34:00,ATM+10,PUT,1006.55,1006.55,1006.55,1006.55,0,2260,10.841596,84700,83734.68
2025-07-09 13:35:00,ATM-10,CALL,1215.25,1215.25,1215.25,1215.25,0,2440,7.836131,82700,83743.51
2025-07-09 13:35:00,ATM-10,PUT,92.05,93,92,92.1,640,91140,10.760507,82700,83743.51
2025-07-09 13:35:00,ATM-9,CALL,1122.3,1122.3,1122.3,1122.3,0,2900,8.30658,82800,83743.51
2025-07-09 13:35:00,ATM-9,PUT,106.15,107.15,106.15,106.25,400,99940,10.674355,82800,83743.51
2025-07-09 13:35:00,ATM-8,CALL,1033.75,1033.75,1033.75,1033.75,20,3180,7.909796,82900,83743.51
2025-07-09 13:35:00,ATM-8,PUT,122.35,123.9,122.35,122.4,260,73380,10.59241,82900,83743.51
2025-07-09 13:35:00,ATM-7,CALL,952.55,952.55,950,951.2,180,40200,8.049042,83000,83743.51
2025-07-09 13:35:00,ATM-7,PUT,141.3,142.65,140.9,141.4,2140,241860,10.534781,83000,83743.51
2025-07-09 13:35:00,ATM-6,CALL,875,875,873.25,873.25,360,7380,8.220473,83100,83743.51
2025-07-09 13:35:00,ATM-6,PUT,162.5,164.1,162.5,162.8,680,75200,10.477966,83100,83743.51
2025-07-09 13:35:00,ATM-5,CALL,798.1,800.05,796.05,798,260,13040,8.346953,83200,83743.51
2025-07-09 13:35:00,ATM-5,PUT,186.9,189.05,186.65,187.3,1780,102020,10.436129,83200,83743.51
2025-07-09 13:35:00,ATM-4,CALL,725.05,725.05,722.15,723.35,140,40680,8.374218,83300,83743.51
2025-07-09 13:35:00,ATM-4,PUT,214.6,216.65,214.3,215.1,1020,261720,10.407459,83300,83743.51
2025-07-09 13:35:00,ATM-3,CALL,655.9,658.8,655.8,658.8,240,49980,8.571475,83400,83743.51
2025-07-09 13:35:00,ATM-3,PUT,244.8,247.25,244.6,245.85,1540,130560,10.377009,83400,83743.51
2025-07-09 13:35:00,ATM-2,CALL,593.5,595.6,587.6,591.7,5120,305720,8.586419,83500,83743.51
2025-07-09 13:35:00,ATM-2,PUT,278.8,282,278.75,280,2680,502280,10.352377,83500,83743.51
2025-07-09 13:35:00,ATM-1,CALL,532.7,533.1,525.65,530.5,5840,255320,8.647315,83600,83743.51
2025-07-09 13:35:00,ATM-1,PUT,316.6,319.9,316.1,317.45,4580,404920,10.327506,83600,83743.51
2025-07-09 13:35:00,ATM,CALL,475.95,476.45,469.35,473.45,10840,324200,8.705916,83700,83743.51
2025-07-09 13:35:00,ATM,PUT,358.9,362.5,358.85,360.25,7480,308140,10.348132,83700,83743.51
2025-07-09 13:35:00,ATM+1,CALL,422.6,422.6,417,421,9840,285120,8.772392,83800,83743.51
2025-07-09 13:35:00,ATM+1,PUT,405.15,409.3,404,406.85,4820,198000,10.374723,83800,83743.51
2025-07-09 13:35:00,ATM+2,CALL,371.45,371.6,366,369.95,2980,149040,8.773088,83900,83743.51
2025-07-09 13:35:00,ATM+2,PUT,454.6,460.4,454.6,457.15,4600,79900,10.404665,83900,83743.51
2025-07-09 13:35:00,ATM+3,CALL,324.3,325.25,320.45,323.8,6040,341820,8.790424,84000,83743.51
2025-07-09 13:35:00,ATM+3,PUT,508.2,513.8,508.2,513,1900,131880,10.481671,84000,83743.51
2025-07-09 13:35:00,ATM+4,CALL,283.55,283.55,279.95,282,2900,98780,8.813153,84100,83743.51
2025-07-09 13:35:00,ATM+4,PUT,569.35,569.35,568.8,568.8,120,18780,10.476685,84100,83743.51
2025-07-09 13:35:00,ATM+5,CALL,245.45,245.45,242,244.7,1980,121640,8.847984,84200,83743.51
2025-07-09 13:35:00,ATM+5,PUT,630.75,632.5,630.75,632.5,60,14780,10.579013,84200,83743.51
2025-07-09 13:35:00,ATM+6,CALL,211.35,212.3,208.9,210.55,3300,83680,8.865871,84300,83743.51
2025-07-09 13:35:00,ATM+6,PUT,695,695,695,695,0,6640,10.480267,84300,83743.51
2025-07-09 13:35:00,ATM+7,CALL,181.3,181.75,178.25,180.15,1460,102820,8.885486,84400,83743.51
2025-07-09 13:35:00,ATM+7,PUT,762.15,762.15,762.15,762.15,0,6180,10.58587,84400,83743.51
2025-07-09 13:35:00,ATM+8,CALL,154.2,154.35,152.05,153.7,4460,216320,8.918628,84500,83743.51
2025-07-09 13:35:00,ATM+8,PUT,833.4,833.4,833.4,833.4,0,38600,10.499719,84500,83743.51
2025-07-09 13:35:00,ATM+9,CALL,131.2,131.2,128.8,130,2400,79340,8.938726,84600,83743.51
2025-07-09 13:35:00,ATM+9,PUT,910.9,910.9,910.9,910.9,0,2340,10.583176,84600,83743.51
2025-07-09 13:35:00,ATM+10,CALL,110.65,110.65,109.15,109.15,600,97620,8.954029,84700,83743.51
2025-07-09 13:35:00,ATM+10,PUT,1006.55,1006.55,1006.55,1006.55,0,2260,10.841596,84700,83743.51
2025-07-09 13:36:00,ATM-10,CALL,1215.25,1215.25,1215.25,1215.25,0,2440,7.836131,82700,83735.72
2025-07-09 13:36:00,ATM-10,PUT,92,94.65,91.6,94.65,860,91540,10.814254,82700,83735.72
2025-07-09 13:36:00,ATM-9,CALL,1122.3,1122.3,1122.3,1122.3,0,2900,8.30658,82800,83735.72
2025-07-09 13:36:00,ATM-9,PUT,106.55,109.25,106.1,108.3,2000,100060,10.700585,82800,83735.72
2025-07-09 13:36:00,ATM-8,CALL,1033.75,1033.75,1033.75,1033.75,0,3180,7.909796,82900,83735.72
2025-07-09 13:36:00,ATM-8,PUT,122.7,125.95,122.7,125.1,760,73460,10.633031,82900,83735.72
2025-07-09 13:36:00,ATM-7,CALL,951.2,952.85,945,945,17460,40100,8.065165,83000,83735.72
2025-07-09 13:36:00,ATM-7,PUT,140.75,145.1,140.75,144,5960,243380,10.563772,83000,83735.72
2025-07-09 13:36:00,ATM-6,CALL,873.25,873.25,873.25,873.25,0,7380,8.220473,83100,83735.72
2025-07-09 13:36:00,ATM-6,PUT,162.8,166.9,162.8,165.7,3100,75340,10.508155,83100,83735.72
2025-07-09 13:36:00,ATM-5,CALL,798,798,787.55,787.55,280,13020,8.21132,83200,83735.72
2025-07-09 13:36:00,ATM-5,PUT,187.5,191.75,187,191.4,4780,102020,10.492055,83200,83735.72
2025-07-09 13:36:00,ATM-4,CALL,727.4,727.4,717,718.35,360,40680,8.397042,83300,83735.72
2025-07-09 13:36:00,ATM-4,PUT,215.15,220.1,215.05,219.05,3820,262260,10.450583,83300,83735.72
2025-07-09 13:36:00,ATM-3,CALL,658.5,658.75,646.5,650,740,49940,8.483227,83400,83735.72
2025-07-09 13:36:00,ATM-3,PUT,245.65,250.9,245.65,249.35,3940,130560,10.400726,83400,83735.72
2025-07-09 13:36:00,ATM-2,CALL,591,591.95,581.25,583.25,5820,305720,8.503765,83500,83735.72
2025-07-09 13:36:00,ATM-2,PUT,280,285.55,279.45,283.85,9740,499260,10.377629,83500,83735.72
2025-07-09 13:36:00,ATM-1,CALL,529.3,530.3,519.45,521.05,6860,256580,8.535794,83600,83735.72
2025-07-09 13:36:00,ATM-1,PUT,317.55,323.7,316.85,321.5,7640,404920,10.350562,83600,83735.72
2025-07-09 13:36:00,ATM,CALL,472.5,473.85,463.7,465.75,16180,324140,8.631017,83700,83735.72
2025-07-09 13:36:00,ATM,PUT,359.25,366.5,359,364.3,13260,311780,10.364333,83700,83735.72
2025-07-09 13:36:00,ATM+1,CALL,419.55,420.45,410.9,413.15,17680,294020,8.687455,83800,83735.72
2025-07-09 13:36:00,ATM+1,PUT,406.6,413.75,404.95,410,13060,201820,10.363391,83800,83735.72
2025-07-09 13:36:00,ATM+2,CALL,368.85,369.5,360.7,362.35,6280,147220,8.686642,83900,83735.72
2025-07-09 13:36:00,ATM+2,PUT,456.95,464.4,455.1,461.95,4100,80680,10.425218,83900,83735.72
2025-07-09 13:36:00,ATM+3,CALL,323.1,323.85,315.45,317.05,12340,340940,8.715561,84000,83735.72
2025-07-09 13:36:00,ATM+3,PUT,510.05,518.2,509.75,517.8,5720,131040,10.495964,84000,83735.72
2025-07-09 13:36:00,ATM+4,CALL,280.95,281.95,273.8,275.5,6620,99520,8.735211,84100,83735.72
2025-07-09 13:36:00,ATM+4,PUT,568.55,577.05,568.55,576.05,200,18180,10.542615,84100,83735.72
2025-07-09 13:36:00,ATM+5,CALL,243.65,244.05,237.6,238,6200,123020,8.755223,84200,83735.72
2025-07-09 13:36:00,ATM+5,PUT,630.5,640.7,630.5,637.1,340,14460,10.576195,84200,83735.72
2025-07-09 13:36:00,ATM+6,CALL,209.8,209.85,204.55,205.2,2820,84660,8.796171,84300,83735.72
2025-07-09 13:36:00,ATM+6,PUT,705,705,705,705,80,6700,10.698767,84300,83735.72
2025-07-09 13:36:00,ATM+7,CALL,179.7,179.7,173.8,175.5,4660,101920,8.823351,84400,83735.72
2025-07-09 13:36:00,ATM+7,PUT,766.25,766.25,766.25,766.25,60,5700,10.576948,84400,83735.72
2025-07-09 13:36:00,ATM+8,CALL,153.2,153.45,148.4,149,8060,215740,8.843649,84500,83735.72
2025-07-09 13:36:00,ATM+8,PUT,833.4,833.4,833.4,833.4,0,38600,10.499719,84500,83735.72
2025-07-09 13:36:00,ATM+9,CALL,129.7,129.7,125.65,126.35,2580,79300,8.882782,84600,83735.72
2025-07-09 13:36:00,ATM+9,PUT,910.9,910.9,910.9,910.9,0,2340,10.583176,84600,83735.72
2025-07-09 13:36:00,ATM+10,CALL,109.9,109.9,106,106.45,3480,96840,8.91721,84700,83735.72
2025-07-09 13:36:00,ATM+10,PUT,1006.55,1006.55,1006.55,1006.55,0,2260,10.841596,84700,83735.72
2025-07-09 13:37:00,ATM-10,CALL,1215.25,1215.25,1215.25,1215.25,0,2440,7.836131,82700,83735.23
2025-07-09 13:37:00,ATM-10,PUT,93.45,94.3,93.45,93.9,2500,91540,10.782581,82700,83735.23
2025-07-09 13:37:00,ATM-9,CALL,1122.3,1122.3,1122.3,1122.3,0,2900,8.30658,82800,83735.23
2025-07-09 13:37:00,ATM-9,PUT,107.9,108.45,107.45,107.85,1180,100060,10.681763,82800,83735.23
2025-07-09 13:37:00,ATM-8,CALL,1033.75,1033.75,1033.75,1033.75,0,3180,7.909796,82900,83735.23
2025-07-09 13:37:00,ATM-8,PUT,124.2,124.6,124,124.5,280,73460,10.610183,82900,83735.23
2025-07-09 13:37:00,ATM-7,CALL,948.65,951,948,951,160,40100,8.310835,83000,83735.23
2025-07-09 13:37:00,ATM-7,PUT,143.1,144.4,142.65,143.2,1960,243380,10.535807,83000,83735.23
2025-07-09 13:37:00,ATM-6,CALL,873.25,873.25,873.25,873.25,0,7380,8.220473,83100,83735.23
2025-07-09 13:37:00,ATM-6,PUT,165.55,165.55,164.45,165.1,280,75340,10.487425,83100,83735.23
2025-07-09 13:37:00,ATM-5,CALL,790.7,796.8,790.7,796.8,100,13020,8.509091,83200,83735.23
2025-07-09 13:37:00,ATM-5,PUT,189.6,190.4,189.15,190.15,1100,102020,10.453999,83200,83735.23
2025-07-09 13:37:00,ATM-4,CALL,722.1,723.9,722.1,723.9,160,40680,8.565498,83300,83735.23
2025-07-09 13:37:00,ATM-4,PUT,217.65,218.15,216.75,217.6,1120,262260,10.40866,83300,83735.23
2025-07-09 13:37:00,ATM-3,CALL,650.25,654.05,650.25,652.85,100,49940,8.568858,83400,83735.23
2025-07-09 13:37:00,ATM-3,PUT,247.95,249,247.55,248.95,2700,130560,10.386847,83400,83735.23
2025-07-09 13:37:00,ATM-2,CALL,583.5,589.7,583.5,589.3,1800,305720,8.665314,83500,83735.23
2025-07-09 13:37:00,ATM-2,PUT,283.85,284.25,281.65,283.05,8880,499260,10.35399,83500,83735.23
2025-07-09 13:37:00,ATM-1,CALL,523.05,527.2,523.05,526.5,4000,256580,8.676168,83600,83735.23
2025-07-09 13:37:00,ATM-1,PUT,321.25,322.2,319.9,320.7,6220,404920,10.327142,83600,83735.23
2025-07-09 13:37:00,ATM,CALL,467.25,471.2,466.55,469.2,8080,324140,8.719917,83700,83735.23
2025-07-09 13:37:00,ATM,PUT,363,364.3,362.2,363,7120,311780,10.329187,83700,83735.23
2025-07-09 13:37:00,ATM+1,CALL,413.45,418.35,413.45,417,7920,294020,8.783869,83800,83735.23
2025-07-09 13:37:00,ATM+1,PUT,410.15,411.55,409,410.3,8900,201820,10.36542,83800,83735.23
2025-07-09 13:37:00,ATM+2,CALL,363.7,367.2,363.7,365.6,1820,147220,8.768315,83900,83735.23
2025-07-09 13:37:00,ATM+2,PUT,459.75,462.15,457.65,460.75,3640,80680,10.392031,83900,83735.23
2025-07-09 13:37:00,ATM+3,CALL,317.85,321.7,317.7,320,7340,340940,8.790356,84000,83735.23
2025-07-09 13:37:00,ATM+3,PUT,513.85,515.5,512.8,513.8,1540,131040,10.396887,84000,83735.23
2025-07-09 13:37:00,ATM+4,CALL,277.2,279.05,276.65,278.95,2380,99520,8.822824,84100,83735.23
2025-07-09 13:37:00,ATM+4,PUT,573.65,573.65,572,572,60,18180,10.440655,84100,83735.23
2025-07-09 13:37:00,ATM+5,CALL,239.05,242.35,239.05,241,1560,123020,8.833908,84200,83735.23
2025-07-09 13:37:00,ATM+5,PUT,635.3,636.15,634.5,635.35,240,14460,10.527183,84200,83735.23
2025-07-09 13:37:00,ATM+6,CALL,206.05,208.45,206.05,207.15,820,84660,8.850734,84300,83735.23
2025-07-09 13:37:00,ATM+6,PUT,705,705,705,705,0,6700,10.698767,84300,83735.23
2025-07-09 13:37:00,ATM+7,CALL,176.2,178.35,176.2,177.2,640,101920,8.873493,84400,83735.23
2025-07-09 13:37:00,ATM+7,PUT,766.25,766.25,766.25,766.25,0,5700,10.576948,84400,83735.23
2025-07-09 13:37:00,ATM+8,CALL,149.95,151.85,149.8,150.9,1780,215740,8.902088,84500,83735.23
2025-07-09 13:37:00,ATM+8,PUT,845.7,845.7,845.7,845.7,20,38500,10.839763,84500,83735.23
2025-07-09 13:37:00,ATM+9,CALL,126.75,128.05,126.6,127.65,780,79300,8.926572,84600,83735.23
2025-07-09 13:37:00,ATM+9,PUT,910.9,910.9,910.9,910.9,0,2340,10.583176,84600,83735.23
2025-07-09 13:37:00,ATM+10,CALL,106.5,108.45,106.5,107.7,800,96840,8.962414,84700,83735.23
2025-07-09 13:37:00,ATM+10,PUT,1006.55,1006.55,1006.55,1006.55,0,2260,10.841596,84700,83735.23
2025-07-09 13:38:00,ATM-10,CALL,1215.25,1215.25,1215.25,1215.25,0,2440,7.836131,82700,83732.79
2025-07-09 13:38:00,ATM-10,PUT,93.7,93.7,91.9,91.9,1040,91540,10.690103,82700,83732.79
2025-07-09 13:38:00,ATM-9,CALL,1122.3,1122.3,1122.3,1122.3,0,2900,8.30658,82800,83732.79
2025-07-09 13:38:00,ATM-9,PUT,108.25,108.25,105.85,106,560,100060,10.599952,82800,83732.79
2025-07-09 13:38:00,ATM-8,CALL,1033.75,1033.75,1033.75,1033.75,0,3180,7.909796,82900,83732.79
2025-07-09 13:38:00,ATM-8,PUT,123.65,123.65,122.25,122.25,240,73460,10.518982,82900,83732.79
2025-07-09 13:38:00,ATM-7,CALL,950.75,960,949.15,960,16400,40100,8.716849,83000,83732.79
2025-07-09 13:38:00,ATM-7,PUT,143,143,140.75,140.85,3900,243380,10.445688,83000,83732.79
2025-07-09 13:38:00,ATM-6,CALL,873.25,873.25,873.25,873.25,0,7380,8.220473,83100,83732.79
2025-07-09 13:38:00,ATM-6,PUT,164.5,165,161.9,161.9,440,75340,10.37584,83100,83732.79
2025-07-09 13:38:00,ATM-5,CALL,804.9,804.9,804.9,804.9,20,13020,8.811235,83200,83732.79
2025-07-09 13:38:00,ATM-5,PUT,189.15,189.15,185.3,185.3,3460,102020,10.300567,83200,83732.79
2025-07-09 13:38:00,ATM-4,CALL,724.25,729.65,724.25,729.65,80,40680,8.778033,83300,83732.79
2025-07-09 13:38:00,ATM-4,PUT,217,217,213.45,213.65,800,262260,10.284661,83300,83732.79
2025-07-09 13:38:00,ATM-3,CALL,654,660,654,660,80,49940,8.80346,83400,83732.79
2025-07-09 13:38:00,ATM-3,PUT,248.55,248.55,243.45,243.6,2220,130560,10.230354,83400,83732.79
2025-07-09 13:38:00,ATM-2,CALL,587.35,596,587.3,595.25,2780,305720,8.855839,83500,83732.79
2025-07-09 13:38:00,ATM-2,PUT,283.05,283.05,277.1,277.25,7560,499260,10.189759,83500,83732.79
2025-07-09 13:38:00,ATM-1,CALL,526.55,533.35,525.75,533.05,3060,256580,8.871964,83600,83732.79
2025-07-09 13:38:00,ATM-1,PUT,320,320.05,314.9,315,3800,404920,10.167647,83600,83732.79
2025-07-09 13:38:00,ATM,CALL,471,476.95,469.35,476.95,6780,324140,8.936698,83700,83732.79
2025-07-09 13:38:00,ATM,PUT,363,363,356.7,357,10760,311780,10.163591,83700,83732.79
2025-07-09 13:38:00,ATM+1,CALL,417,423.15,416.15,423,7600,294020,8.954495,83800,83732.79
2025-07-09 13:38:00,ATM+1,PUT,409,409.35,402.65,403,7160,201820,10.169307,83800,83732.79
2025-07-09 13:38:00,ATM+2,CALL,366.4,372,365.4,372,4300,147220,8.945318,83900,83732.79
2025-07-09 13:38:00,ATM+2,PUT,460,460,452.5,453.35,2260,80680,10.192048,83900,83732.79
2025-07-09 13:38:00,ATM+3,CALL,319.95,325.85,319.95,325.85,5040,340940,8.953485,84000,83732.79
2025-07-09 13:38:00,ATM+3,PUT,512.4,512.4,507,507,1540,131040,10.207745,84000,83732.79
2025-07-09 13:38:00,ATM+4,CALL,278.8,284,278.8,284,1140,99520,8.96754,84100,83732.79
2025-07-09 13:38:00,ATM+4,PUT,567.8,567.8,567.55,567.55,80,18180,10.302523,84100,83732.79
2025-07-09 13:38:00,ATM+5,CALL,242.8,246,242.8,246,280,123020,8.979254,84200,83732.79
2025-07-09 13:38:00,ATM+5,PUT,627.95,627.95,627.95,627.95,60,14460,10.312908,84200,83732.79
2025-07-09 13:38:00,ATM+6,CALL,207.7,212,207.7,212,1680,84660,8.995683,84300,83732.79
2025-07-09 13:38:00,ATM+6,PUT,705,705,705,705,0,6700,10.698767,84300,83732.79
2025-07-09 13:38:00,ATM+7,CALL,178.45,181,177.95,181,540,101920,8.99528,84400,83732.79
2025-07-09 13:38:00,ATM+7,PUT,766.25,766.25,766.25,766.25,1000,5700,10.526805,84400,83732.79
2025-07-09 13:38:00,ATM+8,CALL,150.8,154,150.8,154,2900,215740,9.009027,84500,83732.79
2025-07-09 13:38:00,ATM+8,PUT,845.7,845.7,845.7,845.7,0,38500,10.839763,84500,83732.79
2025-07-09 13:38:00,ATM+9,CALL,127.85,130.25,127.85,130,260,79300,9.015936,84600,83732.79
2025-07-09 13:38:00,ATM+9,PUT,910.9,910.9,910.9,910.9,0,2340,10.583176,84600,83732.79
2025-07-09 13:38:00,ATM+10,CALL,107.75,110.25,107.5,109.25,2500,96840,9.030307,84700,83732.79
2025-07-09 13:38:00,ATM+10,PUT,1006.55,1006.55,1006.55,1006.55,0,2260,10.841596,84700,83732.79
2025-07-09 13:39:00,ATM-10,CALL,1215.25,1215.25,1215.25,1215.25,0,2440,7.836131,82700,83734.98
2025-07-09 13:39:00,ATM-10,PUT,92.75,93.2,92.35,93,480,90640,10.746912,82700,83734.98
2025-07-09 13:39:00,ATM-9,CALL,1122.3,1122.3,1122.3,1122.3,0,2900,8.30658,82800,83734.98
2025-07-09 13:39:00,ATM-9,PUT,105.7,107.6,105.7,107.6,140,100320,10.672173,82800,83734.98
2025-07-09 13:39:00,ATM-8,CALL,1033.75,1033.75,1033.75,1033.75,0,3180,7.909796,82900,83734.98
2025-07-09 13:39:00,ATM-8,PUT,123.15,123.15,122.65,123.05,180,73520,10.560754,82900,83734.98
2025-07-09 13:39:00,ATM-7,CALL,959.35,959.35,951.4,951.4,400,53500,8.335649,83000,83734.98
2025-07-09 13:39:00,ATM-7,PUT,141.7,142.7,141.5,142.45,460,244500,10.511515,83000,83734.98
2025-07-09 13:39:00,ATM-6,CALL,880.65,880.65,874.95,874.95,320,7580,8.514848,83100,83734.98
2025-07-09 13:39:00,ATM-6,PUT,161.65,163.85,161.65,163.85,980,75440,10.449706,83100,83734.98
2025-07-09 13:39:00,ATM-5,CALL,802.05,802.05,800.65,800.65,80,13120,8.633725,83200,83734.98
2025-07-09 13:39:00,ATM-5,PUT,186,188.85,186,188.85,560,101900,10.416805,83200,83734.98
2025-07-09 13:39:00,ATM-4,CALL,728.45,728.45,723.75,723.75,220,40900,8.568083,83300,83734.98
2025-07-09 13:39:00,ATM-4,PUT,213.9,216.7,213.55,216.7,1680,260980,10.383697,83300,83734.98
2025-07-09 13:39:00,ATM-3,CALL,660,660,656.45,656.45,100,49820,8.670438,83400,83734.98
2025-07-09 13:39:00,ATM-3,PUT,243.9,246.6,243.9,246.5,1640,129140,10.323259,83400,83734.98
2025-07-09 13:39:00,ATM-2,CALL,596,596,589.55,589.55,1780,306840,8.677264,83500,83734.98
2025-07-09 13:39:00,ATM-2,PUT,278.1,281.6,278.1,281.6,3260,499880,10.316963,83500,83734.98
2025-07-09 13:39:00,ATM-1,CALL,532.3,532.6,526.65,526.7,3540,256860,8.686226,83600,83734.98
2025-07-09 13:39:00,ATM-1,PUT,314.65,319,314.65,319,4040,405020,10.284893,83600,83734.98
2025-07-09 13:39:00,ATM,CALL,476.35,476.75,470.6,470.85,5380,322360,8.763721,83700,83734.98
2025-07-09 13:39:00,ATM,PUT,357.25,361.5,357.25,361.5,2780,310940,10.292214,83700,83734.98
2025-07-09 13:39:00,ATM+1,CALL,422.35,423.2,417.25,417.7,4020,293900,8.804668,83800,83734.98
2025-07-09 13:39:00,ATM+1,PUT,402.4,407.75,402.4,407.5,5500,202180,10.29838,83800,83734.98
2025-07-09 13:39:00,ATM+2,CALL,370.85,370.85,367.05,367.2,1520,146680,8.809657,83900,83734.98
2025-07-09 13:39:00,ATM+2,PUT,453.1,457.2,452.85,456.6,1900,80640,10.293612,83900,83734.98
2025-07-09 13:39:00,ATM+3,CALL,324.65,325.25,320.7,320.7,3120,342120,8.810692,84000,83734.98
2025-07-09 13:39:00,ATM+3,PUT,507.9,512.75,507.6,512.75,2340,130180,10.370015,84000,83734.98
2025-07-09 13:39:00,ATM+4,CALL,283.6,283.65,279.5,279.5,560,96360,8.839677,84100,83734.98
2025-07-09 13:39:00,ATM+4,PUT,569.65,570,566.9,568.9,260,18040,10.364729,84100,83734.98
2025-07-09 13:39:00,ATM+5,CALL,244.6,244.7,241.85,241.85,1580,124320,8.858316,84200,83734.98
2025-07-09 13:39:00,ATM+5,PUT,629.9,633.5,628.8,633.5,220,14420,10.479613,84200,83734.98
2025-07-09 13:39:00,ATM+6,CALL,210.85,211.05,208.35,208.35,760,84200,8.884746,84300,83734.98
2025-07-09 13:39:00,ATM+6,PUT,705,705,705,705,0,6700,10.698767,84300,83734.98
2025-07-09 13:39:00,ATM+7,CALL,180,180,179.1,179.1,140,100920,8.927678,84400,83734.98
2025-07-09 13:39:00,ATM+7,PUT,766.25,766.25,766.25,766.25,0,5700,10.526805,84400,83734.98
2025-07-09 13:39:00,ATM+8,CALL,153.75,153.95,151.45,151.45,1780,215940,8.920861,84500,83734.98
2025-07-09 13:39:00,ATM+8,PUT,840,840,840,840,100,38500,10.683707,84500,83734.98
2025-07-09 13:39:00,ATM+9,CALL,130,130,128.1,128.1,420,78960,8.943303,84600,83734.98
2025-07-09 13:39:00,ATM+9,PUT,910.9,910.9,910.9,910.9,0,2340,10.583176,84600,83734.98
2025-07-09 13:39:00,ATM+10,CALL,109.7,110,108.2,108.2,1740,95880,8.981809,84700,83734.98
2025-07-09 13:39:00,ATM+10,PUT,1006.55,1006.55,1006.55,1006.55,0,2260,10.841596,84700,83734.98
2025-07-09 13:40:00,ATM-10,CALL,1215.25,1215.25,1215.25,1215.25,0,2440,7.836131,82700,83734.8
2025-07-09 13:40:00,ATM-10,PUT,93,93,92.75,92.75,160,90640,10.73655,82700,83734.8
2025-07-09 13:40:00,ATM-9,CALL,1122.3,1122.3,1122.3,1122.3,0,2900,8.30658,82800,83734.8
2025-07-09 13:40:00,ATM-9,PUT,107.2,107.3,106.8,107.3,360,100320,10.660693,82800,83734.8
2025-07-09 13:40:00,ATM-8,CALL,1033.75,1033.75,1033.75,1033.75,0,3180,7.909796,82900,83734.8
2025-07-09 13:40:00,ATM-8,PUT,123.6,123.6,123.6,123.6,20,73520,10.578606,82900,83734.8
2025-07-09 13:40:00,ATM-7,CALL,948.7,950,948.7,949.05,120,53500,8.253775,83000,83734.8
2025-07-09 13:40:00,ATM-7,PUT,142.7,142.7,141.5,142.4,2600,244500,10.509201,83000,83734.8
2025-07-09 13:40:00,ATM-6,CALL,874.95,874.95,874.95,874.95,0,7580,8.514848,83100,83734.8
2025-07-09 13:40:00,ATM-6,PUT,164.25,164.25,162.85,163,340,75440,10.423776,83100,83734.8
2025-07-09 13:40:00,ATM-5,CALL,800.65,800.65,800.65,800.65,0,13120,8.633725,83200,83734.8
2025-07-09 13:40:00,ATM-5,PUT,188.5,188.75,186.9,186.9,480,101900,10.361456,83200,83734.8
2025-07-09 13:40:00,ATM-4,CALL,723.75,723.75,723.75,723.75,0,40900,8.568083,83300,83734.8
2025-07-09 13:40:00,ATM-4,PUT,217,217,214.9,215.5,1480,260980,10.350842,83300,83734.8
2025-07-09 13:40:00,ATM-3,CALL,656.45,656.45,656.45,656.45,0,49820,8.670438,83400,83734.8
2025-07-09 13:40:00,ATM-3,PUT,247.2,247.5,245,246.35,1460,129140,10.318365,83400,83734.8
2025-07-09 13:40:00,ATM-2,CALL,589,590.65,588.35,589.25,860,306840,8.673445,83500,83734.8
2025-07-09 13:40:00,ATM-2,PUT,281.5,281.6,279.55,280.3,2980,499880,10.283796,83500,83734.8
2025-07-09 13:40:00,ATM-1,CALL,527,529.2,526.8,527.4,1320,256860,8.706628,83600,83734.8
2025-07-09 13:40:00,ATM-1,PUT,319.2,319.2,316.85,317.1,3780,405020,10.238074,83600,83734.8
2025-07-09 13:40:00,ATM,CALL,470,472.35,469.6,471.15,6240,322360,8.773969,83700,83734.8
2025-07-09 13:40:00,ATM,PUT,361.2,361.35,358.85,361,6560,310940,10.279039,83700,83734.8
2025-07-09 13:40:00,ATM+1,CALL,417.85,419.6,416.7,418.45,6220,293900,8.825064,83800,83734.8
2025-07-09 13:40:00,ATM+1,PUT,407.75,408,405.55,406.35,4780,202180,10.270068,83800,83734.8
2025-07-09 13:40:00,ATM+2,CALL,367.3,368.65,366.85,367.8,2080,146680,8.826318,83900,83734.8
2025-07-09 13:40:00,ATM+2,PUT,457.95,457.95,455.55,455.85,1880,80640,10.274493,83900,83734.8
2025-07-09 13:40:00,ATM+3,CALL,321.25,323,321.25,321.95,2160,342120,8.842487,84000,83734.8
2025-07-09 13:40:00,ATM+3,PUT,511.95,512.25,510.45,511.65,600,130180,10.342465,84000,83734.8
2025-07-09 13:40:00,ATM+4,CALL,279.25,280.9,279.25,280.1,460,96360,8.856383,84100,83734.8
2025-07-09 13:40:00,ATM+4,PUT,570,570.1,569.5,570.1,140,18040,10.391016,84100,83734.8
2025-07-09 13:40:00,ATM+5,CALL,241.85,243.05,241.85,243.05,380,124320,8.890022,84200,83734.8
2025-07-09 13:40:00,ATM+5,PUT,629.95,629.95,629.95,629.95,20,14420,10.391641,84200,83734.8
2025-07-09 13:40:00,ATM+6,CALL,207.85,208.95,207.85,208.15,520,84200,8.881807,84300,83734.8
2025-07-09 13:40:00,ATM+6,PUT,705,705,705,705,0,6700,10.698767,84300,83734.8
2025-07-09 13:40:00,ATM+7,CALL,178.4,179,178,178.85,760,100920,8.923041,84400,83734.8
2025-07-09 13:40:00,ATM+7,PUT,766.25,766.25,766.25,766.25,0,5700,10.526805,84400,83734.8
2025-07-09 13:40:00,ATM+8,CALL,151.95,153.1,151.45,152.6,7020,215940,8.955543,84500,83734.8
2025-07-09 13:40:00,ATM+8,PUT,839.95,839.95,839.95,839.95,60,38500,10.679296,84500,83734.8
2025-07-09 13:40:00,ATM+9,CALL,128.45,129.15,128.35,128.8,420,78960,8.966538,84600,83734.8
2025-07-09 13:40:00,ATM+9,PUT,910.9,910.9,910.9,910.9,0,2340,10.583176,84600,83734.8
2025-07-09 13:40:00,ATM+10,CALL,108.75,108.9,108.5,108.65,880,95880,8.998459,84700,83734.8
2025-07-09 13:40:00,ATM+10,PUT,1006.55,1006.55,1006.55,1006.55,0,2260,10.841596,84700,83734.8
2025-07-09 13:41:00,ATM-10,CALL,1215.25,1215.25,1215.25,1215.25,0,2440,7.836131,82700,83741.86
2025-07-09 13:41:00,ATM-10,PUT,92.75,92.85,92,92.35,2440,90640,10.763606,82700,83741.86
2025-07-09 13:41:00,ATM-9,CALL,1122.3,1122.3,1122.3,1122.3,0,2900,8.30658,82800,83741.86
2025-07-09 13:41:00,ATM-9,PUT,106.7,106.7,105.8,105.9,1480,100320,10.654378,82800,83741.86
2025-07-09 13:41:00,ATM-8,CALL,1035.4,1036.3,1035.4,1036.3,40,3180,8.094774,82900,83741.86
2025-07-09 13:41:00,ATM-8,PUT,122.5,122.5,121.75,121.75,600,73520,10.56266,82900,83741.86
2025-07-09 13:41:00,ATM-7,CALL,949.05,949.05,949.05,949.05,0,53500,8.253775,83000,83741.86
2025-07-09 13:41:00,ATM-7,PUT,142,142,140.8,140.8,2080,244500,10.507523,83000,83741.86
2025-07-09 13:41:00,ATM-6,CALL,874.95,874.95,874.95,874.95,0,7580,8.514848,83100,83741.86
2025-07-09 13:41:00,ATM-6,PUT,163.55,163.95,161.6,161.6,540,75440,10.433444,83100,83741.86
2025-07-09 13:41:00,ATM-5,CALL,800.65,800.65,800.65,800.65,0,13120,8.633725,83200,83741.86
2025-07-09 13:41:00,ATM-5,PUT,187.75,187.75,186.5,186.5,920,101900,10.404107,83200,83741.86
2025-07-09 13:41:00,ATM-4,CALL,727.7,728.35,727.7,728.35,80,40900,8.556568,83300,83741.86
2025-07-09 13:41:00,ATM-4,PUT,214.55,215.15,214.3,214.3,100,260980,10.37578,83300,83741.86
2025-07-09 13:41:00,ATM-3,CALL,657.8,657.8,657.8,657.8,40,49820,8.580342,83400,83741.86
2025-07-09 13:41:00,ATM-3,PUT,245.35,245.35,243.45,243.55,800,129140,10.307075,83400,83741.86
2025-07-09 13:41:00,ATM-2,CALL,588.1,592.85,588.1,592,1320,306840,8.626162,83500,83741.86
2025-07-09 13:41:00,ATM-2,PUT,281,281.1,278,278,6740,499880,10.290953,83500,83741.86
2025-07-09 13:41:00,ATM-1,CALL,526.65,531.8,526.65,530,640,256860,8.664457,83600,83741.86
2025-07-09 13:41:00,ATM-1,PUT,317.75,317.85,315.35,316.05,3680,405020,10.280793,83600,83741.86
2025-07-09 13:41:00,ATM,CALL,470.65,474.5,470.65,473.15,3100,322360,8.7257,83700,83741.86
2025-07-09 13:41:00,ATM,PUT,360.4,360.4,357.35,357.35,3340,310940,10.26564,83700,83741.86
2025-07-09 13:41:00,ATM+1,CALL,419.2,421.25,418.75,420.1,4040,293900,8.77625,83800,83741.86
2025-07-09 13:41:00,ATM+1,PUT,405.85,406.65,404,404,6240,202180,10.29292,83800,83741.86
2025-07-09 13:41:00,ATM+2,CALL,366.6,370,366.6,370,1440,146680,8.797287,83900,83741.86
2025-07-09 13:41:00,ATM+2,PUT,458.15,458.15,453.8,453.8,880,80640,10.310098,83900,83741.86
2025-07-09 13:41:00,ATM+3,CALL,321.9,324,321.9,324,2080,342120,8.816579,84000,83741.86
2025-07-09 13:41:00,ATM+3,PUT,511.6,511.6,508.05,508.2,1080,130180,10.35143,84000,83741.86
2025-07-09 13:41:00,ATM+4,CALL,281,282.15,281,281.7,160,96360,8.826139,84100,83741.86
2025-07-09 13:41:00,ATM+4,PUT,567.7,567.7,566.4,566.4,120,18040,10.399975,84100,83741.86
2025-07-09 13:41:00,ATM+5,CALL,242.55,244.5,242.55,244.5,3800,124320,8.862024,84200,83741.86
2025-07-09 13:41:00,ATM+5,PUT,629.15,629.15,629.15,629.15,60,14420,10.476477,84200,83741.86
2025-07-09 13:41:00,ATM+6,CALL,208.25,210,208.25,209.7,340,84200,8.862119,84300,83741.86
2025-07-09 13:41:00,ATM+6,PUT,705,705,705,705,0,6700,10.698767,84300,83741.86
2025-07-09 13:41:00,ATM+7,CALL,178.5,179.75,178.5,179.75,260,100920,8.891728,84400,83741.86
2025-07-09 13:41:00,ATM+7,PUT,766.25,766.25,766.25,766.25,0,5700,10.526805,84400,83741.86
2025-07-09 13:41:00,ATM+8,CALL,152.2,153.6,152.15,153.35,2960,215940,8.924811,84500,83741.86
2025-07-09 13:41:00,ATM+8,PUT,838.55,838.55,838.05,838.5,60,38500,10.772873,84500,83741.86
2025-07-09 13:41:00,ATM+9,CALL,128.2,129.55,128.2,128.95,740,78960,8.922179,84600,83741.86
2025-07-09 13:41:00,ATM+9,PUT,910.9,910.9,910.9,910.9,0,2340,10.583176,84600,83741.86
2025-07-09 13:41:00,ATM+10,CALL,108.5,109.3,108.5,109.3,540,95880,8.973616,84700,83741.86
2025-07-09 13:41:00,ATM+10,PUT,1006.55,1006.55,1006.55,1006.55,0,2260,10.841596,84700,83741.86
2025-07-09 13:42:00,ATM-10,CALL,1208,1208,1208,1208,400,2420,8.145516,82700,83734.02
2025-07-09 13:42:00,ATM-10,PUT,92.05,92.05,91.45,91.7,760,90300,10.69165,82700,83734.02
2025-07-09 13:42:00,ATM-9,CALL,1123.95,1123.95,1123.95,1123.95,200,2920,8.422076,82800,83734.02
2025-07-09 13:42:00,ATM-9,PUT,105.8,106.1,105.35,105.45,1180,100520,10.589632,82800,83734.02
2025-07-09 13:42:00,ATM-8,CALL,1041.85,1041.85,1041.85,1041.85,400,3180,8.615147,82900,83734.02
2025-07-09 13:42:00,ATM-8,PUT,121.65,121.95,121.1,121.95,280,73480,10.518858,82900,83734.02
2025-07-09 13:42:00,ATM-7,CALL,957.3,959,954.55,958.35,460,41800,8.624395,83000,83734.02
2025-07-09 13:42:00,ATM-7,PUT,140.55,140.9,139.5,140.6,6660,245180,10.448163,83000,83734.02
2025-07-09 13:42:00,ATM-6,CALL,874.95,874.95,874.95,874.95,0,7580,8.514848,83100,83734.02
2025-07-09 13:42:00,ATM-6,PUT,161.4,161.75,161,161.75,280,75360,10.382144,83100,83734.02
2025-07-09 13:42:00,ATM-5,CALL,800,800,800,800,20,13180,8.638921,83200,83734.02
2025-07-09 13:42:00,ATM-5,PUT,186.1,186.5,184.7,186.45,1300,101900,10.343911,83200,83734.02
2025-07-09 13:42:00,ATM-4,CALL,728.35,728.35,726.5,726.5,80,40900,8.667852,83300,83734.02
2025-07-09 13:42:00,ATM-4,PUT,213.8,213.9,212.55,213.9,800,261540,10.302983,83300,83734.02
2025-07-09 13:42:00,ATM-3,CALL,662,662,656.75,657.2,320,49880,8.710274,83400,83734.02
2025-07-09 13:42:00,ATM-3,PUT,243.45,244.75,242.4,244.6,840,129140,10.268061,83400,83734.02
2025-07-09 13:42:00,ATM-2,CALL,592.65,595,590.7,592,6600,306840,8.757053,83500,83734.02
2025-07-09 13:42:00,ATM-2,PUT,277.65,279.3,276.7,278.95,3440,502280,10.244431,83500,83734.02
2025-07-09 13:42:00,ATM-1,CALL,530.55,532.75,528.45,528.45,3000,256400,8.745208,83600,83734.02
2025-07-09 13:42:00,ATM-1,PUT,315.4,316.7,313.65,315.75,4140,405020,10.19911,83600,83734.02
2025-07-09 13:42:00,ATM,CALL,475,476.65,472,472.8,6940,323140,8.824962,83700,83734.02
2025-07-09 13:42:00,ATM,PUT,357.5,359.6,356.05,358.85,6860,310860,10.221345,83700,83734.02
2025-07-09 13:42:00,ATM+1,CALL,421,423,418.9,420.1,6380,296460,8.874563,83800,83734.02
2025-07-09 13:42:00,ATM+1,PUT,403.8,405.55,402,404.55,6660,201660,10.220466,83800,83734.02
2025-07-09 13:42:00,ATM+2,CALL,369.45,371.25,368,368.85,1760,146300,8.860952,83900,83734.02
2025-07-09 13:42:00,ATM+2,PUT,454.2,455.75,452.55,454.25,3520,81680,10.228984,83900,83734.02
2025-07-09 13:42:00,ATM+3,CALL,323.2,325.05,322.05,323.3,3400,341800,8.883613,84000,83734.02
2025-07-09 13:42:00,ATM+3,PUT,507.45,509.35,505.4,509.2,2120,130620,10.276197,84000,83734.02
2025-07-09 13:42:00,ATM+4,CALL,281.8,282.95,281.6,282,1580,96680,8.91057,84100,83734.02
2025-07-09 13:42:00,ATM+4,PUT,565.8,566.5,563.85,566.5,160,18120,10.295976,84100,83734.02
2025-07-09 13:42:00,ATM+5,CALL,244.6,246,243.6,244.15,2480,124680,8.92537,84200,83734.02
2025-07-09 13:42:00,ATM+5,PUT,626.85,626.85,624.6,624.6,160,14300,10.251539,84200,83734.02
2025-07-09 13:42:00,ATM+6,CALL,210,210.7,209.65,209.65,640,83080,8.927954,84300,83734.02
2025-07-09 13:42:00,ATM+6,PUT,691.2,691.2,691.2,691.2,20,6700,10.331337,84300,83734.02
2025-07-09 13:42:00,ATM+7,CALL,180.8,181.15,179.45,179.5,660,100920,8.947912,84400,83734.02
2025-07-09 13:42:00,ATM+7,PUT,766.25,766.25,766.25,766.25,0,5700,10.526805,84400,83734.02
2025-07-09 13:42:00,ATM+8,CALL,153.05,154.4,153,153,2060,218080,8.973982,84500,83734.02
2025-07-09 13:42:00,ATM+8,PUT,837.25,837.25,833.55,836.9,300,38420,10.583532,84500,83734.02
2025-07-09 13:42:00,ATM+9,CALL,129.25,130.7,129.2,129.7,1160,79240,9.000675,84600,83734.02
2025-07-09 13:42:00,ATM+9,PUT,910.9,910.9,910.9,910.9,0,2340,10.583176,84600,83734.02
2025-07-09 13:42:00,ATM+10,CALL,109.95,110,109.35,109.4,260,96480,9.029571,84700,83734.02
2025-07-09 13:42:00,ATM+10,PUT,1006.55,1006.55,1006.55,1006.55,0,2260,10.841596,84700,83734.02
2025-07-09 13:43:00,ATM-10,CALL,1208,1208,1208,1208,0,2420,8.145516,82700,83730.64
2025-07-09 13:43:00,ATM-10,PUT,91.4,93.15,91.3,93.15,460,90300,10.728828,82700,83730.64
2025-07-09 13:43:00,ATM-9,CALL,1123.95,1123.95,1123.95,1123.95,0,2920,8.422076,82800,83730.64
2025-07-09 13:43:00,ATM-9,PUT,106,107.3,105.1,107.3,580,100520,10.636198,82800,83730.64
2025-07-09 13:43:00,ATM-8,CALL,1041.85,1041.85,1041.85,1041.85,0,3180,8.615147,82900,83730.64
2025-07-09 13:43:00,ATM-8,PUT,121.75,124.2,121.55,124.2,680,73480,10.573068,82900,83730.64
2025-07-09 13:43:00,ATM-7,CALL,945,945.05,945,945.05,3280,41800,8.237322,83000,83730.64
2025-07-09 13:43:00,ATM-7,PUT,140.5,143.35,140.05,143.35,1340,245180,10.511978,83000,83730.64
2025-07-09 13:43:00,ATM-6,CALL,875.45,875.45,871.35,871.35,80,7580,8.514456,83100,83730.64
2025-07-09 13:43:00,ATM-6,PUT,162.2,164.8,161.45,164.8,360,75360,10.448396,83100,83730.64
2025-07-09 13:43:00,ATM-5,CALL,800,800,800,800,0,13180,8.638921,83200,83730.64
2025-07-09 13:43:00,ATM-5,PUT,185.85,188.7,185.85,188.7,480,101900,10.38158,83200,83730.64
2025-07-09 13:43:00,ATM-4,CALL,726.45,728.75,716.8,718.2,1120,40900,8.504644,83300,83730.64
2025-07-09 13:43:00,ATM-4,PUT,214,217.3,213.3,217,820,261540,10.358718,83300,83730.64
2025-07-09 13:43:00,ATM-3,CALL,657.4,657.4,649.5,649.85,920,49880,8.578841,83400,83730.64
2025-07-09 13:43:00,ATM-3,PUT,243.9,248.6,243.9,248.35,820,129140,10.335328,83400,83730.64
2025-07-09 13:43:00,ATM-2,CALL,591.8,592,583,583.6,2040,306840,8.602266,83500,83730.64
2025-07-09 13:43:00,ATM-2,PUT,278.8,283.05,277.3,283,8700,502280,10.314046,83500,83730.64
2025-07-09 13:43:00,ATM-1,CALL,530,530.25,521.8,522.4,3300,256400,8.64977,83600,83730.64
2025-07-09 13:43:00,ATM-1,PUT,316,321,314.65,321,8380,405020,10.292881,83600,83730.64
2025-07-09 13:43:00,ATM,CALL,473.3,474.2,465.05,465.05,8700,323140,8.688494,83700,83730.64
2025-07-09 13:43:00,ATM,PUT,358.9,363.9,357.2,363.9,8400,310860,10.305856,83700,83730.64
2025-07-09 13:43:00,ATM+1,CALL,419.85,421,412.85,413.35,10100,296460,8.759999,83800,83730.64
2025-07-09 13:43:00,ATM+1,PUT,403.9,410.85,403.25,410.85,5440,201660,10.330357,83800,83730.64
2025-07-09 13:43:00,ATM+2,CALL,369.5,369.5,361.35,361.9,4020,146300,8.738792,83900,83730.64
2025-07-09 13:43:00,ATM+2,PUT,453.7,461.1,453.4,460.3,2460,81680,10.329988,83900,83730.64
2025-07-09 13:43:00,ATM+3,CALL,322.45,323.65,316.4,316.4,5360,341800,8.758337,84000,83730.64
2025-07-09 13:43:00,ATM+3,PUT,507.1,516,507.1,516,4240,130620,10.392464,84000,83730.64
2025-07-09 13:43:00,ATM+4,CALL,281,281.9,275.35,275.35,5120,96680,8.785582,84100,83730.64
2025-07-09 13:43:00,ATM+4,PUT,565.6,572.75,565.6,572.75,200,18120,10.397992,84100,83730.64
2025-07-09 13:43:00,ATM+5,CALL,244.4,244.95,238.5,238.85,5220,124680,8.826509,84200,83730.64
2025-07-09 13:43:00,ATM+5,PUT,627.85,630.35,627.85,630.35,200,14300,10.340829,84200,83730.64
2025-07-09 13:43:00,ATM+6,CALL,210.05,210.05,205,205,1100,83080,8.838332,84300,83730.64
2025-07-09 13:43:00,ATM+6,PUT,701.25,701.25,701.25,701.25,40,6700,10.527365,84300,83730.64
2025-07-09 13:43:00,ATM+7,CALL,177.6,178,175.45,175.45,1120,100920,8.866502,84400,83730.64
2025-07-09 13:43:00,ATM+7,PUT,766.25,766.25,766.25,766.25,0,5700,10.526805,84400,83730.64
2025-07-09 13:43:00,ATM+8,CALL,153,153.45,149.55,149.55,5140,218080,8.901379,84500,83730.64
2025-07-09 13:43:00,ATM+8,PUT,836.35,845,836.35,845,800,38420,10.737071,84500,83730.64
2025-07-09 13:43:00,ATM+9,CALL,129.8,129.8,125.95,125.95,3240,79240,8.910311,84600,83730.64
2025-07-09 13:43:00,ATM+9,PUT,910.9,910.9,910.9,910.9,0,2340,10.583176,84600,83730.64
2025-07-09 13:43:00,ATM+10,CALL,109,109.3,107,107.35,2040,96480,8.984882,84700,83730.64
2025-07-09 13:43:00,ATM+10,PUT,1006.55,1006.55,1006.55,1006.55,0,2260,10.841596,84700,83730.64
2025-07-09 13:44:00,ATM-10,CALL,1208,1208,1208,1208,0,2420,8.145516,82700,83727.04
2025-07-09 13:44:00,ATM-10,PUT,93.5,93.6,93.1,93.1,3660,90300,10.70578,82700,83727.04
2025-07-09 13:44:00,ATM-9,CALL,1123.95,1123.95,1123.95,1123.95,0,2920,8.422076,82800,83727.04
2025-07-09 13:44:00,ATM-9,PUT,107.3,107.5,107,107,1960,100520,10.603318,82800,83727.04
2025-07-09 13:44:00,ATM-8,CALL,1041.85,1041.85,1041.85,1041.85,0,3180,8.615147,82900,83727.04
2025-07-09 13:44:00,ATM-8,PUT,124.15,124.4,123.55,123.75,580,73480,10.534882,82900,83727.04
2025-07-09 13:44:00,ATM-7,CALL,947.75,950.4,947.7,950.4,80,41800,8.547498,83000,83727.04
2025-07-09 13:44:00,ATM-7,PUT,143.45,143.45,142.15,142.45,1120,245180,10.45953,83000,83727.04
2025-07-09 13:44:00,ATM-6,CALL,872.6,872.6,872.6,872.6,280,7580,8.651222,83100,83727.04
2025-07-09 13:44:00,ATM-6,PUT,164.05,164.35,163.25,163.4,480,75360,10.38165,83100,83727.04
2025-07-09 13:44:00,ATM-5,CALL,793.5,793.5,793.5,793.5,20,13180,8.605843,83200,83727.04
2025-07-09 13:44:00,ATM-5,PUT,188.5,189.75,187.6,187.85,780,101900,10.331016,83200,83727.04
2025-07-09 13:44:00,ATM-4,CALL,719.3,723.4,719.3,723.4,600,40900,8.725423,83300,83727.04
2025-07-09 13:44:00,ATM-4,PUT,217.3,217.3,215.85,216.65,880,261540,10.320994,83300,83727.04
2025-07-09 13:44:00,ATM-3,CALL,651.35,654.6,651.35,654.6,120,49880,8.770773,83400,83727.04
2025-07-09 13:44:00,ATM-3,PUT,247.5,248,246.2,246.35,1240,129140,10.254302,83400,83727.04
2025-07-09 13:44:00,ATM-2,CALL,583.25,589.4,583.2,589.2,11160,306840,8.802863,83500,83727.04
2025-07-09 13:44:00,ATM-2,PUT,282.5,283.4,280.6,280.9,10000,502280,10.230367,83500,83727.04
2025-07-09 13:44:00,ATM-1,CALL,521.2,526.55,521.2,525.3,1240,256400,8.774254,83600,83727.04
2025-07-09 13:44:00,ATM-1,PUT,320,320.85,318,318.95,3980,405020,10.209622,83600,83727.04
2025-07-09 13:44:00,ATM,CALL,465.8,471.15,465.55,470,4740,323140,8.854683,83700,83727.04
2025-07-09 13:44:00,ATM,PUT,363.3,363.95,361,362.55,7740,310860,10.237572,83700,83727.04
2025-07-09 13:44:00,ATM+1,CALL,412.55,417,412.55,417,6080,296460,8.890137,83800,83727.04
2025-07-09 13:44:00,ATM+1,PUT,410.4,410.7,407.75,408.8,5660,201660,10.243483,83800,83727.04
2025-07-09 13:44:00,ATM+2,CALL,364.15,366.55,362.45,365.1,1280,146300,8.854634,83900,83727.04
2025-07-09 13:44:00,ATM+2,PUT,460.35,461.35,457.3,457.3,2340,81680,10.218233,83900,83727.04
2025-07-09 13:44:00,ATM+3,CALL,317.1,320.8,317.1,319.8,2280,341800,8.876311,84000,83727.04
2025-07-09 13:44:00,ATM+3,PUT,515.05,515.6,511.6,513.75,1080,130620,10.294568,84000,83727.04
2025-07-09 13:44:00,ATM+4,CALL,275.75,279.7,275.75,278.05,1340,96680,8.885605,84100,83727.04
2025-07-09 13:44:00,ATM+4,PUT,574.8,574.8,570.1,570.1,500,18120,10.28624,84100,83727.04
2025-07-09 13:44:00,ATM+5,CALL,238.55,241.9,238.55,240.95,600,124680,8.911277,84200,83727.04
2025-07-09 13:44:00,ATM+5,PUT,637.2,637.2,632.65,632.65,200,14300,10.343367,84200,83727.04
2025-07-09 13:44:00,ATM+6,CALL,205.4,208.3,205.4,207.2,2720,83080,8.925599,84300,83727.04
2025-07-09 13:44:00,ATM+6,PUT,701.1,701.1,701.1,701.1,80,6700,10.4662,84300,83727.04
2025-07-09 13:44:00,ATM+7,CALL,175.7,178.3,175.7,177.9,1340,100920,8.961463,84400,83727.04
2025-07-09 13:44:00,ATM+7,PUT,766.25,766.25,766.25,766.25,0,5700,10.526805,84400,83727.04
2025-07-09 13:44:00,ATM+8,CALL,149.35,151.8,149.35,151.8,1180,218080,8.992972,84500,83727.04
2025-07-09 13:44:00,ATM+8,PUT,845,845,845,845,0,38420,10.737071,84500,83727.04
2025-07-09 13:44:00,ATM+9,CALL,126.3,128.6,126.3,127.85,940,79240,8.994327,84600,83727.04
2025-07-09 13:44:00,ATM+9,PUT,916.35,916.35,916.35,916.35,20,2280,10.641577,84600,83727.04
2025-07-09 13:44:00,ATM+10,CALL,106.55,108.5,106.55,107.75,1900,96480,9.022535,84700,83727.04
2025-07-09 13:44:00,ATM+10,PUT,1006.55,1006.55,1006.55,1006.55,0,2260,10.841596,84700,83727.04
2025-07-09 13:45:00,ATM-10,CALL,1208,1208,1208,1208,0,2420,8.145516,82700,83737.22
2025-07-09 13:45:00,ATM-10,PUT,93.2,93.5,91.8,91.8,1140,89360,10.716272,82700,83737.22
2025-07-09 13:45:00,ATM-9,CALL,1123.95,1123.95,1123.95,1123.95,0,2920,8.422076,82800,83737.22
2025-07-09 13:45:00,ATM-9,PUT,107.35,107.35,105.7,105.7,600,100660,10.620206,82800,83737.22
2025-07-09 13:45:00,ATM-8,CALL,1041.85,1041.85,1041.85,1041.85,0,3180,8.615147,82900,83737.22
2025-07-09 13:45:00,ATM-8,PUT,123.45,123.8,121.95,121.95,420,73500,10.541209,82900,83737.22
2025-07-09 13:45:00,ATM-7,CALL,956,956,956,956,2280,41580,8.443323,83000,83737.22
2025-07-09 13:45:00,ATM-7,PUT,142.6,142.95,140.7,141.15,1720,243380,10.488847,83000,83737.22
2025-07-09 13:45:00,ATM-6,CALL,872.6,872.6,872.6,872.6,0,7580,8.651222,83100,83737.22
2025-07-09 13:45:00,ATM-6,PUT,163.85,164.2,161.95,161.95,2580,75800,10.412477,83100,83737.22
2025-07-09 13:45:00,ATM-5,CALL,800,800,800,800,200,13180,8.566808,83200,83737.22
2025-07-09 13:45:00,ATM-5,PUT,188.25,188.25,186,186,800,100000,10.356933,83200,83737.22
2025-07-09 13:45:00,ATM-4,CALL,722.6,727.95,722.6,727.95,160,40780,8.645104,83300,83737.22
2025-07-09 13:45:00,ATM-4,PUT,216.8,216.8,213.8,214,880,261560,10.332604,83300,83737.22
2025-07-09 13:45:00,ATM-3,CALL,654.35,658,654.3,658,80,49760,8.674897,83400,83737.22
2025-07-09 13:45:00,ATM-3,PUT,246.55,247.35,244.2,244.2,2200,128120,10.286292,83400,83737.22
2025-07-09 13:45:00,ATM-2,CALL,588.5,595,587.1,593.25,2620,306380,8.737925,83500,83737.22
2025-07-09 13:45:00,ATM-2,PUT,281.2,282.25,278.05,278.2,3980,501640,10.256039,83500,83737.22
2025-07-09 13:45:00,ATM-1,CALL,525.3,532,525,531.95,4760,256520,8.78445,83600,83737.22
2025-07-09 13:45:00,ATM-1,PUT,319.4,320.05,315.6,316,4880,406300,10.237013,83600,83737.22
2025-07-09 13:45:00,ATM,CALL,468.3,475,468.2,473.45,7640,322860,8.79899,83700,83737.22
2025-07-09 13:45:00,ATM,PUT,361.9,362.5,356.5,356.5,12360,311300,10.20002,83700,83737.22
2025-07-09 13:45:00,ATM+1,CALL,415.95,421.95,415.15,420.1,7660,297600,8.836913,83800,83737.22
2025-07-09 13:45:00,ATM+1,PUT,408.6,409.05,403.9,404.8,7720,207380,10.262536,83800,83737.22
2025-07-09 13:45:00,ATM+2,CALL,364.9,370.8,364.65,370.1,2220,145400,8.855489,83900,83737.22
2025-07-09 13:45:00,ATM+2,PUT,459.8,459.8,453.35,453.35,1560,80480,10.246889,83900,83737.22
2025-07-09 13:45:00,ATM+3,CALL,320.2,324.9,319,324.65,4060,340620,8.883486,84000,83737.22
2025-07-09 13:45:00,ATM+3,PUT,512.4,513.3,507.6,509.35,1100,131340,10.321321,84000,83737.22
2025-07-09 13:45:00,ATM+4,CALL,278.4,282.8,277.8,281.7,1620,96580,8.874173,84100,83737.22
2025-07-09 13:45:00,ATM+4,PUT,568.2,568.2,568.2,568.2,60,18360,10.380948,84100,83737.22
2025-07-09 13:45:00,ATM+5,CALL,241.1,245.15,240.5,243.95,2540,126260,8.893372,84200,83737.22
2025-07-09 13:45:00,ATM+5,PUT,632.3,632.3,628.6,628.6,60,14260,10.396513,84200,83737.22
2025-07-09 13:45:00,ATM+6,CALL,207.85,211,206.7,210.6,2080,83380,8.926982,84300,83737.22
2025-07-09 13:45:00,ATM+6,PUT,699.55,699.55,699.55,699.55,100,6680,10.590804,84300,83737.22
2025-07-09 13:45:00,ATM+7,CALL,177.45,180.05,176.35,179.65,1440,100840,8.928454,84400,83737.22
2025-07-09 13:45:00,ATM+7,PUT,766.25,766.25,766.25,766.25,0,5700,10.526805,84400,83737.22
2025-07-09 13:45:00,ATM+8,CALL,150.95,153.55,150.25,153.55,5400,222340,8.967638,84500,83737.22
2025-07-09 13:45:00,ATM+8,PUT,840,840,836,836,220,38480,10.620675,84500,83737.22
2025-07-09 13:45:00,ATM+9,CALL,127.45,130,126.95,129.25,820,79400,8.966384,84600,83737.22
2025-07-09 13:45:00,ATM+9,PUT,921.4,921.4,921.4,921.4,100,2280,10.991391,84600,83737.22
2025-07-09 13:45:00,ATM+10,CALL,107.65,109.35,107.15,109.1,1080,96480,9.000328,84700,83737.22
2025-07-09 13:45:00,ATM+10,PUT,1006.55,1006.55,1006.55,1006.55,0,2260,10.841596,84700,83737.22
2025-07-09 13:46:00,ATM-10,CALL,1207.85,1207.85,1207.85,1207.85,20,2200,8.310842,82700,83730.72
2025-07-09 13:46:00,ATM-10,PUT,92.05,92.05,91.5,91.5,540,89360,10.666094,82700,83730.72
2025-07-09 13:46:00,ATM-9,CALL,1123.95,1123.95,1123.95,1123.95,0,2920,8.422076,82800,83730.72
2025-07-09 13:46:00,ATM-9,PUT,106.3,106.3,105.35,105.4,760,100660,10.569251,82800,83730.72
2025-07-09 13:46:00,ATM-8,CALL,1041.85,1041.85,1041.85,1041.85,0,3180,8.615147,82900,83730.72
2025-07-09 13:46:00,ATM-8,PUT,122.2,123.2,121.65,121.65,320,73500,10.489182,82900,83730.72
2025-07-09 13:46:00,ATM-7,CALL,956,956,956,956,1000,41580,8.642032,83000,83730.72
2025-07-09 13:46:00,ATM-7,PUT,141.8,141.8,140.65,140.65,2980,243380,10.429123,83000,83730.72
2025-07-09 13:46:00,ATM-6,CALL,872.6,872.6,872.6,872.6,0,7580,8.651222,83100,83730.72
2025-07-09 13:46:00,ATM-6,PUT,162.35,162.5,161.85,161.85,140,75800,10.363306,83100,83730.72
2025-07-09 13:46:00,ATM-5,CALL,800.2,800.2,800.2,800.2,40,13180,8.724554,83200,83730.72
2025-07-09 13:46:00,ATM-5,PUT,186.7,187.35,186,186,340,100000,10.308219,83200,83730.72
2025-07-09 13:46:00,ATM-4,CALL,727.65,731.9,727.65,731.9,800,40780,8.88931,83300,83730.72
2025-07-09 13:46:00,ATM-4,PUT,214.2,215.45,213.5,213.65,380,261560,10.271773,83300,83730.72
2025-07-09 13:46:00,ATM-3,CALL,658,661.35,651.2,661.35,1040,49760,8.882902,83400,83730.72
2025-07-09 13:46:00,ATM-3,PUT,244.7,244.95,244.1,244.4,460,128120,10.236799,83400,83730.72
2025-07-09 13:46:00,ATM-2,CALL,592.6,594,592.15,593.95,1280,306380,8.863259,83500,83730.72
2025-07-09 13:46:00,ATM-2,PUT,279.45,279.5,277.65,277.65,4360,501640,10.184487,83500,83730.72
2025-07-09 13:46:00,ATM-1,CALL,530.65,532,529.7,532,2220,256520,8.883218,83600,83730.72
2025-07-09 13:46:00,ATM-1,PUT,316.35,316.7,315.25,315.25,2780,406300,10.157216,83600,83730.72
2025-07-09 13:46:00,ATM,CALL,472.55,474.7,472.55,473.45,6080,322860,8.887865,83700,83730.72
2025-07-09 13:46:00,ATM,PUT,357.95,359.4,357.5,357.7,11460,311300,10.162184,83700,83730.72
2025-07-09 13:46:00,ATM+1,CALL,420.45,421.45,419.4,421,4360,297600,8.93921,83800,83730.72
2025-07-09 13:46:00,ATM+1,PUT,404.05,405.2,402.9,403.35,4640,207380,10.157976,83800,83730.72
2025-07-09 13:46:00,ATM+2,CALL,369,370.75,368.6,370,580,145400,8.927984,83900,83730.72
2025-07-09 13:46:00,ATM+2,PUT,454.9,455.5,453.15,453.75,880,80480,10.180076,83900,83730.72
2025-07-09 13:46:00,ATM+3,CALL,323.35,324,322.8,324,2340,340620,8.937389,84000,83730.72
2025-07-09 13:46:00,ATM+3,PUT,509.4,509.4,507,507.55,1240,131340,10.197335,84000,83730.72
2025-07-09 13:46:00,ATM+4,CALL,281.4,282,280.9,281.1,520,96580,8.923932,84100,83730.72
2025-07-09 13:46:00,ATM+4,PUT,565,565,565,565,20,18360,10.216725,84100,83730.72
2025-07-09 13:46:00,ATM+5,CALL,243.9,244.85,243.15,244.15,1200,126260,8.957908,84200,83730.72
2025-07-09 13:46:00,ATM+5,PUT,626.85,627.75,626.85,626.95,80,14260,10.260797,84200,83730.72
2025-07-09 13:46:00,ATM+6,CALL,209.75,210.35,209.5,209.55,780,83380,8.9559,84300,83730.72
2025-07-09 13:46:00,ATM+6,PUT,699.55,699.55,699.55,699.55,0,6680,10.590804,84300,83730.72
2025-07-09 13:46:00,ATM+7,CALL,179,179.9,178.65,179.75,1780,100840,8.983317,84400,83730.72
2025-07-09 13:46:00,ATM+7,PUT,766.25,766.25,766.25,766.25,0,5700,10.526805,84400,83730.72
2025-07-09 13:46:00,ATM+8,CALL,152.6,153.6,152.05,152.55,1080,222340,8.988269,84500,83730.72
2025-07-09 13:46:00,ATM+8,PUT,836,836,836,836,140,38480,10.497894,84500,83730.72
2025-07-09 13:46:00,ATM+9,CALL,128.8,129.4,128.5,128.5,1840,79400,8.989715,84600,83730.72
2025-07-09 13:46:00,ATM+9,PUT,913.55,913.55,913.55,913.55,20,2280,10.639368,84600,83730.72
2025-07-09 13:46:00,ATM+10,CALL,108.8,109.2,108.2,108.2,880,96480,9.014339,84700,83730.72
2025-07-09 13:46:00,ATM+10,PUT,1006.55,1006.55,1006.55,1006.55,0,2260,10.841596,84700,83730.72
2025-07-09 13:47:00,ATM-10,CALL,1207.85,1207.85,1207.85,1207.85,0,2200,8.310842,82700,83731.15
2025-07-09 13:47:00,ATM-10,PUT,91.85,93,91.65,91.75,740,89360,10.679022,82700,83731.15
2025-07-09 13:47:00,ATM-9,CALL,1123.95,1123.95,1123.95,1123.95,0,2920,8.422076,82800,83731.15
2025-07-09 13:47:00,ATM-9,PUT,105.5,106.25,105.05,105.05,5720,100660,10.559687,82800,83731.15
2025-07-09 13:47:00,ATM-8,CALL,1041.85,1041.85,1041.85,1041.85,0,3180,8.615147,82900,83731.15
2025-07-09 13:47:00,ATM-8,PUT,121.6,123.5,121.45,121.45,560,73500,10.485721,82900,83731.15
2025-07-09 13:47:00,ATM-7,CALL,955.8,956.4,951.2,956.4,700,41580,8.644605,83000,83731.15
2025-07-09 13:47:00,ATM-7,PUT,140.8,142.3,140.1,140.15,2360,243380,10.416786,83000,83731.15
2025-07-09 13:47:00,ATM-6,CALL,876.5,876.5,874.9,874.9,60,7300,8.621891,83100,83731.15
2025-07-09 13:47:00,ATM-6,PUT,162.65,162.65,160.75,160.75,460,75800,10.334298,83100,83731.15
2025-07-09 13:47:00,ATM-5,CALL,799.8,799.8,798.35,798.95,500,13180,8.677905,83200,83731.15
2025-07-09 13:47:00,ATM-5,PUT,186.05,186.75,185.65,185.65,900,100000,10.302156,83200,83731.15
2025-07-09 13:47:00,ATM-4,CALL,726.2,727.5,725.1,727.5,1300,40780,8.758757,83300,83731.15
2025-07-09 13:47:00,ATM-4,PUT,213.45,215.1,212.6,212.6,1900,261560,10.247739,83300,83731.15
2025-07-09 13:47:00,ATM-3,CALL,657.25,658.75,653.85,657.6,520,49760,8.777273,83400,83731.15
2025-07-09 13:47:00,ATM-3,PUT,243.85,245.25,243,243.25,1540,128120,10.211575,83400,83731.15
2025-07-09 13:47:00,ATM-2,CALL,593,594,588.3,594,13920,306380,8.858239,83500,83731.15
2025-07-09 13:47:00,ATM-2,PUT,278.6,279.85,276.65,276.85,6640,501640,10.169096,83500,83731.15
2025-07-09 13:47:00,ATM-1,CALL,531.05,532,527,532,3140,256520,8.877581,83600,83731.15
2025-07-09 13:47:00,ATM-1,PUT,315.9,318,314.1,314.1,7400,406300,10.134202,83600,83731.15
2025-07-09 13:47:00,ATM,CALL,473.5,474.8,469,473.1,6780,322860,8.874512,83700,83731.15
2025-07-09 13:47:00,ATM,PUT,357.9,361.15,356.6,356.6,7360,311300,10.141137,83700,83731.15
2025-07-09 13:47:00,ATM+1,CALL,421,421.7,416.6,420.25,24120,297600,8.917134,83800,83731.15
2025-07-09 13:47:00,ATM+1,PUT,402.9,406.8,402.9,403,11460,207380,10.154957,83800,83731.15
2025-07-09 13:47:00,ATM+2,CALL,369.9,370,366.1,369.15,4420,145400,8.904045,83900,83731.15
2025-07-09 13:47:00,ATM+2,PUT,453.6,456.95,452.5,452.5,1160,80480,10.156521,83900,83731.15
2025-07-09 13:47:00,ATM+3,CALL,323,324.15,320.25,324.15,7560,340620,8.937058,84000,83731.15
2025-07-09 13:47:00,ATM+3,PUT,508.15,510.3,507.6,509.4,820,131340,10.246381,84000,83731.15
2025-07-09 13:47:00,ATM+4,CALL,281.1,282.05,278.75,282.05,2240,96580,8.943059,84100,83731.15
2025-07-09 13:47:00,ATM+4,PUT,566.1,567.9,565.4,565.4,280,18360,10.232464,84100,83731.15
2025-07-09 13:47:00,ATM+5,CALL,243.2,243.5,241.25,243.5,3540,126260,8.938714,84200,83731.15
2025-07-09 13:47:00,ATM+5,PUT,628.85,628.85,628.85,628.85,100,14260,10.313514,84200,83731.15
2025-07-09 13:47:00,ATM+6,CALL,207.85,209.9,207.45,209.65,3320,83380,8.955462,84300,83731.15
2025-07-09 13:47:00,ATM+6,PUT,693.7,694.8,693.7,694.8,40,6680,10.376465,84300,83731.15
2025-07-09 13:47:00,ATM+7,CALL,178.9,179.7,177.1,179.7,2960,100840,8.979208,84400,83731.15
2025-07-09 13:47:00,ATM+7,PUT,762.45,765.85,762.45,762.95,80,6040,10.416,84400,83731.15
2025-07-09 13:47:00,ATM+8,CALL,152.25,152.6,150.85,152.4,4220,222340,8.98143,84500,83731.15
2025-07-09 13:47:00,ATM+8,PUT,837.4,837.4,837.4,837.4,240,38480,10.544057,84500,83731.15
2025-07-09 13:47:00,ATM+9,CALL,128.5,129.55,127.35,129.55,1320,79400,9.019375,84600,83731.15
2025-07-09 13:47:00,ATM+9,PUT,912.05,914.7,912.05,914.7,60,2280,10.680944,84600,83731.15
2025-07-09 13:47:00,ATM+10,CALL,108.35,109.15,107.35,109.15,1560,96480,9.043476,84700,83731.15
2025-07-09 13:47:00,ATM+10,PUT,1006.55,1006.55,1006.55,1006.55,0,2260,10.841596,84700,83731.15
2025-07-09 13:48:00,ATM-10,CALL,1207.85,1207.85,1207.85,1207.85,0,2200,8.310842,82700,83724.91
2025-07-09 13:48:00,ATM-10,PUT,91.8,92.65,91.2,92.65,600,87340,10.677451,82700,83724.91
2025-07-09 13:48:00,ATM-9,CALL,1116.6,1116.6,1116.6,1116.6,20,2860,8.460742,82800,83724.91
2025-07-09 13:48:00,ATM-9,PUT,105.6,106.85,105.25,106.85,580,97540,10.586577,82800,83724.91
2025-07-09 13:48:00,ATM-8,CALL,1038.4,1038.4,1038.4,1038.4,20,3180,8.792924,82900,83724.91
2025-07-09 13:48:00,ATM-8,PUT,122,122.8,121.15,122.8,240,73720,10.49099,82900,83724.91
2025-07-09 13:48:00,ATM-7,CALL,953.25,953.35,952.5,952.5,60,42800,8.690505,83000,83724.91
2025-07-09 13:48:00,ATM-7,PUT,140.55,142,139.7,142,2400,246480,10.43274,83000,83724.91
2025-07-09 13:48:00,ATM-6,CALL,874.9,874.9,874.9,874.9,0,7300,8.621891,83100,83724.91
2025-07-09 13:48:00,ATM-6,PUT,162.1,163.6,161.65,163.6,560,77500,10.374097,83100,83724.91
2025-07-09 13:48:00,ATM-5,CALL,798,798,798,798,20,13400,8.792919,83200,83724.91
2025-07-09 13:48:00,ATM-5,PUT,186.2,187.95,185.95,187.95,820,100000,10.31949,83200,83724.91
2025-07-09 13:48:00,ATM-4,CALL,727.5,727.5,727.5,727.5,0,40780,8.758757,83300,83724.91
2025-07-09 13:48:00,ATM-4,PUT,213.2,216,213.1,216,1140,263440,10.288489,83300,83724.91
2025-07-09 13:48:00,ATM-3,CALL,659.75,659.75,653.7,653.7,40,49240,8.78891,83400,83724.91
2025-07-09 13:48:00,ATM-3,PUT,244.4,246.8,243.6,246.8,780,128120,10.249423,83400,83724.91
2025-07-09 13:48:00,ATM-2,CALL,592.8,592.8,587,587,2640,306380,8.785579,83500,83724.91
2025-07-09 13:48:00,ATM-2,PUT,278.2,280,277,279.6,2060,508140,10.180925,83500,83724.91
2025-07-09 13:48:00,ATM-1,CALL,530.85,531.2,525.7,525.7,1200,255260,8.81839,83600,83724.91
2025-07-09 13:48:00,ATM-1,PUT,314.75,318.6,314.75,318.6,4560,406300,10.182453,83600,83724.91
2025-07-09 13:48:00,ATM,CALL,472.8,474.35,469,469,4160,321860,8.862649,83700,83724.91
2025-07-09 13:48:00,ATM,PUT,357,360.6,356.4,360.55,4840,313400,10.170337,83700,83724.91
2025-07-09 13:48:00,ATM+1,CALL,421.2,421.3,415.4,415.4,6900,313800,8.881953,83800,83724.91
2025-07-09 13:48:00,ATM+1,PUT,404.4,407,402.55,407,3280,209700,10.179764,83800,83724.91
2025-07-09 13:48:00,ATM+2,CALL,368.9,369.5,364.65,365,1500,144940,8.879188,83900,83724.91
2025-07-09 13:48:00,ATM+2,PUT,453.35,457.85,453,457.85,1280,83520,10.207361,83900,83724.91
2025-07-09 13:48:00,ATM+3,CALL,322.9,323.4,319,319,3360,341060,8.882544,84000,83724.91
2025-07-09 13:48:00,ATM+3,PUT,507.65,510,507.65,510,140,130680,10.18131,84000,83724.91
2025-07-09 13:48:00,ATM+4,CALL,281.7,281.7,277.25,277.25,2640,96000,8.889795,84100,83724.91
2025-07-09 13:48:00,ATM+4,PUT,567.9,567.9,567.9,567.9,40,18340,10.206208,84100,83724.91
2025-07-09 13:48:00,ATM+5,CALL,243.25,244.15,240,240,3220,123940,8.909727,84200,83724.91
2025-07-09 13:48:00,ATM+5,PUT,628.85,628.85,628.85,628.85,0,14260,10.313514,84200,83724.91
2025-07-09 13:48:00,ATM+6,CALL,209.95,209.95,206.45,206.45,1380,83260,8.926902,84300,83724.91
2025-07-09 13:48:00,ATM+6,PUT,694.8,694.8,694.8,694.8,0,6680,10.376465,84300,83724.91
2025-07-09 13:48:00,ATM+7,CALL,179.5,179.5,176.25,176.25,1660,100640,8.936385,84400,83724.91
2025-07-09 13:48:00,ATM+7,PUT,762.95,762.95,762.95,762.95,0,6040,10.416,84400,83724.91
2025-07-09 13:48:00,ATM+8,CALL,152.1,152.6,150.05,150.05,3280,222740,8.961265,84500,83724.91
2025-07-09 13:48:00,ATM+8,PUT,837.4,837.4,837.4,837.4,0,38480,10.544057,84500,83724.91
2025-07-09 13:48:00,ATM+9,CALL,128.2,129.05,126.75,126.75,1080,79800,8.977956,84600,83724.91
2025-07-09 13:48:00,ATM+9,PUT,914.7,914.7,914.7,914.7,0,2280,10.680944,84600,83724.91
2025-07-09 13:48:00,ATM+10,CALL,108.5,108.5,106.5,106.5,520,96680,8.997559,84700,83724.91
2025-07-09 13:48:00,ATM+10,PUT,1006.55,1006.55,1006.55,1006.55,0,2260,10.841596,84700,83724.91
2025-07-09 13:49:00,ATM-10,CALL,1207.85,1207.85,1207.85,1207.85,0,2200,8.310842,82700,83712.46
2025-07-09 13:49:00,ATM-10,PUT,92.95,93.5,92.85,93.5,980,87340,10.636246,82700,83712.46
2025-07-09 13:49:00,ATM-9,CALL,1116.6,1116.6,1116.6,1116.6,0,2860,8.460742,82800,83712.46
2025-07-09 13:49:00,ATM-9,PUT,107.05,107.8,107.05,107.75,2580,97540,10.54144,82800,83712.46
2025-07-09 13:49:00,ATM-8,CALL,1027.5,1027.5,1027.5,1027.5,20,3180,8.779635,82900,83712.46
2025-07-09 13:49:00,ATM-8,PUT,123.3,124.05,123.2,123.6,600,73720,10.436705,82900,83712.46
2025-07-09 13:49:00,ATM-7,CALL,948,949.35,945,949.35,260,42800,8.938962,83000,83712.46
2025-07-09 13:49:00,ATM-7,PUT,142.25,143.3,142,142.45,3500,246480,10.361713,83000,83712.46
2025-07-09 13:49:00,ATM-6,CALL,869.05,869.05,869.05,869.05,40,7300,8.912533,83100,83712.46
2025-07-09 13:49:00,ATM-6,PUT,163.4,164.4,163.4,164.05,720,77500,10.29781,83100,83712.46
2025-07-09 13:49:00,ATM-5,CALL,793.15,793.95,791.25,793.9,180,13400,8.950819,83200,83712.46
2025-07-09 13:49:00,ATM-5,PUT,188.7,189.8,188.5,189.05,1360,100000,10.255657,83200,83712.46
2025-07-09 13:49:00,ATM-4,CALL,721,722,719.15,721.45,600,40780,8.967224,83300,83712.46
2025-07-09 13:49:00,ATM-4,PUT,216.25,217.6,216.05,217.05,1020,263440,10.21642,83300,83712.46
2025-07-09 13:49:00,ATM-3,CALL,652.9,653.8,649.65,650.1,1280,49240,8.918848,83400,83712.46
2025-07-09 13:49:00,ATM-3,PUT,247.15,248.3,246.3,247.95,1280,128120,10.17277,83400,83712.46
2025-07-09 13:49:00,ATM-2,CALL,586.5,587.7,584.45,587.15,2260,306380,8.991239,83500,83712.46
2025-07-09 13:49:00,ATM-2,PUT,281,282.95,280.25,282,5520,508140,10.127371,83500,83712.46
2025-07-09 13:49:00,ATM-1,CALL,524.8,526.95,523,523,1500,255260,8.936635,83600,83712.46
2025-07-09 13:49:00,ATM-1,PUT,319,321,318.5,320.35,4100,406300,10.104364,83600,83712.46
2025-07-09 13:49:00,ATM,CALL,467.85,470.1,465.35,465.35,9800,321860,8.943822,83700,83712.46
2025-07-09 13:49:00,ATM,PUT,360.95,363,360.8,362.3,8420,313400,10.083205,83700,83712.46
2025-07-09 13:49:00,ATM+1,CALL,415.1,416.1,412.8,414.05,8020,313800,9.003686,83800,83712.46
2025-07-09 13:49:00,ATM+1,PUT,406.65,409.95,406.65,409.2,7900,209700,10.09342,83800,83712.46
2025-07-09 13:49:00,ATM+2,CALL,365.4,365.4,362.15,363,1840,144940,8.973689,83900,83712.46
2025-07-09 13:49:00,ATM+2,PUT,458,460,456.85,460,2100,83520,10.109443,83900,83712.46
2025-07-09 13:49:00,ATM+3,CALL,318.2,320,317.05,317.75,2780,341060,8.983505,84000,83712.46
2025-07-09 13:49:00,ATM+3,PUT,512.85,514.8,511,513.35,1100,130680,10.100196,84000,83712.46
2025-07-09 13:49:00,ATM+4,CALL,277.1,277.8,275.35,275.35,1520,96000,8.965156,84100,83712.46
2025-07-09 13:49:00,ATM+4,PUT,571.3,571.3,571.3,571.3,40,18340,10.114489,84100,83712.46
2025-07-09 13:49:00,ATM+5,CALL,240,240.25,238.35,238.35,2440,123940,8.981532,84200,83712.46
2025-07-09 13:49:00,ATM+5,PUT,633.15,633.15,633.15,633.15,40,14060,10.138354,84200,83712.46
2025-07-09 13:49:00,ATM+6,CALL,206.4,206.45,204.35,204.35,2500,83260,8.978026,84300,83712.46
2025-07-09 13:49:00,ATM+6,PUT,699.95,699.95,699.95,699.95,20,6660,10.201786,84300,83712.46
2025-07-09 13:49:00,ATM+7,CALL,176.35,176.4,174.65,174.65,1840,100640,8.991585,84400,83712.46
2025-07-09 13:49:00,ATM+7,PUT,770,770.85,770,770.85,60,6020,10.29083,84400,83712.46
2025-07-09 13:49:00,ATM+8,CALL,150.05,150.5,148.7,148.7,3600,222740,9.015071,84500,83712.46
2025-07-09 13:49:00,ATM+8,PUT,842.6,843.2,842.6,843.2,60,38180,10.341544,84500,83712.46
2025-07-09 13:49:00,ATM+9,CALL,126.45,126.8,125.3,125.3,2540,79800,9.020496,84600,83712.46
2025-07-09 13:49:00,ATM+9,PUT,914.7,914.7,914.7,914.7,0,2280,10.680944,84600,83712.46
2025-07-09 13:49:00,ATM+10,CALL,107,107.1,105.6,105.6,4040,96680,9.049998,84700,83712.46
2025-07-09 13:49:00,ATM+10,PUT,1006.55,1006.55,1006.55,1006.55,0,2260,10.841596,84700,83712.46
2025-07-09 13:50:00,ATM-10,CALL,1207.85,1207.85,1207.85,1207.85,0,2200,8.310842,82700,83694.57
2025-07-09 13:50:00,ATM-10,PUT,93.8,96.6,93.8,96.6,3320,87340,10.647994,82700,83694.57
2025-07-09 13:50:00,ATM-9,CALL,1116.6,1116.6,1116.6,1116.6,0,2860,8.460742,82800,83694.57
2025-07-09 13:50:00,ATM-9,PUT,107.95,111.65,107.95,111.65,4880,97540,10.568016,82800,83694.57
2025-07-09 13:50:00,ATM-8,CALL,1016.9,1016.9,1016.9,1016.9,40,3180,8.949423,82900,83694.57
2025-07-09 13:50:00,ATM-8,PUT,124.5,128.1,124.5,128.1,2260,73720,10.468494,82900,83694.57
2025-07-09 13:50:00,ATM-7,CALL,945.25,945.7,934.85,934.85,36880,42800,8.940305,83000,83694.57
2025-07-09 13:50:00,ATM-7,PUT,143.35,147.7,143.35,147.7,9540,246480,10.40119,83000,83694.57
2025-07-09 13:50:00,ATM-6,CALL,867.95,867.95,859.15,859.15,200,7300,9.040911,83100,83694.57
2025-07-09 13:50:00,ATM-6,PUT,165.35,169.1,164.65,169.1,1700,77500,10.315424,83100,83694.57
2025-07-09 13:50:00,ATM-5,CALL,790.05,790.25,782,782,740,13400,8.995222,83200,83694.57
2025-07-09 13:50:00,ATM-5,PUT,189.15,195.25,189.15,195.25,3800,100000,10.289778,83200,83694.57
2025-07-09 13:50:00,ATM-4,CALL,717.35,718.85,710.8,710.8,880,40780,9.026006,83300,83694.57
2025-07-09 13:50:00,ATM-4,PUT,217.6,223,217.45,223,3300,263440,10.228081,83300,83694.57
2025-07-09 13:50:00,ATM-3,CALL,649,653.95,643.2,643.2,780,49240,9.054913,83400,83694.57
2025-07-09 13:50:00,ATM-3,PUT,248,253.35,247.6,253.35,3740,128120,10.155653,83400,83694.57
2025-07-09 13:50:00,ATM-2,CALL,582.45,587.4,580.4,580.4,11520,306380,9.108072,83500,83694.57
2025-07-09 13:50:00,ATM-2,PUT,282,288,282,288,11360,508140,10.110787,83500,83694.57
2025-07-09 13:50:00,ATM-1,CALL,522.65,525,516.2,516.2,8240,255260,9.032245,83600,83694.57
2025-07-09 13:50:00,ATM-1,PUT,321.05,326,320.2,326,10700,406300,10.06494,83600,83694.57
2025-07-09 13:50:00,ATM,CALL,466.1,468.25,458.3,458.3,16980,321860,9.014633,83700,83694.57
2025-07-09 13:50:00,ATM,PUT,363,368.4,361.7,368.4,22060,313400,10.039912,83700,83694.57
2025-07-09 13:50:00,ATM+1,CALL,412.65,415.75,406.5,406.5,16480,313800,9.045077,83800,83694.57
2025-07-09 13:50:00,ATM+1,PUT,410.15,417,409.3,417,19540,209700,10.074794,83800,83694.57
2025-07-09 13:50:00,ATM+2,CALL,362.3,364.45,358.55,358.55,5920,144940,9.07016,83900,83694.57
2025-07-09 13:50:00,ATM+2,PUT,461,467.5,459.55,467.5,6560,83520,10.068622,83900,83694.57
2025-07-09 13:50:00,ATM+3,CALL,317.05,318.7,311.95,311.95,14940,341060,9.032138,84000,83694.57
2025-07-09 13:50:00,ATM+3,PUT,514.8,521.65,512.45,521.65,5180,130680,10.062498,84000,83694.57
2025-07-09 13:50:00,ATM+4,CALL,275.15,276.8,272.2,272.2,3600,96000,9.061275,84100,83694.57
2025-07-09 13:50:00,ATM+4,PUT,574.85,582.2,574,582.2,420,18340,10.122957,84100,83694.57
2025-07-09 13:50:00,ATM+5,CALL,238,239.55,234.3,234.3,6340,123940,9.041161,84200,83694.57
2025-07-09 13:50:00,ATM+5,PUT,637.2,641.05,636.85,641.05,320,14060,10.05827,84200,83694.57
2025-07-09 13:50:00,ATM+6,CALL,204.3,206,201,201,3380,83260,9.040945,84300,83694.57
2025-07-09 13:50:00,ATM+6,PUT,702.8,705.05,702.8,705.05,120,6660,10.033012,84300,83694.57
2025-07-09 13:50:00,ATM+7,CALL,174.15,175.85,171.2,171.4,4260,100640,9.043259,84400,83694.57
2025-07-09 13:50:00,ATM+7,PUT,772.8,772.8,767.95,767.95,1020,6020,9.888288,84400,83694.57
2025-07-09 13:50:00,ATM+8,CALL,148.35,149.3,145.6,145.6,13800,222740,9.057144,84500,83694.57
2025-07-09 13:50:00,ATM+8,PUT,846.2,846.75,844.35,846.75,200,38180,10.083908,84500,83694.57
2025-07-09 13:50:00,ATM+9,CALL,125.05,125.85,122.4,122.4,5640,79800,9.054461,84600,83694.57
2025-07-09 13:50:00,ATM+9,PUT,914.7,914.7,914.7,914.7,0,2280,10.680944,84600,83694.57
2025-07-09 13:50:00,ATM+10,CALL,105.5,106,103.5,103.5,4980,96680,9.096796,84700,83694.57
2025-07-09 13:50:00,ATM+10,PUT,1006.55,1006.55,1006.55,1006.55,0,2260,10.841596,84700,83694.57
2025-07-09 13:51:00,ATM-10,CALL,1207.85,1207.85,1207.85,1207.85,0,2200,8.310842,82700,83702.51
2025-07-09 13:51:00,ATM-10,PUT,96.95,96.95,94.3,95.3,3660,87380,10.646803,82700,83702.51
2025-07-09 13:51:00,ATM-9,CALL,1108.5,1108.5,1108.5,1108.5,20,2840,8.965959,82800,83702.51
2025-07-09 13:51:00,ATM-9,PUT,110.8,110.8,108.9,110,1620,95700,10.560249,82800,83702.51
2025-07-09 13:51:00,ATM-8,CALL,1023.4,1023.4,1023.4,1023.4,20,3180,8.945055,82900,83702.51
2025-07-09 13:51:00,ATM-8,PUT,128.05,128.05,125.25,126.7,2420,73660,10.475331,82900,83702.51
2025-07-09 13:51:00,ATM-7,CALL,939.55,946.9,938.5,945.9,280,42900,9.098405,83000,83702.51
2025-07-09 13:51:00,ATM-7,PUT,147.6,147.6,144.75,145.4,6880,245080,10.38575,83000,83702.51
2025-07-09 13:51:00,ATM-6,CALL,861.8,861.8,861.8,861.8,20,7440,8.931493,83100,83702.51
2025-07-09 13:51:00,ATM-6,PUT,169.85,169.85,165.25,167.25,2260,77400,10.320077,83100,83702.51
2025-07-09 13:51:00,ATM-5,CALL,787,790.7,787,789,80,13400,9.027152,83200,83702.51
2025-07-09 13:51:00,ATM-5,PUT,195,195,190.65,191.9,3500,101260,10.259208,83200,83702.51
2025-07-09 13:51:00,ATM-4,CALL,712.75,720.4,712.75,718.05,680,41120,9.070277,83300,83702.51
2025-07-09 13:51:00,ATM-4,PUT,222.2,222.55,217.9,219.9,4380,263860,10.211838,83300,83702.51
2025-07-09 13:51:00,ATM-3,CALL,642.1,650,642.1,650,320,49520,9.092813,83400,83702.51
2025-07-09 13:51:00,ATM-3,PUT,253.55,253.55,248.5,251.65,4640,127280,10.181789,83400,83702.51
2025-07-09 13:51:00,ATM-2,CALL,578.55,585.4,576.5,582.75,4640,311240,9.041925,83500,83702.51
2025-07-09 13:51:00,ATM-2,PUT,287.65,288.3,283.15,285.6,31220,508580,10.125512,83500,83702.51
2025-07-09 13:51:00,ATM-1,CALL,517,523.2,515.55,520.7,6480,255420,9.026923,83600,83702.51
2025-07-09 13:51:00,ATM-1,PUT,327.25,327.25,321.65,324.55,18700,405020,10.108558,83600,83702.51
2025-07-09 13:51:00,ATM,CALL,459.55,467,459,464.15,13600,324320,9.048595,83700,83702.51
2025-07-09 13:51:00,ATM,PUT,369.9,370.25,363.4,365.9,25100,312520,10.064891,83700,83702.51
2025-07-09 13:51:00,ATM+1,CALL,407.05,414.35,406.9,411.6,10440,317580,9.068781,83800,83702.51
2025-07-09 13:51:00,ATM+1,PUT,416.1,416.45,409.75,413.6,14000,210360,10.085405,83800,83702.51
2025-07-09 13:51:00,ATM+2,CALL,357.8,362.9,356.35,361,4600,145420,9.039738,83900,83702.51
2025-07-09 13:51:00,ATM+2,PUT,467.95,467.95,460,463,2900,83280,10.060407,83900,83702.51
2025-07-09 13:51:00,ATM+3,CALL,311.45,317.5,311.45,314.85,10500,340300,9.019533,84000,83702.51
2025-07-09 13:51:00,ATM+3,PUT,522.6,522.6,514,519,5020,130700,10.10436,84000,83702.51
2025-07-09 13:51:00,ATM+4,CALL,270.7,275.45,270.7,273.85,1840,96620,9.025895,84100,83702.51
2025-07-09 13:51:00,ATM+4,PUT,579,579,579,579,20,18340,10.159077,84100,83702.51
2025-07-09 13:51:00,ATM+5,CALL,234.65,238.8,233.65,238.75,3760,126540,9.081644,84200,83702.51
2025-07-09 13:51:00,ATM+5,PUT,642.1,642.1,637.8,637.8,420,14060,10.101011,84200,83702.51
2025-07-09 13:51:00,ATM+6,CALL,200.7,205.1,200.7,203.7,1880,83820,9.045561,84300,83702.51
2025-07-09 13:51:00,ATM+6,PUT,705.05,705.05,705.05,705.05,0,6660,10.033012,84300,83702.51
2025-07-09 13:51:00,ATM+7,CALL,171.4,174.75,171.25,174.15,1360,99800,9.057095,84400,83702.51
2025-07-09 13:51:00,ATM+7,PUT,776.05,779.15,776.05,777.6,180,6020,10.289037,84400,83702.51
2025-07-09 13:51:00,ATM+8,CALL,145.35,148.4,145.15,147.45,5060,222200,9.053376,84500,83702.51
2025-07-09 13:51:00,ATM+8,PUT,848.85,851.15,844.25,851.15,160,38180,10.364381,84500,83702.51
2025-07-09 13:51:00,ATM+9,CALL,122.9,125.35,122.7,124.65,1580,79580,9.070526,84600,83702.51
2025-07-09 13:51:00,ATM+9,PUT,914.7,914.7,914.7,914.7,0,2280,10.680944,84600,83702.51
2025-07-09 13:51:00,ATM+10,CALL,103.2,105.3,103.2,104.95,4760,98280,9.094601,84700,83702.51
2025-07-09 13:51:00,ATM+10,PUT,1012.35,1012.35,1012.35,1012.35,20,2260,10.705264,84700,83702.51
2025-07-09 13:52:00,ATM-10,CALL,1207.85,1207.85,1207.85,1207.85,0,2200,8.310842,82700,83713.94
2025-07-09 13:52:00,ATM-10,PUT,95.1,95.2,93.45,93.45,1480,87380,10.644755,82700,83713.94
2025-07-09 13:52:00,ATM-9,CALL,1108.5,1108.5,1108.5,1108.5,0,2840,8.965959,82800,83713.94
2025-07-09 13:52:00,ATM-9,PUT,109.5,109.5,107.7,107.7,1180,95700,10.550451,82800,83713.94
2025-07-09 13:52:00,ATM-8,CALL,1028.5,1028.5,1028.5,1028.5,20,3180,8.772947,82900,83713.94
2025-07-09 13:52:00,ATM-8,PUT,125.75,125.95,123.95,123.95,940,73660,10.459616,82900,83713.94
2025-07-09 13:52:00,ATM-7,CALL,945.9,945.9,945.9,945.9,0,42900,9.098405,83000,83713.94
2025-07-09 13:52:00,ATM-7,PUT,145.35,145.35,142.75,143.25,3800,245080,10.398352,83000,83713.94
2025-07-09 13:52:00,ATM-6,CALL,864,864,864,864,60,7440,8.716642,83100,83713.94
2025-07-09 13:52:00,ATM-6,PUT,167.2,167.2,164,164.05,1880,77400,10.309948,83100,83713.94
2025-07-09 13:52:00,ATM-5,CALL,792.8,792.8,792.8,792.8,20,13400,8.888363,83200,83713.94
2025-07-09 13:52:00,ATM-5,PUT,191.55,191.65,189.1,189.1,2160,101260,10.269744,83200,83713.94
2025-07-09 13:52:00,ATM-4,CALL,720.65,720.65,718.4,720.45,320,41120,8.913014,83300,83713.94
2025-07-09 13:52:00,ATM-4,PUT,219.9,219.95,217,217,1720,263860,10.228418,83300,83713.94
2025-07-09 13:52:00,ATM-3,CALL,650.4,653.4,650.4,652,360,49520,8.944346,83400,83713.94
2025-07-09 13:52:00,ATM-3,PUT,250.5,250.65,246.8,247.35,2340,127280,10.171558,83400,83713.94
2025-07-09 13:52:00,ATM-2,CALL,583.4,585.85,582.65,584.85,6380,311240,8.912597,83500,83713.94
2025-07-09 13:52:00,ATM-2,PUT,284.9,284.95,281,282.25,10520,508580,10.148264,83500,83713.94
2025-07-09 13:52:00,ATM-1,CALL,520.6,524.3,520.6,522.8,2900,255420,8.91247,83600,83713.94
2025-07-09 13:52:00,ATM-1,PUT,323.35,323.35,318.65,319.15,8240,405020,10.091313,83600,83713.94
2025-07-09 13:52:00,ATM,CALL,464.95,468,464.6,466.75,9440,324320,8.959258,83700,83713.94
2025-07-09 13:52:00,ATM,PUT,366.6,366.6,360.85,361.2,12520,312520,10.07396,83700,83713.94
2025-07-09 13:52:00,ATM+1,CALL,411.3,415.45,411.3,413,6960,317580,8.963342,83800,83713.94
2025-07-09 13:52:00,ATM+1,PUT,413.25,413.25,407.5,408.95,6520,210360,10.105263,83800,83713.94
2025-07-09 13:52:00,ATM+2,CALL,361.2,364.4,361.2,362.25,3700,145420,8.941719,83900,83713.94
2025-07-09 13:52:00,ATM+2,PUT,463,463.35,458.05,458.05,2120,83280,10.082989,83900,83713.94
2025-07-09 13:52:00,ATM+3,CALL,314.85,318.45,314.85,317.35,6640,340300,8.960797,84000,83713.94
2025-07-09 13:52:00,ATM+3,PUT,518.3,518.3,512.75,512.75,2420,130700,10.106355,84000,83713.94
2025-07-09 13:52:00,ATM+4,CALL,275.85,276.65,275,276.45,580,96620,8.979259,84100,83713.94
2025-07-09 13:52:00,ATM+4,PUT,574.4,575.7,571.45,571.45,180,18340,10.139775,84100,83713.94
2025-07-09 13:52:00,ATM+5,CALL,237.4,239.65,237.4,238.5,3360,126540,8.973946,84200,83713.94
2025-07-09 13:52:00,ATM+5,PUT,637.05,637.05,635.25,636.05,240,14060,10.232373,84200,83713.94
2025-07-09 13:52:00,ATM+6,CALL,204,206,204,205.5,800,83820,8.997178,84300,83713.94
2025-07-09 13:52:00,ATM+6,PUT,701.4,701.4,701.4,701.4,20,6660,10.2635,84300,83713.94
2025-07-09 13:52:00,ATM+7,CALL,174.5,175.6,174.4,175,2240,99800,8.991384,84400,83713.94
2025-07-09 13:52:00,ATM+7,PUT,777.6,777.6,777.6,777.6,0,6020,10.289037,84400,83713.94
2025-07-09 13:52:00,ATM+8,CALL,147.6,149.15,147.5,148.25,4160,222200,8.9931,84500,83713.94
2025-07-09 13:52:00,ATM+8,PUT,845.15,845.15,845.15,845.15,20,38180,10.424452,84500,83713.94
2025-07-09 13:52:00,ATM+9,CALL,124.85,126.05,124.85,125.2,980,79580,9.009006,84600,83713.94
2025-07-09 13:52:00,ATM+9,PUT,914.7,914.7,914.7,914.7,0,2280,10.680944,84600,83713.94
2025-07-09 13:52:00,ATM+10,CALL,104.75,106.35,104.75,105.5,2200,98280,9.038797,84700,83713.94
2025-07-09 13:52:00,ATM+10,PUT,1012.35,1012.35,1012.35,1012.35,0,2260,10.705264,84700,83713.94
2025-07-09 13:53:00,ATM-10,CALL,1207.85,1207.85,1207.85,1207.85,0,2200,8.310842,82700,83721.62
2025-07-09 13:53:00,ATM-10,PUT,93.7,93.7,92,93.3,1620,87380,10.685657,82700,83721.62
2025-07-09 13:53:00,ATM-9,CALL,1108.5,1108.5,1108.5,1108.5,0,2840,8.965959,82800,83721.62
2025-07-09 13:53:00,ATM-9,PUT,107.95,107.95,105.9,106.8,3940,95700,10.566683,82800,83721.62
2025-07-09 13:53:00,ATM-8,CALL,1028.5,1028.5,1028.5,1028.5,0,3180,8.772947,82900,83721.62
2025-07-09 13:53:00,ATM-8,PUT,123.65,124.2,121.6,122.85,3120,73660,10.473606,82900,83721.62
2025-07-09 13:53:00,ATM-7,CALL,947.3,955,947.3,954.25,220,42900,8.853075,83000,83721.62
2025-07-09 13:53:00,ATM-7,PUT,143,143.05,140.9,141.95,7020,245080,10.411008,83000,83721.62
2025-07-09 13:53:00,ATM-6,CALL,864,864,864,864,0,7440,8.716642,83100,83721.62
2025-07-09 13:53:00,ATM-6,PUT,163.05,164.75,162.15,162.85,1800,77400,10.33063,83100,83721.62
2025-07-09 13:53:00,ATM-5,CALL,796.6,796.6,796.6,796.6,20,13400,8.82987,83200,83721.62
2025-07-09 13:53:00,ATM-5,PUT,188.3,188.9,186.1,187.75,15980,101260,10.29123,83200,83721.62
2025-07-09 13:53:00,ATM-4,CALL,723.9,725.45,722.45,722.45,60,41120,8.815918,83300,83721.62
2025-07-09 13:53:00,ATM-4,PUT,216.55,216.8,213.3,215.05,5360,263860,10.239143,83300,83721.62
2025-07-09 13:53:00,ATM-3,CALL,653.95,654.4,653.95,653.95,520,49520,8.858767,83400,83721.62
2025-07-09 13:53:00,ATM-3,PUT,246.4,247.3,243.8,245,4300,127280,10.177873,83400,83721.62
2025-07-09 13:53:00,ATM-2,CALL,584.95,591.25,584.45,588.65,4700,311240,8.884177,83500,83721.62
2025-07-09 13:53:00,ATM-2,PUT,281.8,282.05,277.75,279.5,27220,508580,10.150893,83500,83721.62
2025-07-09 13:53:00,ATM-1,CALL,524.3,527.65,523.25,527.65,5080,255420,8.917652,83600,83721.62
2025-07-09 13:53:00,ATM-1,PUT,319.1,319.4,314.55,316.4,13920,405020,10.100216,83600,83721.62
2025-07-09 13:53:00,ATM,CALL,465.9,471.25,465.9,471.25,9220,324320,8.963457,83700,83721.62
2025-07-09 13:53:00,ATM,PUT,361.65,361.95,356.55,359,15520,312520,10.102091,83700,83721.62
2025-07-09 13:53:00,ATM+1,CALL,413.6,418.1,413.55,417.2,10140,317580,8.967818,83800,83721.62
2025-07-09 13:53:00,ATM+1,PUT,407.35,409.05,402.8,406,13980,210360,10.122184,83800,83721.62
2025-07-09 13:53:00,ATM+2,CALL,363.8,367.2,363,367,3280,145420,8.966303,83900,83721.62
2025-07-09 13:53:00,ATM+2,PUT,457.4,458.85,452.25,454.7,4340,83280,10.097097,83900,83721.62
2025-07-09 13:53:00,ATM+3,CALL,316.8,321.2,316.6,320.75,4780,340300,8.961298,84000,83721.62
2025-07-09 13:53:00,ATM+3,PUT,513.2,513.2,507.25,510,3600,130700,10.141099,84000,83721.62
2025-07-09 13:53:00,ATM+4,CALL,276.65,278.85,276.45,278.1,1960,96620,8.945275,84100,83721.62
2025-07-09 13:53:00,ATM+4,PUT,571.6,571.6,568.25,568.75,320,18340,10.182701,84100,83721.62
2025-07-09 13:53:00,ATM+5,CALL,238.1,241.3,238.1,241,2500,126540,8.967262,84200,83721.62
2025-07-09 13:53:00,ATM+5,PUT,629.45,629.45,627.1,629.05,280,14060,10.178147,84200,83721.62
2025-07-09 13:53:00,ATM+6,CALL,205.7,207.4,205,207.35,3120,83820,8.980878,84300,83721.62
2025-07-09 13:53:00,ATM+6,PUT,697,697,696.05,696.05,120,6660,10.255298,84300,83721.62
2025-07-09 13:53:00,ATM+7,CALL,175.45,177.3,175.2,176.9,1440,99800,8.983019,84400,83721.62
2025-07-09 13:53:00,ATM+7,PUT,769.95,769.95,769.95,769.95,20,6020,10.431495,84400,83721.62
2025-07-09 13:53:00,ATM+8,CALL,148.65,150.9,148.65,150.9,4260,222200,9.013125,84500,83721.62
2025-07-09 13:53:00,ATM+8,PUT,841.15,841.15,836,836,180,38180,10.324834,84500,83721.62
2025-07-09 13:53:00,ATM+9,CALL,125.45,127.4,125.45,127.3,1980,79580,9.020935,84600,83721.62
2025-07-09 13:53:00,ATM+9,PUT,916.9,916.9,916.9,916.9,20,2380,10.546342,84600,83721.62
2025-07-09 13:53:00,ATM+10,CALL,106.2,107.55,106.05,107.55,2340,98280,9.057279,84700,83721.62
2025-07-09 13:53:00,ATM+10,PUT,1012.35,1012.35,1012.35,1012.35,0,2260,10.705264,84700,83721.62
2025-07-09 13:54:00,ATM-10,CALL,1202.05,1202.05,1202.05,1202.05,80,2180,8.487743,82700,83720.86
2025-07-09 13:54:00,ATM-10,PUT,92.6,94.4,92.6,94.4,720,87140,10.724423,82700,83720.86
2025-07-09 13:54:00,ATM-9,CALL,1108.5,1108.5,1108.5,1108.5,0,2840,8.965959,82800,83720.86
2025-07-09 13:54:00,ATM-9,PUT,107.1,108.7,107.1,108.7,440,95780,10.630936,82800,83720.86
2025-07-09 13:54:00,ATM-8,CALL,1028.5,1028.5,1028.5,1028.5,0,3180,8.772947,82900,83720.86
2025-07-09 13:54:00,ATM-8,PUT,123.8,125.2,123.45,125.2,620,74140,10.547896,82900,83720.86
2025-07-09 13:54:00,ATM-7,CALL,950.4,951.55,947.8,951.55,960,69200,8.780846,83000,83720.86
2025-07-09 13:54:00,ATM-7,PUT,142.9,144.3,142.9,144.3,3200,247540,10.47982,83000,83720.86
2025-07-09 13:54:00,ATM-6,CALL,864,864,864,864,0,7440,8.716642,83100,83720.86
2025-07-09 13:54:00,ATM-6,PUT,163.7,165.7,163.7,165.7,760,77500,10.409476,83100,83720.86
2025-07-09 13:54:00,ATM-5,CALL,796.6,796.6,796.6,796.6,0,13400,8.82987,83200,83720.86
2025-07-09 13:54:00,ATM-5,PUT,188.45,190.8,188.45,190.8,1140,101260,10.370721,83200,83720.86
2025-07-09 13:54:00,ATM-4,CALL,722.45,722.45,722.45,722.45,0,41120,8.815918,83300,83720.86
2025-07-09 13:54:00,ATM-4,PUT,216,218.3,216,218.3,3080,265860,10.319554,83300,83720.86
2025-07-09 13:54:00,ATM-3,CALL,653.15,654.25,650,650,520,49580,8.769806,83400,83720.86
2025-07-09 13:54:00,ATM-3,PUT,246.35,249.5,246.35,249.5,2360,127280,10.28617,83400,83720.86
2025-07-09 13:54:00,ATM-2,CALL,589,589,583.1,583.35,3060,311240,8.764766,83500,83720.86
2025-07-09 13:54:00,ATM-2,PUT,280.5,283,280.4,283,5440,519840,10.230399,83500,83720.86
2025-07-09 13:54:00,ATM-1,CALL,527.55,527.6,522.05,522.3,1860,257120,8.800433,83600,83720.86
2025-07-09 13:54:00,ATM-1,PUT,316.85,321.35,316.85,321.35,5500,405020,10.211735,83600,83720.86
2025-07-09 13:54:00,ATM,CALL,470.9,470.95,465.75,466.25,6660,324080,8.856507,83700,83720.86
2025-07-09 13:54:00,ATM,PUT,361.2,363.65,360.3,363.65,7060,311520,10.203919,83700,83720.86
2025-07-09 13:54:00,ATM+1,CALL,416.25,417.6,413,413.35,5880,314520,8.888234,83800,83720.86
2025-07-09 13:54:00,ATM+1,PUT,407.6,411.05,406.9,411.05,4620,210920,10.231678,83800,83720.86
2025-07-09 13:54:00,ATM+2,CALL,365.75,366.7,362.9,362.9,2620,144880,8.880302,83900,83720.86
2025-07-09 13:54:00,ATM+2,PUT,455.9,461.3,455.9,461.3,620,82100,10.241789,83900,83720.86
2025-07-09 13:54:00,ATM+3,CALL,320.6,320.65,316.65,316.65,3240,339200,8.873765,84000,83720.86
2025-07-09 13:54:00,ATM+3,PUT,509.2,516.25,509.2,515.55,2120,129540,10.261555,84000,83720.86
2025-07-09 13:54:00,ATM+4,CALL,279.45,279.45,275.1,275.55,1280,95360,8.892305,84100,83720.86
2025-07-09 13:54:00,ATM+4,PUT,570.5,570.5,569.7,569.7,40,18100,10.19509,84100,83720.86
2025-07-09 13:54:00,ATM+5,CALL,241.15,241.4,237.7,237.95,2860,127260,8.89958,84200,83720.86
2025-07-09 13:54:00,ATM+5,PUT,633.75,633.75,632.5,632.5,180,14180,10.250891,84200,83720.86
2025-07-09 13:54:00,ATM+6,CALL,206.9,206.9,204.1,204.65,800,82720,8.918612,84300,83720.86
2025-07-09 13:54:00,ATM+6,PUT,696.05,696.05,696.05,696.05,0,6660,10.255298,84300,83720.86
2025-07-09 13:54:00,ATM+7,CALL,177.1,177.1,175.6,175.6,680,99280,8.954543,84400,83720.86
2025-07-09 13:54:00,ATM+7,PUT,769.95,769.95,769.95,769.95,0,6020,10.431495,84400,83720.86
2025-07-09 13:54:00,ATM+8,CALL,150.75,150.75,148.4,148.4,1100,219160,8.947648,84500,83720.86
2025-07-09 13:54:00,ATM+8,PUT,842,842,842,842,100,38120,10.473396,84500,83720.86
2025-07-09 13:54:00,ATM+9,CALL,127.2,127.2,125.3,125.3,780,79000,8.965259,84600,83720.86
2025-07-09 13:54:00,ATM+9,PUT,916.9,916.9,916.9,916.9,0,2380,10.546342,84600,83720.86
2025-07-09 13:54:00,ATM+10,CALL,107.4,107.4,105.6,105.6,1740,96820,8.997918,84700,83720.86
2025-07-09 13:54:00,ATM+10,PUT,1012.35,1012.35,1012.35,1012.35,0,2260,10.705264,84700,83720.86
2025-07-09 13:55:00,ATM-10,CALL,1202.05,1202.05,1202.05,1202.05,0,2180,8.487743,82700,83715.01
2025-07-09 13:55:00,ATM-10,PUT,93.75,94.5,93.75,94.45,180,87140,10.69159,82700,83715.01
2025-07-09 13:55:00,ATM-9,CALL,1113.05,1113.05,1113.05,1113.05,20,2860,8.700107,82800,83715.01
2025-07-09 13:55:00,ATM-9,PUT,108,108.95,107.55,108.95,280,95780,10.603608,82800,83715.01
2025-07-09 13:55:00,ATM-8,CALL,1026.5,1026.5,1026.5,1026.5,20,3140,8.662058,82900,83715.01
2025-07-09 13:55:00,ATM-8,PUT,125.25,125.4,125,125.15,240,74140,10.508237,82900,83715.01
2025-07-09 13:55:00,ATM-7,CALL,946.5,947.8,946.5,946.95,200,69200,8.788609,83000,83715.01
2025-07-09 13:55:00,ATM-7,PUT,143.15,144.8,142.85,144.4,1700,247540,10.443072,83000,83715.01
2025-07-09 13:55:00,ATM-6,CALL,864,864,864,864,0,7440,8.716642,83100,83715.01
2025-07-09 13:55:00,ATM-6,PUT,164.85,166,164.75,165.7,240,77500,10.367552,83100,83715.01
2025-07-09 13:55:00,ATM-5,CALL,796.6,796.6,796.6,796.6,0,13400,8.82987,83200,83715.01
2025-07-09 13:55:00,ATM-5,PUT,190.95,190.95,188.65,190.85,1720,101260,10.327868,83200,83715.01
2025-07-09 13:55:00,ATM-4,CALL,722.45,722.45,722.45,722.45,0,41120,8.815918,83300,83715.01
2025-07-09 13:55:00,ATM-4,PUT,217,218.6,216.6,218.2,1800,265860,10.27014,83300,83715.01
2025-07-09 13:55:00,ATM-3,CALL,651.35,651.35,651.35,651.35,20,49580,8.910773,83400,83715.01
2025-07-09 13:55:00,ATM-3,PUT,248.7,249.85,247.7,248.85,1340,127280,10.220092,83400,83715.01
2025-07-09 13:55:00,ATM-2,CALL,584.9,587.25,583.65,583.7,1600,311240,8.869016,83500,83715.01
2025-07-09 13:55:00,ATM-2,PUT,282.5,284.4,281.75,283.85,3260,519840,10.198532,83500,83715.01
2025-07-09 13:55:00,ATM-1,CALL,522.55,526,522.15,523.7,1460,257120,8.920745,83600,83715.01
2025-07-09 13:55:00,ATM-1,PUT,320.45,322.05,319,320.9,4440,405020,10.144773,83600,83715.01
2025-07-09 13:55:00,ATM,CALL,467.25,469.65,466.2,466.85,3060,324080,8.949536,83700,83715.01
2025-07-09 13:55:00,ATM,PUT,364.05,365,361.55,364.5,5080,311520,10.163764,83700,83715.01
2025-07-09 13:55:00,ATM+1,CALL,413.45,416.85,413.35,415.8,8420,314520,9.017559,83800,83715.01
2025-07-09 13:55:00,ATM+1,PUT,411.15,412.3,408.3,410.6,4480,210920,10.156738,83800,83715.01
2025-07-09 13:55:00,ATM+2,CALL,364.55,366,363,363.75,2000,144880,8.966637,83900,83715.01
2025-07-09 13:55:00,ATM+2,PUT,459.4,462,459.4,460.05,1520,82100,10.143415,83900,83715.01
2025-07-09 13:55:00,ATM+3,CALL,318.75,319.8,316.95,317.7,3760,339200,8.959934,84000,83715.01
2025-07-09 13:55:00,ATM+3,PUT,515.65,516.55,514.25,514.35,820,129540,10.158721,84000,83715.01
2025-07-09 13:55:00,ATM+4,CALL,277.6,278.05,275.95,276.3,1500,95360,8.967358,84100,83715.01
2025-07-09 13:55:00,ATM+4,PUT,574.05,574.4,572.55,574.15,180,18100,10.219953,84100,83715.01
2025-07-09 13:55:00,ATM+5,CALL,238.25,240.2,238.25,238.4,1340,127260,8.96385,84200,83715.01
2025-07-09 13:55:00,ATM+5,PUT,636.8,637.1,633.35,635.95,520,14180,10.247112,84200,83715.01
2025-07-09 13:55:00,ATM+6,CALL,205.2,205.95,204.75,205.3,2740,82720,8.985013,84300,83715.01
2025-07-09 13:55:00,ATM+6,PUT,696.05,696.05,696.05,696.05,0,6660,10.255298,84300,83715.01
2025-07-09 13:55:00,ATM+7,CALL,174.95,176.15,174.9,174.95,460,99280,8.983552,84400,83715.01
2025-07-09 13:55:00,ATM+7,PUT,773.85,773.85,771.5,771.5,40,5060,10.355156,84400,83715.01
2025-07-09 13:55:00,ATM+8,CALL,148.1,150,148.1,149.3,2180,219160,9.017337,84500,83715.01
2025-07-09 13:55:00,ATM+8,PUT,846.1,846.1,844,844,100,38120,10.41478,84500,83715.01
2025-07-09 13:55:00,ATM+9,CALL,126.4,126.5,125.4,126.2,400,79000,9.034355,84600,83715.01
2025-07-09 13:55:00,ATM+9,PUT,916.9,916.9,916.9,916.9,0,2380,10.546342,84600,83715.01
2025-07-09 13:55:00,ATM+10,CALL,106.05,106.65,105.9,106.65,560,96820,9.072101,84700,83715.01
2025-07-09 13:55:00,ATM+10,PUT,1012.35,1012.35,1012.35,1012.35,0,2260,10.705264,84700,83715.01
2025-07-09 13:56:00,ATM-10,CALL,1202.05,1202.05,1202.05,1202.05,0,2180,8.487743,82700,83725.12
2025-07-09 13:56:00,ATM-10,PUT,94.2,94.2,92.85,93,440,87140,10.696527,82700,83725.12
2025-07-09 13:56:00,ATM-9,CALL,1113.05,1113.05,1113.05,1113.05,0,2860,8.700107,82800,83725.12
2025-07-09 13:56:00,ATM-9,PUT,108.95,108.95,107,107.1,1680,95780,10.600984,82800,83725.12
2025-07-09 13:56:00,ATM-8,CALL,1026.5,1026.5,1026.5,1026.5,0,3140,8.662058,82900,83725.12
2025-07-09 13:56:00,ATM-8,PUT,124.7,124.7,123,123,1120,74140,10.503058,82900,83725.12
2025-07-09 13:56:00,ATM-7,CALL,950,950,950,950,60,69200,8.602102,83000,83725.12
2025-07-09 13:56:00,ATM-7,PUT,144.3,144.4,142.15,142.2,2160,247540,10.444356,83000,83725.12
2025-07-09 13:56:00,ATM-6,CALL,870.8,870.8,870.8,870.8,20,7440,8.653188,83100,83725.12
2025-07-09 13:56:00,ATM-6,PUT,165.65,165.65,163.3,163.3,1200,77500,10.370588,83100,83725.12
2025-07-09 13:56:00,ATM-5,CALL,796.6,796.6,796.6,796.6,0,13400,8.82987,83200,83725.12
2025-07-09 13:56:00,ATM-5,PUT,190.8,190.8,187.8,188,3040,101260,10.326229,83200,83725.12
2025-07-09 13:56:00,ATM-4,CALL,722,722,722,722,20,41120,8.735187,83300,83725.12
2025-07-09 13:56:00,ATM-4,PUT,218.35,218.5,214.8,215.4,640,265860,10.277936,83300,83725.12
2025-07-09 13:56:00,ATM-3,CALL,654,656.15,654,656.15,280,49580,8.855693,83400,83725.12
2025-07-09 13:56:00,ATM-3,PUT,248.95,249.1,245.4,245.4,940,127280,10.219186,83400,83725.12
2025-07-09 13:56:00,ATM-2,CALL,584.15,591.1,583.75,591.1,1660,311240,8.89089,83500,83725.12
2025-07-09 13:56:00,ATM-2,PUT,284.35,284.35,279.35,279.35,4140,519840,10.180175,83500,83725.12
2025-07-09 13:56:00,ATM-1,CALL,524.3,528.6,524.3,527.9,3500,257120,8.874363,83600,83725.12
2025-07-09 13:56:00,ATM-1,PUT,321.75,321.9,316.3,316.3,4400,405020,10.132819,83600,83725.12
2025-07-09 13:56:00,ATM,CALL,468.05,472.45,467,471.7,4160,324080,8.929274,83700,83725.12
2025-07-09 13:56:00,ATM,PUT,364.8,364.8,358.8,358.8,6120,311520,10.134687,83700,83725.12
2025-07-09 13:56:00,ATM+1,CALL,413.95,419.3,413.8,419.3,6520,314520,8.975803,83800,83725.12
2025-07-09 13:56:00,ATM+1,PUT,411.9,411.9,405.15,405.15,5540,210920,10.142265,83800,83725.12
2025-07-09 13:56:00,ATM+2,CALL,363.35,367.55,363.35,367.4,920,144880,8.938072,83900,83725.12
2025-07-09 13:56:00,ATM+2,PUT,461.4,461.4,455,455,780,82100,10.146784,83900,83725.12
2025-07-09 13:56:00,ATM+3,CALL,317.5,321.8,317.1,321.15,3240,339200,8.936127,84000,83725.12
2025-07-09 13:56:00,ATM+3,PUT,515.35,515.35,508.3,509.7,2020,129540,10.179993,84000,83725.12
2025-07-09 13:56:00,ATM+4,CALL,275.6,278.95,275.6,278.95,360,95360,8.933676,84100,83725.12
2025-07-09 13:56:00,ATM+4,PUT,573.3,573.3,573.3,573.3,40,18100,10.340084,84100,83725.12
2025-07-09 13:56:00,ATM+5,CALL,238.05,241.4,238,241.2,2900,127260,8.942595,84200,83725.12
2025-07-09 13:56:00,ATM+5,PUT,635.95,635.95,630.95,630.95,140,14180,10.277741,84200,83725.12
2025-07-09 13:56:00,ATM+6,CALL,205,208,204.7,207.1,1120,82720,8.946946,84300,83725.12
2025-07-09 13:56:00,ATM+6,PUT,696.05,696.05,696.05,696.05,0,6660,10.255298,84300,83725.12
2025-07-09 13:56:00,ATM+7,CALL,175.15,177.7,175.15,177.7,1660,99280,8.978897,84400,83725.12
2025-07-09 13:56:00,ATM+7,PUT,771.5,771.5,771.5,771.5,0,5060,10.355156,84400,83725.12
2025-07-09 13:56:00,ATM+8,CALL,148.65,151.25,148.65,150.5,3420,219160,8.977635,84500,83725.12
2025-07-09 13:56:00,ATM+8,PUT,846.9,846.9,842.1,842.1,40,38120,10.55844,84500,83725.12
2025-07-09 13:56:00,ATM+9,CALL,126,127.7,126,127.7,660,79000,9.010655,84600,83725.12
2025-07-09 13:56:00,ATM+9,PUT,916.9,916.9,916.9,916.9,0,2380,10.546342,84600,83725.12
2025-07-09 13:56:00,ATM+10,CALL,106.05,107.8,105.95,107.35,1560,96820,9.029396,84700,83725.12
2025-07-09 13:56:00,ATM+10,PUT,1012.35,1012.35,1012.35,1012.35,0,2260,10.705264,84700,83725.12
2025-07-09 13:57:00,ATM-10,CALL,1202.05,1202.05,1202.05,1202.05,0,2180,8.487743,82700,83720.01
2025-07-09 13:57:00,ATM-10,PUT,92.8,92.8,91.9,92.3,820,86620,10.63895,82700,83720.01
2025-07-09 13:57:00,ATM-9,CALL,1113.05,1113.05,1113.05,1113.05,0,2860,8.700107,82800,83720.01
2025-07-09 13:57:00,ATM-9,PUT,107,107.5,106,106,1920,96320,10.529647,82800,83720.01
2025-07-09 13:57:00,ATM-8,CALL,1026.5,1026.5,1026.5,1026.5,0,3140,8.662058,82900,83720.01
2025-07-09 13:57:00,ATM-8,PUT,123,123.5,122,122.4,1500,73820,10.449901,82900,83720.01
2025-07-09 13:57:00,ATM-7,CALL,956,956,956,956,12580,69420,8.963965,83000,83720.01
2025-07-09 13:57:00,ATM-7,PUT,141.75,142.45,140.8,141.3,3740,246420,10.381489,83000,83720.01
2025-07-09 13:57:00,ATM-6,CALL,870.8,870.8,870.8,870.8,0,7440,8.653188,83100,83720.01
2025-07-09 13:57:00,ATM-6,PUT,163.7,163.7,161.8,163.35,600,77520,10.33564,83100,83720.01
2025-07-09 13:57:00,ATM-5,CALL,796.6,796.6,796.6,796.6,0,13400,8.82987,83200,83720.01
2025-07-09 13:57:00,ATM-5,PUT,187.6,187.85,186.3,187.2,1040,108660,10.265519,83200,83720.01
2025-07-09 13:57:00,ATM-4,CALL,728,729.25,727.45,728.45,140,41080,9.017039,83300,83720.01
2025-07-09 13:57:00,ATM-4,PUT,215,215.8,213.8,215,1640,265780,10.226691,83300,83720.01
2025-07-09 13:57:00,ATM-3,CALL,659.5,659.5,659.45,659.45,140,49640,9.034261,83400,83720.01
2025-07-09 13:57:00,ATM-3,PUT,245.4,246.75,244,244.3,2560,129740,10.148133,83400,83720.01
2025-07-09 13:57:00,ATM-2,CALL,591.2,593.35,589.05,592.05,4000,313800,8.998112,83500,83720.01
2025-07-09 13:57:00,ATM-2,PUT,279.6,280.65,277.7,278.45,6700,514580,10.112252,83500,83720.01
2025-07-09 13:57:00,ATM-1,CALL,529,531.5,526.35,530.3,6140,255880,9.008155,83600,83720.01
2025-07-09 13:57:00,ATM-1,PUT,317,317.65,314.95,315.45,7180,404720,10.063634,83600,83720.01
2025-07-09 13:57:00,ATM,CALL,472,474.85,470.75,473.9,10760,325160,9.050343,83700,83720.01
2025-07-09 13:57:00,ATM,PUT,360,360.9,357,358,8420,310200,10.063626,83700,83720.01
2025-07-09 13:57:00,ATM+1,CALL,419.55,420.85,417.35,420.6,8080,321340,9.069548,83800,83720.01
2025-07-09 13:57:00,ATM+1,PUT,405.35,407.45,402.8,404.55,6040,212040,10.072231,83800,83720.01
2025-07-09 13:57:00,ATM+2,CALL,368,369.9,367.55,369.9,3660,144900,9.054656,83900,83720.01
2025-07-09 13:57:00,ATM+2,PUT,455.3,456.8,452.1,454.1,3600,81520,10.065544,83900,83720.01
2025-07-09 13:57:00,ATM+3,CALL,321.25,323.8,320.8,323.8,7820,340320,9.052337,84000,83720.01
2025-07-09 13:57:00,ATM+3,PUT,509.75,510.1,504.9,506.3,2740,129300,10.035352,84000,83720.01
2025-07-09 13:57:00,ATM+4,CALL,279.5,281.4,279.1,281.4,1200,94800,9.042425,84100,83720.01
2025-07-09 13:57:00,ATM+4,PUT,566.05,566.05,564,565.5,320,18160,10.084593,84100,83720.01
2025-07-09 13:57:00,ATM+5,CALL,241.9,243.4,241.2,243.1,2260,126800,9.036125,84200,83720.01
2025-07-09 13:57:00,ATM+5,PUT,628.15,630.6,627.15,627.4,560,14000,10.115153,84200,83720.01
2025-07-09 13:57:00,ATM+6,CALL,208.05,209.2,207.4,208.95,4440,84460,9.038045,84300,83720.01
2025-07-09 13:57:00,ATM+6,PUT,693,693,693,693,100,6680,10.153787,84300,83720.01
2025-07-09 13:57:00,ATM+7,CALL,177.45,179,177.45,179,3020,100120,9.054895,84400,83720.01
2025-07-09 13:57:00,ATM+7,PUT,765,765.45,762.25,762.25,180,5080,10.203841,84400,83720.01
2025-07-09 13:57:00,ATM+8,CALL,150.9,152.2,150.7,151.9,6500,219640,9.056224,84500,83720.01
2025-07-09 13:57:00,ATM+8,PUT,842.1,842.1,842.1,842.1,0,38120,10.55844,84500,83720.01
2025-07-09 13:57:00,ATM+9,CALL,127.55,128.8,127.55,128.65,980,79040,9.076144,84600,83720.01
2025-07-09 13:57:00,ATM+9,PUT,910.8,910.8,910.8,910.8,100,2380,10.338711,84600,83720.01
2025-07-09 13:57:00,ATM+10,CALL,107.4,109,107.35,108.1,2720,97560,9.088676,84700,83720.01
2025-07-09 13:57:00,ATM+10,PUT,1012.35,1012.35,1012.35,1012.35,0,2260,10.705264,84700,83720.01
2025-07-09 13:58:00,ATM-10,CALL,1211.65,1211.65,1211.65,1211.65,20,2260,8.41846,82700,83733.05
2025-07-09 13:58:00,ATM-10,PUT,91.75,91.75,90,90.9,1040,86620,10.662531,82700,83733.05
2025-07-09 13:58:00,ATM-9,CALL,1113.05,1113.05,1113.05,1113.05,0,2860,8.700107,82800,83733.05
2025-07-09 13:58:00,ATM-9,PUT,105.8,105.8,102.85,105,6840,96320,10.575262,82800,83733.05
2025-07-09 13:58:00,ATM-8,CALL,1026.5,1026.5,1026.5,1026.5,0,3140,8.662058,82900,83733.05
2025-07-09 13:58:00,ATM-8,PUT,121.9,121.9,119.75,121.2,1580,73820,10.495102,82900,83733.05
2025-07-09 13:58:00,ATM-7,CALL,956,964.55,955.3,959.05,21600,69420,8.694219,83000,83733.05
2025-07-09 13:58:00,ATM-7,PUT,141.45,141.45,138.05,140.1,5380,246420,10.433553,83000,83733.05
2025-07-09 13:58:00,ATM-6,CALL,877.7,885.9,877.7,885.9,100,7580,8.94078,83100,83733.05
2025-07-09 13:58:00,ATM-6,PUT,161.75,161.85,159.25,159.7,1360,77520,10.322005,83100,83733.05
2025-07-09 13:58:00,ATM-5,CALL,801.65,809,801.65,809,360,13540,8.944964,83200,83733.05
2025-07-09 13:58:00,ATM-5,PUT,186.05,186.05,182.95,184.9,6760,108660,10.300686,83200,83733.05
2025-07-09 13:58:00,ATM-4,CALL,731.15,737.9,729.05,733.7,1200,41080,8.902234,83300,83733.05
2025-07-09 13:58:00,ATM-4,PUT,213.25,213.75,210.1,212.8,3900,265780,10.273305,83300,83733.05
2025-07-09 13:58:00,ATM-3,CALL,660.6,668.1,660.6,662.05,1000,49640,8.868523,83400,83733.05
2025-07-09 13:58:00,ATM-3,PUT,243.3,243.8,239.95,242.3,6260,129740,10.208353,83400,83733.05
2025-07-09 13:58:00,ATM-2,CALL,593.75,600.85,592.55,596.2,7360,313800,8.890729,83500,83733.05
2025-07-09 13:58:00,ATM-2,PUT,278,278.55,273.05,276,15460,514580,10.170052,83500,83733.05
2025-07-09 13:58:00,ATM-1,CALL,530.65,538.5,530.65,533.4,7060,255880,8.891418,83600,83733.05
2025-07-09 13:58:00,ATM-1,PUT,315,315,310.15,313.6,15360,404720,10.145105,83600,83733.05
2025-07-09 13:58:00,ATM,CALL,474.75,481,473.75,476.5,16160,325160,8.937047,83700,83733.05
2025-07-09 13:58:00,ATM,PUT,357.75,357.95,351.85,356,25500,310200,10.151054,83700,83733.05
2025-07-09 13:58:00,ATM+1,CALL,421.2,427.05,420,422.85,18460,321340,8.961938,83800,83733.05
2025-07-09 13:58:00,ATM+1,PUT,404.3,404.3,397.7,400.8,15020,212040,10.129037,83800,83733.05
2025-07-09 13:58:00,ATM+2,CALL,369.8,375,368.85,372.7,4480,144900,8.972454,83900,83733.05
2025-07-09 13:58:00,ATM+2,PUT,452.3,453,447,450.45,4600,81520,10.135617,83900,83733.05
2025-07-09 13:58:00,ATM+3,CALL,324,328.2,323.05,326.4,12160,340320,8.977197,84000,83733.05
2025-07-09 13:58:00,ATM+3,PUT,506.55,507.45,500.05,504.8,8120,129300,10.167237,84000,83733.05
2025-07-09 13:58:00,ATM+4,CALL,282,285.7,282,284.45,1740,94800,8.989078,84100,83733.05
2025-07-09 13:58:00,ATM+4,PUT,565.7,565.7,557.3,561,600,18160,10.158295,84100,83733.05
2025-07-09 13:58:00,ATM+5,CALL,242.95,247.55,242.95,244.7,9440,126800,8.958144,84200,83733.05
2025-07-09 13:58:00,ATM+5,PUT,625,625.15,618.75,625.15,380,14000,10.256011,84200,83733.05
2025-07-09 13:58:00,ATM+6,CALL,210,213.15,210,210.45,1620,84460,8.966912,84300,83733.05
2025-07-09 13:58:00,ATM+6,PUT,693,693,693,693,0,6680,10.153787,84300,83733.05
2025-07-09 13:58:00,ATM+7,CALL,179.35,182.1,178.65,182.1,2080,100120,9.03548,84400,83733.05
2025-07-09 13:58:00,ATM+7,PUT,762.25,762.25,762.25,762.25,0,5080,10.203841,84400,83733.05
2025-07-09 13:58:00,ATM+8,CALL,152.4,155.4,152,154,6900,219640,9.019759,84500,83733.05
2025-07-09 13:58:00,ATM+8,PUT,830,832.8,826.25,832.8,700,38160,10.459578,84500,83733.05
2025-07-09 13:58:00,ATM+9,CALL,129.3,131.35,129.3,130,1780,79040,9.026652,84600,83733.05
2025-07-09 13:58:00,ATM+9,PUT,910.8,910.8,910.8,910.8,0,2380,10.338711,84600,83733.05
2025-07-09 13:58:00,ATM+10,CALL,108.4,110.9,108.4,110,2660,97560,9.065718,84700,83733.05
2025-07-09 13:58:00,ATM+10,PUT,1012.35,1012.35,1012.35,1012.35,0,2260,10.705264,84700,83733.05
2025-07-09 13:59:00,ATM-10,CALL,1211.65,1211.65,1211.65,1211.65,0,2260,8.41846,82700,83733.7
2025-07-09 13:59:00,ATM-10,PUT,91.05,91.45,88.4,88.5,6480,86620,10.571614,82700,83733.7
2025-07-09 13:59:00,ATM-9,CALL,1113.05,1113.05,1113.05,1113.05,0,2860,8.700107,82800,83733.7
2025-07-09 13:59:00,ATM-9,PUT,105.15,105.2,102,102,6920,96320,10.469787,82800,83733.7
2025-07-09 13:59:00,ATM-8,CALL,1026.5,1026.5,1026.5,1026.5,0,3140,8.662058,82900,83733.7
2025-07-09 13:59:00,ATM-8,PUT,121.3,121.5,117.5,117.5,7500,73820,10.373914,82900,83733.7
2025-07-09 13:59:00,ATM-7,CALL,959.05,959.05,959.05,959.05,0,69420,8.694219,83000,83733.7
2025-07-09 13:59:00,ATM-7,PUT,140,140.1,136.5,136.5,27320,246420,10.324373,83000,83733.7
2025-07-09 13:59:00,ATM-6,CALL,878.45,878.45,878.45,878.45,20,7580,8.68261,83100,83733.7
2025-07-09 13:59:00,ATM-6,PUT,161.55,161.55,157.8,157.85,9280,77520,10.272088,83100,83733.7
2025-07-09 13:59:00,ATM-5,CALL,809,809,809,809,0,13540,8.944964,83200,83733.7
2025-07-09 13:59:00,ATM-5,PUT,185.35,185.65,180.7,180.7,21060,108660,10.188101,83200,83733.7
2025-07-09 13:59:00,ATM-4,CALL,731.05,731.05,725,725,800,41080,8.646179,83300,83733.7
2025-07-09 13:59:00,ATM-4,PUT,212.8,213.25,209,209,12380,265780,10.17758,83300,83733.7
2025-07-09 13:59:00,ATM-3,CALL,663.45,663.45,659.55,659.55,160,49640,8.791593,83400,83733.7
2025-07-09 13:59:00,ATM-3,PUT,242.6,243.45,239,239,3120,129740,10.129946,83400,83733.7
2025-07-09 13:59:00,ATM-2,CALL,597,598,588.75,592,4460,313800,8.775271,83500,83733.7
2025-07-09 13:59:00,ATM-2,PUT,276.6,277.5,273,273,6540,514580,10.102317,83500,83733.7
2025-07-09 13:59:00,ATM-1,CALL,536.3,536.3,526.5,529.7,4660,255880,8.792817,83600,83733.7
2025-07-09 13:59:00,ATM-1,PUT,313.8,314.95,309.85,309.85,8340,404720,10.061741,83600,83733.7
2025-07-09 13:59:00,ATM,CALL,476.85,478.8,469.2,471.5,12200,325160,8.810805,83700,83733.7
2025-07-09 13:59:00,ATM,PUT,355.5,357.45,353,353,12360,310200,10.087493,83700,83733.7
2025-07-09 13:59:00,ATM+1,CALL,423,425.15,416.2,418.9,19180,321340,8.862536,83800,83733.7
2025-07-09 13:59:00,ATM+1,PUT,402,402.85,398.85,398.85,8240,212040,10.091156,83800,83733.7
2025-07-09 13:59:00,ATM+2,CALL,371.85,373.3,364.7,367,11220,144900,8.833308,83900,83733.7
2025-07-09 13:59:00,ATM+2,PUT,451.3,453.05,448.7,449,4660,81520,10.109985,83900,83733.7
2025-07-09 13:59:00,ATM+3,CALL,326.5,327.5,317.9,319.8,32020,340320,8.816505,84000,83733.7
2025-07-09 13:59:00,ATM+3,PUT,505.05,506.6,501.45,504.45,1640,129300,10.167691,84000,83733.7
2025-07-09 13:59:00,ATM+4,CALL,283.95,285.2,276.1,277.5,10220,94800,8.817647,84100,83733.7
2025-07-09 13:59:00,ATM+4,PUT,563.65,564.35,560.4,561.65,220,18160,10.18298,84100,83733.7
2025-07-09 13:59:00,ATM+5,CALL,245.1,246.45,238.5,240.35,17000,126800,8.846081,84200,83733.7
2025-07-09 13:59:00,ATM+5,PUT,621.45,625,621.45,625,180,14000,10.26238,84200,83733.7
2025-07-09 13:59:00,ATM+6,CALL,211.45,212.35,204.65,205.6,8840,84460,8.838111,84300,83733.7
2025-07-09 13:59:00,ATM+6,PUT,687.4,688.85,687.4,688.85,80,6680,10.273249,84300,83733.7
2025-07-09 13:59:00,ATM+7,CALL,181.1,181.1,174.8,176.65,7900,100120,8.884747,84400,83733.7
2025-07-09 13:59:00,ATM+7,PUT,758.6,758.6,758.6,758.6,20,5080,10.352018,84400,83733.7
2025-07-09 13:59:00,ATM+8,CALL,154.25,154.5,148.7,149,17040,219640,8.872977,84500,83733.7
2025-07-09 13:59:00,ATM+8,PUT,831.25,831.25,831.25,831.25,100,38160,10.430469,84500,83733.7
2025-07-09 13:59:00,ATM+9,CALL,130.75,130.8,125.75,126.35,10880,79040,8.911144,84600,83733.7
2025-07-09 13:59:00,ATM+9,PUT,910.8,910.8,910.8,910.8,0,2380,10.338711,84600,83733.7
2025-07-09 13:59:00,ATM+10,CALL,109.8,110.3,105.85,106.1,6000,97560,8.933072,84700,83733.7
2025-07-09 13:59:00,ATM+10,PUT,1012.35,1012.35,1012.35,1012.35,0,2260,10.705264,84700,83733.7
2025-07-09 14:00:00,ATM-10,CALL,1211.65,1211.65,1211.65,1211.65,0,2260,8.41846,82700,83727.07
2025-07-09 14:00:00,ATM-10,PUT,89.2,89.95,87.65,88.65,5060,88160,10.538631,82700,83727.07
2025-07-09 14:00:00,ATM-9,CALL,1113.05,1113.05,1113.05,1113.05,0,2860,8.700107,82800,83727.07
2025-07-09 14:00:00,ATM-9,PUT,102.8,104.8,101.15,102.15,4100,96540,10.434651,82800,83727.07
2025-07-09 14:00:00,ATM-8,CALL,1026.5,1026.5,1026.5,1026.5,0,3140,8.662058,82900,83727.07
2025-07-09 14:00:00,ATM-8,PUT,117.6,119.55,117,117.95,3420,72480,10.346739,82900,83727.07
2025-07-09 14:00:00,ATM-7,CALL,961.85,965.45,961.85,963.45,780,46060,9.025713,83000,83727.07
2025-07-09 14:00:00,ATM-7,PUT,136.5,138.25,135,136.25,8940,240040,10.27177,83000,83727.07
2025-07-09 14:00:00,ATM-6,CALL,878.45,878.45,878.45,878.45,0,7580,8.68261,83100,83727.07
2025-07-09 14:00:00,ATM-6,PUT,158.3,159.55,155.65,157.15,4000,77900,10.204247,83100,83727.07
2025-07-09 14:00:00,ATM-5,CALL,802.35,809,800.35,809,400,13480,9.08056,83200,83727.07
2025-07-09 14:00:00,ATM-5,PUT,182.4,183.5,179.75,181.05,4760,108660,10.148399,83200,83727.07
2025-07-09 14:00:00,ATM-4,CALL,729.6,736.15,729.4,734.15,1300,41080,9.036414,83300,83727.07
2025-07-09 14:00:00,ATM-4,PUT,210,210.8,206.8,207.2,7160,262400,10.077082,83300,83727.07
2025-07-09 14:00:00,ATM-3,CALL,660,666.55,660,661.45,960,49400,8.962551,83400,83727.07
2025-07-09 14:00:00,ATM-3,PUT,240.3,240.7,236.45,238.05,7940,129740,10.050052,83400,83727.07
2025-07-09 14:00:00,ATM-2,CALL,593.45,599.8,593.1,596.85,3840,313800,9.006077,83500,83727.07
2025-07-09 14:00:00,ATM-2,PUT,272.1,274.6,270,270.95,15280,513800,9.992604,83500,83727.07
2025-07-09 14:00:00,ATM-1,CALL,530.05,537,530.05,534.15,11220,254440,8.999582,83600,83727.07
2025-07-09 14:00:00,ATM-1,PUT,311.3,312.4,307,308.85,11880,404720,9.974661,83600,83727.07
2025-07-09 14:00:00,ATM,CALL,471.05,479.25,471.05,475,12400,325020,8.983802,83700,83727.07
2025-07-09 14:00:00,ATM,PUT,351.6,355.2,348.55,350.65,28100,314580,9.964663,83700,83727.07
2025-07-09 14:00:00,ATM+1,CALL,418.6,426,418.6,422.75,15100,325720,9.034964,83800,83727.07
2025-07-09 14:00:00,ATM+1,PUT,399.5,400.55,393.75,396.15,19500,216120,9.955837,83800,83727.07
2025-07-09 14:00:00,ATM+2,CALL,368.4,374,368.4,370.25,6320,144860,8.984955,83900,83727.07
2025-07-09 14:00:00,ATM+2,PUT,449.25,450.35,443.35,446.75,7060,81440,9.979751,83900,83727.07
2025-07-09 14:00:00,ATM+3,CALL,322.05,327,322.05,323.95,11360,340760,8.984029,84000,83727.07
2025-07-09 14:00:00,ATM+3,PUT,503.85,504.55,496.65,499.55,5640,130000,9.969026,84000,83727.07
2025-07-09 14:00:00,ATM+4,CALL,277.9,284.2,277.9,282.15,5400,92920,8.993831,84100,83727.07
2025-07-09 14:00:00,ATM+4,PUT,562,562.85,554.6,556.35,1140,18160,9.966219,84100,83727.07
2025-07-09 14:00:00,ATM+5,CALL,241.85,245.35,241.85,242.85,6520,123020,8.968196,84200,83727.07
2025-07-09 14:00:00,ATM+5,PUT,622.5,623.15,616.8,618.7,2100,13700,10.01086,84200,83727.07
2025-07-09 14:00:00,ATM+6,CALL,207.7,211.1,207.7,209.05,5100,83720,8.983019,84300,83727.07
2025-07-09 14:00:00,ATM+6,PUT,688.6,688.6,683.35,683.35,840,6660,10.028237,84300,83727.07
2025-07-09 14:00:00,ATM+7,CALL,177.7,180.4,177.7,178.8,4500,100160,8.995651,84400,83727.07
2025-07-09 14:00:00,ATM+7,PUT,757.3,760.05,752.5,753.1,80,5080,10.092184,84400,83727.07
2025-07-09 14:00:00,ATM+8,CALL,149.65,153.6,149.65,152.4,6000,215140,9.019999,84500,83727.07
2025-07-09 14:00:00,ATM+8,PUT,830.25,830.3,823.05,826.45,160,38260,10.172538,84500,83727.07
2025-07-09 14:00:00,ATM+9,CALL,127.55,130,127.55,128.6,6980,82140,9.027103,84600,83727.07
2025-07-09 14:00:00,ATM+9,PUT,910.8,910.8,910.8,910.8,0,2380,10.338711,84600,83727.07
2025-07-09 14:00:00,ATM+10,CALL,107.7,109.75,107.55,108.55,4720,98560,9.058782,84700,83727.07
2025-07-09 14:00:00,ATM+10,PUT,1012.35,1012.35,1012.35,1012.35,0,2260,10.705264,84700,83727.07
2025-07-09 14:01:00,ATM-10,CALL,1211.65,1211.65,1211.65,1211.65,0,2260,8.41846,82700,83726.71
2025-07-09 14:01:00,ATM-10,PUT,89,90.8,89,90.3,1500,88160,10.602453,82700,83726.71
2025-07-09 14:01:00,ATM-9,CALL,1113.05,1113.05,1113.05,1113.05,0,2860,8.700107,82800,83726.71
2025-07-09 14:01:00,ATM-9,PUT,102.45,104.65,102.45,104.65,920,96540,10.524454,82800,83726.71
2025-07-09 14:01:00,ATM-8,CALL,1026.5,1026.5,1026.5,1026.5,0,3140,8.662058,82900,83726.71
2025-07-09 14:01:00,ATM-8,PUT,118.65,120.6,118.65,120.25,500,72480,10.423058,82900,83726.71
2025-07-09 14:01:00,ATM-7,CALL,959.2,959.2,949.15,949.15,500,46060,8.528302,83000,83726.71
2025-07-09 14:01:00,ATM-7,PUT,136.95,139.15,136.95,139.05,5020,240040,10.358486,83000,83726.71
2025-07-09 14:01:00,ATM-6,CALL,878.45,878.45,878.45,878.45,0,7580,8.68261,83100,83726.71
2025-07-09 14:01:00,ATM-6,PUT,157.7,160.65,157.7,160.05,1100,77900,10.2883,83100,83726.71
2025-07-09 14:01:00,ATM-5,CALL,800,800,799.1,799.1,240,13480,8.79608,83200,83726.71
2025-07-09 14:01:00,ATM-5,PUT,181.7,185,181.7,184.6,2340,108660,10.245673,83200,83726.71
2025-07-09 14:01:00,ATM-4,CALL,728.9,730.3,722.2,725.15,780,41080,8.794878,83300,83726.71
2025-07-09 14:01:00,ATM-4,PUT,209.2,212.7,209.2,211.65,3520,262400,10.19331,83300,83726.71
2025-07-09 14:01:00,ATM-3,CALL,660,660.45,656,656.4,340,49400,8.837461,83400,83726.71
2025-07-09 14:01:00,ATM-3,PUT,238.75,243.6,238.75,242.9,2420,129740,10.171248,83400,83726.71
2025-07-09 14:01:00,ATM-2,CALL,593.55,595.75,586.45,590.35,3260,313800,8.850029,83500,83726.71
2025-07-09 14:01:00,ATM-2,PUT,272,277.8,271.95,277,5960,513800,10.138889,83500,83726.71
2025-07-09 14:01:00,ATM-1,CALL,534.3,534.3,526,528.8,5480,254440,8.876332,83600,83726.71
2025-07-09 14:01:00,ATM-1,PUT,308.85,315.7,308.5,314,11300,404720,10.095127,83600,83726.71
2025-07-09 14:01:00,ATM,CALL,476.2,476.2,467.45,470.3,10360,325020,8.878448,83700,83726.71
2025-07-09 14:01:00,ATM,PUT,351.5,358.4,351.5,355.8,24660,314580,10.082551,83700,83726.71
2025-07-09 14:01:00,ATM+1,CALL,421.4,422.75,415,418.25,12240,325720,8.935291,83800,83726.71
2025-07-09 14:01:00,ATM+1,PUT,397.35,404.75,397.1,402.6,10480,216120,10.102446,83800,83726.71
2025-07-09 14:01:00,ATM+2,CALL,370,370,364.4,366.35,2760,144860,8.899094,83900,83726.71
2025-07-09 14:01:00,ATM+2,PUT,445.75,454.4,445.75,452.6,3900,81440,10.11181,83900,83726.71
2025-07-09 14:01:00,ATM+3,CALL,324,324,318,320.05,7020,340760,8.897079,84000,83726.71
2025-07-09 14:01:00,ATM+3,PUT,501.1,507.95,499.75,507.35,4540,130000,10.147229,84000,83726.71
2025-07-09 14:01:00,ATM+4,CALL,281,281,276.25,278.8,3400,92920,8.917984,84100,83726.71
2025-07-09 14:01:00,ATM+4,PUT,561.9,566,561.9,565.55,700,18160,10.179994,84100,83726.71
2025-07-09 14:01:00,ATM+5,CALL,242.8,243.1,238.35,240.3,5220,123020,8.909358,84200,83726.71
2025-07-09 14:01:00,ATM+5,PUT,628.05,628.05,627.85,627.85,40,13700,10.228024,84200,83726.71
2025-07-09 14:01:00,ATM+6,CALL,209.05,209.05,205.1,206.8,1460,83720,8.929087,84300,83726.71
2025-07-09 14:01:00,ATM+6,PUT,683.35,683.35,683.35,683.35,0,6660,10.028237,84300,83726.71
2025-07-09 14:01:00,ATM+7,CALL,178.5,178.75,174.8,176.75,2340,100160,8.943941,84400,83726.71
2025-07-09 14:01:00,ATM+7,PUT,753.1,753.1,753.1,753.1,0,5080,10.092184,84400,83726.71
2025-07-09 14:01:00,ATM+8,CALL,151.75,151.75,148.7,149.85,6920,215140,8.95039,84500,83726.71
2025-07-09 14:01:00,ATM+8,PUT,829.95,834.25,829.95,834.25,280,38260,10.378036,84500,83726.71
2025-07-09 14:01:00,ATM+9,CALL,128.2,128.2,125.5,127.1,2480,82140,8.984258,84600,83726.71
2025-07-09 14:01:00,ATM+9,PUT,910.8,910.8,910.8,910.8,0,2380,10.338711,84600,83726.71
2025-07-09 14:01:00,ATM+10,CALL,108.35,108.35,106.1,107.35,1740,98560,9.022001,84700,83726.71
2025-07-09 14:01:00,ATM+10,PUT,1012.35,1012.35,1012.35,1012.35,0,2260,10.705264,84700,83726.71
2025-07-09 14:02:00,ATM-10,CALL,1211.65,1211.65,1211.65,1211.65,0,2260,8.41846,82700,83722.19
2025-07-09 14:02:00,ATM-10,PUT,90.65,90.95,90.2,90.95,900,88160,10.601569,82700,83722.19
2025-07-09 14:02:00,ATM-9,CALL,1113.05,1113.05,1113.05,1113.05,0,2860,8.700107,82800,83722.19
2025-07-09 14:02:00,ATM-9,PUT,104.4,105,104.1,104.85,640,96540,10.504019,82800,83722.19
2025-07-09 14:02:00,ATM-8,CALL,1026.5,1026.5,1026.5,1026.5,0,3140,8.662058,82900,83722.19
2025-07-09 14:02:00,ATM-8,PUT,120.15,120.65,120.1,120.4,380,72480,10.399138,82900,83722.19
2025-07-09 14:02:00,ATM-7,CALL,953.65,953.8,945.3,945.3,420,46060,8.525405,83000,83722.19
2025-07-09 14:02:00,ATM-7,PUT,139.1,139.95,138.45,139.95,2020,240040,10.356412,83000,83722.19
2025-07-09 14:02:00,ATM-6,CALL,869.6,869.6,869.2,869.2,80,7580,8.682384,83100,83722.19
2025-07-09 14:02:00,ATM-6,PUT,160,160.9,159.7,160.9,460,77900,10.281422,83100,83722.19
2025-07-09 14:02:00,ATM-5,CALL,793.55,794.65,793,793,680,13480,8.717442,83200,83722.19
2025-07-09 14:02:00,ATM-5,PUT,184,185,184,185,480,108660,10.223033,83200,83722.19
2025-07-09 14:02:00,ATM-4,CALL,725.05,726.9,721,721,760,41080,8.77155,83300,83722.19
2025-07-09 14:02:00,ATM-4,PUT,211.7,213.1,211.15,212.65,2360,262400,10.184117,83300,83722.19
2025-07-09 14:02:00,ATM-3,CALL,655.1,656.4,655.1,656.4,80,49400,8.919726,83400,83722.19
2025-07-09 14:02:00,ATM-3,PUT,242.1,244,241.8,244,2080,129740,10.161289,83400,83722.19
2025-07-09 14:02:00,ATM-2,CALL,589.95,590.55,585,585.25,1320,313800,8.796745,83500,83722.19
2025-07-09 14:02:00,ATM-2,PUT,276,278,275.7,278,2080,513800,10.123091,83500,83722.19
2025-07-09 14:02:00,ATM-1,CALL,528.5,528.85,523.2,523.2,2780,254440,8.808459,83600,83722.19
2025-07-09 14:02:00,ATM-1,PUT,313.9,315.7,313.1,315.5,6440,404720,10.08797,83600,83722.19
2025-07-09 14:02:00,ATM,CALL,471.15,471.75,466.05,466.05,5160,325020,8.839689,83700,83722.19
2025-07-09 14:02:00,ATM,PUT,356.9,358.55,355.5,358.55,4800,314580,10.101104,83700,83722.19
2025-07-09 14:02:00,ATM+1,CALL,418,418.4,412.6,412.6,5480,325720,8.86005,83800,83722.19
2025-07-09 14:02:00,ATM+1,PUT,402.35,404.65,401.5,404.65,6460,216120,10.100677,83800,83722.19
2025-07-09 14:02:00,ATM+2,CALL,366,367.75,362.95,363.1,1980,144860,8.875422,83900,83722.19
2025-07-09 14:02:00,ATM+2,PUT,453.85,456,452.05,456,2240,81440,10.137574,83900,83722.19
2025-07-09 14:02:00,ATM+3,CALL,320.1,321,316.05,316.7,3760,340760,8.86645,84000,83722.19
2025-07-09 14:02:00,ATM+3,PUT,507.5,509.5,504.8,509.35,1920,130000,10.136563,84000,83722.19
2025-07-09 14:02:00,ATM+4,CALL,277.95,278.95,275,275,940,92920,8.871582,84100,83722.19
2025-07-09 14:02:00,ATM+4,PUT,564.65,568,564.65,568,60,18160,10.176022,84100,83722.19
2025-07-09 14:02:00,ATM+5,CALL,240.35,241,237.45,237.45,2820,123020,8.8805,84200,83722.19
2025-07-09 14:02:00,ATM+5,PUT,626,629,626,629,240,13700,10.188563,84200,83722.19
2025-07-09 14:02:00,ATM+6,CALL,206.65,207,204,204,2520,83720,8.89589,84300,83722.19
2025-07-09 14:02:00,ATM+6,PUT,683.35,683.35,683.35,683.35,0,6660,10.028237,84300,83722.19
2025-07-09 14:02:00,ATM+7,CALL,175.85,176.55,174.25,174.25,1640,100160,8.912675,84400,83722.19
2025-07-09 14:02:00,ATM+7,PUT,753.1,753.1,753.1,753.1,0,5080,10.092184,84400,83722.19
2025-07-09 14:02:00,ATM+8,CALL,149.75,150.6,148.1,148.1,2720,215140,8.934231,84500,83722.19
2025-07-09 14:02:00,ATM+8,PUT,834.25,834.25,834.25,834.25,0,38260,10.378036,84500,83722.19
2025-07-09 14:02:00,ATM+9,CALL,126.85,126.85,125.3,125.3,1620,82140,8.960991,84600,83722.19
2025-07-09 14:02:00,ATM+9,PUT,910.8,910.8,910.8,910.8,0,2380,10.338711,84600,83722.19
2025-07-09 14:02:00,ATM+10,CALL,106.85,107.6,105.4,105.4,1600,98560,8.987437,84700,83722.19
2025-07-09 14:02:00,ATM+10,PUT,1012.35,1012.35,1012.35,1012.35,0,2260,10.705264,84700,83722.19
2025-07-09 14:03:00,ATM-10,CALL,1211.65,1211.65,1211.65,1211.65,0,2260,8.41846,82700,83716.45
2025-07-09 14:03:00,ATM-10,PUT,90.95,91.6,90.9,90.95,2280,90280,10.567676,82700,83716.45
2025-07-09 14:03:00,ATM-9,CALL,1113.05,1113.05,1113.05,1113.05,0,2860,8.700107,82800,83716.45
2025-07-09 14:03:00,ATM-9,PUT,104.8,105.35,104.8,105,160,97360,10.474084,82800,83716.45
2025-07-09 14:03:00,ATM-8,CALL,1026.5,1026.5,1026.5,1026.5,0,3140,8.662058,82900,83716.45
2025-07-09 14:03:00,ATM-8,PUT,121.5,121.75,120.85,120.95,1560,72600,10.380696,82900,83716.45
2025-07-09 14:03:00,ATM-7,CALL,943.55,945.6,943.55,943.8,440,45860,8.642903,83000,83716.45
2025-07-09 14:03:00,ATM-7,PUT,140,140.9,139.5,140.65,6120,241540,10.339519,83000,83716.45
2025-07-09 14:03:00,ATM-6,CALL,869.2,869.2,869.2,869.2,0,7580,8.682384,83100,83716.45
2025-07-09 14:03:00,ATM-6,PUT,161,162.1,161,161.6,780,77540,10.261175,83100,83716.45
2025-07-09 14:03:00,ATM-5,CALL,793,793,793,793,0,13480,8.717442,83200,83716.45
2025-07-09 14:03:00,ATM-5,PUT,186,186.85,185.8,185.8,3900,96800,10.202184,83200,83716.45
2025-07-09 14:03:00,ATM-4,CALL,721.2,721.2,717.3,718.8,740,41220,8.826622,83300,83716.45
2025-07-09 14:03:00,ATM-4,PUT,213.5,214.75,212.5,214,1260,258480,10.174249,83300,83716.45
2025-07-09 14:03:00,ATM-3,CALL,650,651.25,646.5,649.6,440,49080,8.845728,83400,83716.45
2025-07-09 14:03:00,ATM-3,PUT,244.25,245.4,243.55,244.85,1800,129320,10.134418,83400,83716.45
2025-07-09 14:03:00,ATM-2,CALL,585.2,585.2,581,583,2820,311420,8.834397,83500,83716.45
2025-07-09 14:03:00,ATM-2,PUT,278.45,280.3,277,279.2,4480,518500,10.101,83500,83716.45
2025-07-09 14:03:00,ATM-1,CALL,522,523.4,519,520.5,9560,254940,8.82844,83600,83716.45
2025-07-09 14:03:00,ATM-1,PUT,315.95,318,315.25,317.5,4320,404740,10.080812,83600,83716.45
2025-07-09 14:03:00,ATM,CALL,465.9,465.9,462.1,463.6,18500,323760,8.859529,83700,83716.45
2025-07-09 14:03:00,ATM,PUT,358.95,362,358,360.7,23740,317340,10.092736,83700,83716.45
2025-07-09 14:03:00,ATM+1,CALL,412.55,413.75,410,411.35,12360,338240,8.902029,83800,83716.45
2025-07-09 14:03:00,ATM+1,PUT,405.6,408,403.5,408,10720,224320,10.115449,83800,83716.45
2025-07-09 14:03:00,ATM+2,CALL,362.4,362.95,359.85,362.1,5020,144080,8.917595,83900,83716.45
2025-07-09 14:03:00,ATM+2,PUT,454.5,458.4,454.5,457.75,3020,83620,10.110252,83900,83716.45
2025-07-09 14:03:00,ATM+3,CALL,316.5,316.55,313.95,316,6960,343200,8.910471,84000,83716.45
2025-07-09 14:03:00,ATM+3,PUT,509.35,512.1,509.35,510.2,6900,129540,10.08307,84000,83716.45
2025-07-09 14:03:00,ATM+4,CALL,274.55,274.55,272.6,273.45,2960,94600,8.890519,84100,83716.45
2025-07-09 14:03:00,ATM+4,PUT,568,570.85,568,570.85,40,18460,10.164404,84100,83716.45
2025-07-09 14:03:00,ATM+5,CALL,237.2,237.6,235.65,237.15,5140,119160,8.92529,84200,83716.45
2025-07-09 14:03:00,ATM+5,PUT,629.5,633,629.5,631.3,120,14960,10.158381,84200,83716.45
2025-07-09 14:03:00,ATM+6,CALL,203.35,203.95,202.5,203,1480,83880,8.918908,84300,83716.45
2025-07-09 14:03:00,ATM+6,PUT,683.35,683.35,683.35,683.35,0,6660,10.028237,84300,83716.45
2025-07-09 14:03:00,ATM+7,CALL,174.1,174.1,172.55,173.7,2540,100760,8.94348,84400,83716.45
2025-07-09 14:03:00,ATM+7,PUT,767.9,768,767.9,768,40,5100,10.292028,84400,83716.45
2025-07-09 14:03:00,ATM+8,CALL,147.8,148.1,147,147.5,6080,222340,8.959924,84500,83716.45
2025-07-09 14:03:00,ATM+8,PUT,841.55,841.75,841.2,841.2,620,38420,10.368731,84500,83716.45
2025-07-09 14:03:00,ATM+9,CALL,124.75,124.8,124,124.65,2620,83060,8.981428,84600,83716.45
2025-07-09 14:03:00,ATM+9,PUT,910.8,910.8,910.8,910.8,0,2380,10.338711,84600,83716.45
2025-07-09 14:03:00,ATM+10,CALL,105.35,105.55,104.55,104.95,1580,96780,9.010705,84700,83716.45
2025-07-09 14:03:00,ATM+10,PUT,1012.35,1012.35,1012.35,1012.35,0,2260,10.705264,84700,83716.45
2025-07-09 14:04:00,ATM-10,CALL,1211.65,1211.65,1211.65,1211.65,0,2260,8.41846,82700,83717.17
2025-07-09 14:04:00,ATM-10,PUT,91.3,91.5,90.55,91.4,1560,90280,10.59019,82700,83717.17
2025-07-09 14:04:00,ATM-9,CALL,1113.05,1113.05,1113.05,1113.05,0,2860,8.700107,82800,83717.17
2025-07-09 14:04:00,ATM-9,PUT,105.05,105.7,104.55,105.15,620,97360,10.484538,82800,83717.17
2025-07-09 14:04:00,ATM-8,CALL,1026.5,1026.5,1026.5,1026.5,0,3140,8.662058,82900,83717.17
2025-07-09 14:04:00,ATM-8,PUT,121.1,121.95,120.45,121.3,340,72600,10.397702,82900,83717.17
2025-07-09 14:04:00,ATM-7,CALL,944.3,944.3,944.3,944.3,100,45860,8.640554,83000,83717.17
2025-07-09 14:04:00,ATM-7,PUT,140.2,140.8,139.35,140.8,3400,241540,10.34966,83000,83717.17
2025-07-09 14:04:00,ATM-6,CALL,869.2,869.2,869.2,869.2,0,7580,8.682384,83100,83717.17
2025-07-09 14:04:00,ATM-6,PUT,162.05,162.05,160.5,160.5,200,77540,10.234357,83100,83717.17
2025-07-09 14:04:00,ATM-5,CALL,792.3,792.3,792.3,792.3,20,13220,8.811792,83200,83717.17
2025-07-09 14:04:00,ATM-5,PUT,185.9,186.5,185,185.65,1140,96800,10.203944,83200,83717.17
2025-07-09 14:04:00,ATM-4,CALL,715,719.5,715,718.05,240,41220,8.792271,83300,83717.17
2025-07-09 14:04:00,ATM-4,PUT,213.65,215.05,213,214.2,620,258480,10.185804,83300,83717.17
2025-07-09 14:04:00,ATM-3,CALL,648.75,649.85,647.55,649.05,560,49080,8.819233,83400,83717.17
2025-07-09 14:04:00,ATM-3,PUT,245,246,243.25,245.7,1640,129320,10.162615,83400,83717.17
2025-07-09 14:04:00,ATM-2,CALL,581.35,585,581.35,582.1,2580,311420,8.801023,83500,83717.17
2025-07-09 14:04:00,ATM-2,PUT,280,280.3,277.3,279.35,2840,518500,10.111653,83500,83717.17
2025-07-09 14:04:00,ATM-1,CALL,520.45,523.9,519.4,521.4,4580,254940,8.84033,83600,83717.17
2025-07-09 14:04:00,ATM-1,PUT,317.8,318,315.45,316.95,3400,404740,10.075042,83600,83717.17
2025-07-09 14:04:00,ATM,CALL,463.15,465.85,462.6,464.05,6980,323760,8.861232,83700,83717.17
2025-07-09 14:04:00,ATM,PUT,360.4,361.2,358.3,359,7120,317340,10.06065,83700,83717.17
2025-07-09 14:04:00,ATM+1,CALL,412.15,413.6,410.6,411.95,8620,338240,8.907893,83800,83717.17
2025-07-09 14:04:00,ATM+1,PUT,407.4,408,405.15,406.5,6920,224320,10.088929,83800,83717.17
2025-07-09 14:04:00,ATM+2,CALL,360.8,362.95,360.1,361.35,2560,144080,8.892736,83900,83717.17
2025-07-09 14:04:00,ATM+2,PUT,458,459,455.25,458.3,3980,83620,10.132023,83900,83717.17
2025-07-09 14:04:00,ATM+3,CALL,315.55,316.5,314.35,315.3,5320,343200,8.887225,84000,83717.17
2025-07-09 14:04:00,ATM+3,PUT,512,512.35,508.8,512.35,1820,129540,10.143066,84000,83717.17
2025-07-09 14:04:00,ATM+4,CALL,273.45,275,272.85,273.35,960,94600,8.881847,84100,83717.17
2025-07-09 14:04:00,ATM+4,PUT,572,572,567.2,571.15,100,18460,10.181917,84100,83717.17
2025-07-09 14:04:00,ATM+5,CALL,236.35,237.55,235.65,235.95,980,119160,8.88983,84200,83717.17
2025-07-09 14:04:00,ATM+5,PUT,633,633.2,630.95,633.2,220,14960,10.215847,84200,83717.17
2025-07-09 14:04:00,ATM+6,CALL,203.05,203.95,201.9,201.9,1480,83880,8.885182,84300,83717.17
2025-07-09 14:04:00,ATM+6,PUT,700.3,700.3,700.3,700.3,20,7220,10.292709,84300,83717.17
2025-07-09 14:04:00,ATM+7,CALL,173.5,173.9,172.65,172.8,1180,100760,8.914057,84400,83717.17
2025-07-09 14:04:00,ATM+7,PUT,767.45,767.45,767.45,767.45,20,5100,10.290843,84400,83717.17
2025-07-09 14:04:00,ATM+8,CALL,146.85,147.9,146.3,146.65,4700,222340,8.930724,84500,83717.17
2025-07-09 14:04:00,ATM+8,PUT,840.7,840.7,840.7,840.7,20,38420,10.3694,84500,83717.17
2025-07-09 14:04:00,ATM+9,CALL,124.4,125.05,123.5,123.9,900,83060,8.953812,84600,83717.17
2025-07-09 14:04:00,ATM+9,PUT,910.8,910.8,910.8,910.8,0,2380,10.338711,84600,83717.17
2025-07-09 14:04:00,ATM+10,CALL,104.75,105.65,104.05,104.1,1580,96780,8.97805,84700,83717.17
2025-07-09 14:04:00,ATM+10,PUT,1012.35,1012.35,1012.35,1012.35,0,2260,10.705264,84700,83717.17
2025-07-09 14:05:00,ATM-10,CALL,1211.65,1211.65,1211.65,1211.65,0,2260,8.41846,82700,83706.09
2025-07-09 14:05:00,ATM-10,PUT,91.05,93.05,90.95,93.05,1000,90280,10.588518,82700,83706.09
2025-07-09 14:05:00,ATM-9,CALL,1113.05,1113.05,1113.05,1113.05,0,2860,8.700107,82800,83706.09
2025-07-09 14:05:00,ATM-9,PUT,105.05,107.2,104.7,107.2,2540,97360,10.489607,82800,83706.09
2025-07-09 14:05:00,ATM-8,CALL,1017.5,1017.5,1017.5,1017.5,100,3140,8.615695,82900,83706.09
2025-07-09 14:05:00,ATM-8,PUT,120.9,123.7,120.9,123.7,2300,72600,10.406014,82900,83706.09
2025-07-09 14:05:00,ATM-7,CALL,940,940,932.3,933.8,400,45860,8.59203,83000,83706.09
2025-07-09 14:05:00,ATM-7,PUT,140.05,143.15,140.05,142.65,6020,241540,10.331729,83000,83706.09
2025-07-09 14:05:00,ATM-6,CALL,869.2,869.2,869.2,869.2,0,7580,8.682384,83100,83706.09
2025-07-09 14:05:00,ATM-6,PUT,161.65,164.7,161.15,164.05,1240,77540,10.259165,83100,83706.09
2025-07-09 14:05:00,ATM-5,CALL,789.35,789.35,789.35,789.35,20,13220,8.971406,83200,83706.09
2025-07-09 14:05:00,ATM-5,PUT,186.05,189.8,185.65,189.45,1980,96800,10.225418,83200,83706.09
2025-07-09 14:05:00,ATM-4,CALL,720,720,708.35,710.4,1000,41220,8.802561,83300,83706.09
2025-07-09 14:05:00,ATM-4,PUT,213.95,217.9,213.5,217.9,2020,258480,10.19457,83300,83706.09
2025-07-09 14:05:00,ATM-3,CALL,648.55,649.95,638.5,638.5,680,49080,8.742779,83400,83706.09
2025-07-09 14:05:00,ATM-3,PUT,244.95,249.3,244.05,249.3,2540,129320,10.159412,83400,83706.09
2025-07-09 14:05:00,ATM-2,CALL,584,584.45,573.1,574.45,9900,311420,8.789604,83500,83706.09
2025-07-09 14:05:00,ATM-2,PUT,278.45,284.1,278.1,283.45,10280,518500,10.111723,83500,83706.09
2025-07-09 14:05:00,ATM-1,CALL,521.95,522.45,511.75,512.85,6460,254940,8.796866,83600,83706.09
2025-07-09 14:05:00,ATM-1,PUT,316.8,322.35,316.05,320.45,10100,404740,10.051551,83600,83706.09
2025-07-09 14:05:00,ATM,CALL,464.9,465.1,454.6,455.1,21700,323760,8.798608,83700,83706.09
2025-07-09 14:05:00,ATM,PUT,359.95,366,359,366,21980,317340,10.110344,83700,83706.09
2025-07-09 14:05:00,ATM+1,CALL,412.95,413.15,403,404,29000,338240,8.858514,83800,83706.09
2025-07-09 14:05:00,ATM+1,PUT,407.1,413.65,405,413.15,27340,224320,10.120609,83800,83706.09
2025-07-09 14:05:00,ATM+2,CALL,361.35,362,353.45,354.4,6360,144080,8.855923,83900,83706.09
2025-07-09 14:05:00,ATM+2,PUT,457.6,464.4,455.45,464.4,3700,83620,10.141482,83900,83706.09
2025-07-09 14:05:00,ATM+3,CALL,315.45,316,308.3,309.8,16760,343200,8.873339,84000,83706.09
2025-07-09 14:05:00,ATM+3,PUT,510.9,519,510.55,519,2000,129540,10.156078,84000,83706.09
2025-07-09 14:05:00,ATM+4,CALL,273.95,274.1,267.45,267.5,7640,94600,8.848384,84100,83706.09
2025-07-09 14:05:00,ATM+4,PUT,569.65,576.2,569.3,576.2,260,18460,10.147626,84100,83706.09
2025-07-09 14:05:00,ATM+5,CALL,236.6,236.6,230.25,231.15,3660,119160,8.870472,84200,83706.09
2025-07-09 14:05:00,ATM+5,PUT,631.7,641.45,631.7,641.45,260,14960,10.249505,84200,83706.09
2025-07-09 14:05:00,ATM+6,CALL,202.3,203.1,197.7,197.7,3520,83880,8.869543,84300,83706.09
2025-07-09 14:05:00,ATM+6,PUT,696.85,703,696.85,703,340,7220,10.17838,84300,83706.09
2025-07-09 14:05:00,ATM+7,CALL,172.85,173.1,168.4,168.4,2080,100760,8.881282,84400,83706.09
2025-07-09 14:05:00,ATM+7,PUT,767.45,767.45,767.45,767.45,0,5100,10.290843,84400,83706.09
2025-07-09 14:05:00,ATM+8,CALL,146.8,147,143.1,143.15,9960,222340,8.91112,84500,83706.09
2025-07-09 14:05:00,ATM+8,PUT,841,845,841,845,340,38420,10.269889,84500,83706.09
2025-07-09 14:05:00,ATM+9,CALL,123.5,123.9,120.6,120.85,3220,83060,8.935968,84600,83706.09
2025-07-09 14:05:00,ATM+9,PUT,910.8,910.8,910.8,910.8,0,2380,10.338711,84600,83706.09
2025-07-09 14:05:00,ATM+10,CALL,104.35,104.5,101.4,101.65,5700,96780,8.968239,84700,83706.09
2025-07-09 14:05:00,ATM+10,PUT,1012.35,1012.35,1012.35,1012.35,0,2260,10.705264,84700,83706.09
2025-07-09 14:06:00,ATM-10,CALL,1211.65,1211.65,1211.65,1211.65,0,2260,8.41846,82700,83714.43
2025-07-09 14:06:00,ATM-10,PUT,92.75,93.85,92.75,93.6,1800,89960,10.660732,82700,83714.43
2025-07-09 14:06:00,ATM-9,CALL,1113.05,1113.05,1113.05,1113.05,0,2860,8.700107,82800,83714.43
2025-07-09 14:06:00,ATM-9,PUT,107,108.2,106.85,107.75,1180,97620,10.562383,82800,83714.43
2025-07-09 14:06:00,ATM-8,CALL,1017.5,1017.5,1017.5,1017.5,0,3140,8.615695,82900,83714.43
2025-07-09 14:06:00,ATM-8,PUT,123.3,124.85,123.3,124.5,780,72240,10.488155,82900,83714.43
2025-07-09 14:06:00,ATM-7,CALL,932,933.35,925.7,930.1,520,45960,8.207252,83000,83714.43
2025-07-09 14:06:00,ATM-7,PUT,142.55,144,142.5,143,2960,241880,10.400708,83000,83714.43
2025-07-09 14:06:00,ATM-6,CALL,851,851.2,851,851.2,120,7540,8.297189,83100,83714.43
2025-07-09 14:06:00,ATM-6,PUT,164.15,165.9,164.05,165.65,860,77540,10.367127,83100,83714.43
2025-07-09 14:06:00,ATM-5,CALL,777.8,779.85,775,778.15,320,12800,8.452609,83200,83714.43
2025-07-09 14:06:00,ATM-5,PUT,189.45,191.4,189.3,189.5,2940,96800,10.291118,83200,83714.43
2025-07-09 14:06:00,ATM-4,CALL,708.25,709.5,703.2,708.6,2540,41220,8.586437,83300,83714.43
2025-07-09 14:06:00,ATM-4,PUT,218.05,219,217.4,218.4,2820,258420,10.275778,83300,83714.43
2025-07-09 14:06:00,ATM-3,CALL,640,640.2,638.4,640.2,540,49160,8.638334,83400,83714.43
2025-07-09 14:06:00,ATM-3,PUT,248.5,251,248.45,249.05,2640,129320,10.225122,83400,83714.43
2025-07-09 14:06:00,ATM-2,CALL,573.85,575.85,567.5,575.85,10240,311420,8.690734,83500,83714.43
2025-07-09 14:06:00,ATM-2,PUT,283.8,286,282.9,283.3,9500,516940,10.184576,83500,83714.43
2025-07-09 14:06:00,ATM-1,CALL,513.85,514,508.65,514,6760,256800,8.703428,83600,83714.43
2025-07-09 14:06:00,ATM-1,PUT,322,324.4,321.5,322,12960,404740,10.170123,83600,83714.43
2025-07-09 14:06:00,ATM,CALL,456.6,456.6,452.15,456.45,20180,322800,8.720131,83700,83714.43
2025-07-09 14:06:00,ATM,PUT,365.2,368.9,364.15,364.7,25080,316820,10.167015,83700,83714.43
2025-07-09 14:06:00,ATM+1,CALL,403.25,405.2,400,405.05,17060,342760,8.782128,83800,83714.43
2025-07-09 14:06:00,ATM+1,PUT,412.7,415.95,412.5,413.5,11460,225680,10.222222,83800,83714.43
2025-07-09 14:06:00,ATM+2,CALL,354.8,354.8,350.25,354.8,8400,145820,8.772562,83900,83714.43
2025-07-09 14:06:00,ATM+2,PUT,464.55,467,463,463.15,4340,83120,10.212849,83900,83714.43
2025-07-09 14:06:00,ATM+3,CALL,309,310,305.3,310,11160,345360,8.792515,84000,83714.43
2025-07-09 14:06:00,ATM+3,PUT,517.15,522,517.15,518.7,4260,128500,10.257269,84000,83714.43
2025-07-09 14:06:00,ATM+4,CALL,268.7,268.7,265,268,2780,93600,8.781207,84100,83714.43
2025-07-09 14:06:00,ATM+4,PUT,576.6,579.45,576.6,576.8,160,18400,10.278886,84100,83714.43
2025-07-09 14:06:00,ATM+5,CALL,231.3,232,228.7,232,10340,122160,8.817897,84200,83714.43
2025-07-09 14:06:00,ATM+5,PUT,639.35,644.6,639.35,642,1260,14840,10.38938,84200,83714.43
2025-07-09 14:06:00,ATM+6,CALL,198.45,199.2,196.25,197.95,3100,86120,8.807339,84300,83714.43
2025-07-09 14:06:00,ATM+6,PUT,709.2,709.2,707.45,707.45,120,7220,10.427881,84300,83714.43
2025-07-09 14:06:00,ATM+7,CALL,168.95,169.5,167.55,169.5,2040,101220,8.847007,84400,83714.43
2025-07-09 14:06:00,ATM+7,PUT,780.65,780.65,780,780,40,5080,10.569347,84400,83714.43
2025-07-09 14:06:00,ATM+8,CALL,143.3,144.1,142,144,8440,226300,8.875415,84500,83714.43
2025-07-09 14:06:00,ATM+8,PUT,851.1,854.9,850.65,854.25,200,38200,10.685026,84500,83714.43
2025-07-09 14:06:00,ATM+9,CALL,121,122.1,120,122.1,3120,82200,8.918085,84600,83714.43
2025-07-09 14:06:00,ATM+9,PUT,910.8,910.8,910.8,910.8,0,2380,10.338711,84600,83714.43
2025-07-09 14:06:00,ATM+10,CALL,102.35,102.65,101,102.55,2640,96480,8.944959,84700,83714.43
2025-07-09 14:06:00,ATM+10,PUT,1012.35,1012.35,1012.35,1012.35,0,2260,10.705264,84700,83714.43
2025-07-09 14:07:00,ATM-10,CALL,1211.65,1211.65,1211.65,1211.65,0,2260,8.41846,82700,83708.9
2025-07-09 14:07:00,ATM-10,PUT,92.7,92.7,90.6,91,1460,89960,10.526361,82700,83708.9
2025-07-09 14:07:00,ATM-9,CALL,1113.05,1113.05,1113.05,1113.05,0,2860,8.700107,82800,83708.9
2025-07-09 14:07:00,ATM-9,PUT,105.9,106.1,104.5,105.35,1880,97620,10.44148,82800,83708.9
2025-07-09 14:07:00,ATM-8,CALL,1025.35,1025.35,1025.35,1025.35,20,3140,8.830926,82900,83708.9
2025-07-09 14:07:00,ATM-8,PUT,123,123,121.05,121.4,3660,72240,10.348352,82900,83708.9
2025-07-09 14:07:00,ATM-7,CALL,938.2,945,938.2,944.8,380,45960,8.898952,83000,83708.9
2025-07-09 14:07:00,ATM-7,PUT,142.4,142.4,139.3,139.3,4400,241880,10.247141,83000,83708.9
2025-07-09 14:07:00,ATM-6,CALL,851.2,851.2,851.2,851.2,0,7540,8.297189,83100,83708.9
2025-07-09 14:07:00,ATM-6,PUT,163.7,163.7,161.05,161.05,1280,77540,10.192274,83100,83708.9
2025-07-09 14:07:00,ATM-5,CALL,789.05,789.05,789.05,789.05,80,12800,8.902607,83200,83708.9
2025-07-09 14:07:00,ATM-5,PUT,188.55,188.55,185.2,185.35,1640,96800,10.133953,83200,83708.9
2025-07-09 14:07:00,ATM-4,CALL,715.5,719.8,713.9,717.9,2620,41220,8.954734,83300,83708.9
2025-07-09 14:07:00,ATM-4,PUT,216.5,216.5,213,213,1620,258420,10.088688,83300,83708.9
2025-07-09 14:07:00,ATM-3,CALL,645.5,649.45,645.05,648.65,340,49160,8.958464,83400,83708.9
2025-07-09 14:07:00,ATM-3,PUT,248,248,243.05,243.4,1840,129320,10.034806,83400,83708.9
2025-07-09 14:07:00,ATM-2,CALL,577.7,585,577.7,582.9,6040,311420,8.956313,83500,83708.9
2025-07-09 14:07:00,ATM-2,PUT,282,282,277.4,278.55,7100,516940,10.01812,83500,83708.9
2025-07-09 14:07:00,ATM-1,CALL,515.25,522.7,515.25,521,3460,256800,8.953624,83600,83708.9
2025-07-09 14:07:00,ATM-1,PUT,320.4,320.4,316.35,316.35,8600,404740,9.98177,83600,83708.9
2025-07-09 14:07:00,ATM,CALL,457.9,465,457.9,464,17560,322800,8.972289,83700,83708.9
2025-07-09 14:07:00,ATM,PUT,364.2,364.2,357.75,358.45,15100,316820,9.96317,83700,83708.9
2025-07-09 14:07:00,ATM+1,CALL,406.1,412.95,406.1,410.9,12420,342760,8.986418,83800,83708.9
2025-07-09 14:07:00,ATM+1,PUT,410.5,410.5,404.7,405,10620,225680,9.963146,83800,83708.9
2025-07-09 14:07:00,ATM+2,CALL,355.9,362,355.9,361,4100,145820,8.979493,83900,83708.9
2025-07-09 14:07:00,ATM+2,PUT,459.9,461.85,454.9,456.25,2580,83120,9.986443,83900,83708.9
2025-07-09 14:07:00,ATM+3,CALL,312,315.75,312,315,11300,345360,8.967966,84000,83708.9
2025-07-09 14:07:00,ATM+3,PUT,515.1,515.1,508.95,509.1,2400,128500,9.961093,84000,83708.9
2025-07-09 14:07:00,ATM+4,CALL,270.65,274.8,270.65,273.25,2080,93600,8.960956,84100,83708.9
2025-07-09 14:07:00,ATM+4,PUT,571,571,571,571,20,18400,10.063828,84100,83708.9
2025-07-09 14:07:00,ATM+5,CALL,232,236.9,232,235.55,5400,122160,8.955878,84200,83708.9
2025-07-09 14:07:00,ATM+5,PUT,637.45,637.45,630,630,200,14840,10.013269,84200,83708.9
2025-07-09 14:07:00,ATM+6,CALL,199.65,204.45,199.65,203.2,2460,86120,8.98975,84300,83708.9
2025-07-09 14:07:00,ATM+6,PUT,697.3,697.3,697.3,697.3,20,7220,10.08177,84300,83708.9
2025-07-09 14:07:00,ATM+7,CALL,171,174.2,171,173,2300,101220,8.986133,84400,83708.9
2025-07-09 14:07:00,ATM+7,PUT,780,780,780,780,0,5080,10.569347,84400,83708.9
2025-07-09 14:07:00,ATM+8,CALL,144.4,147.95,144.35,147.1,5560,226300,9.006458,84500,83708.9
2025-07-09 14:07:00,ATM+8,PUT,843.3,843.3,840,840,60,38200,10.188429,84500,83708.9
2025-07-09 14:07:00,ATM+9,CALL,122.35,125,122.35,124.15,1560,82200,9.020786,84600,83708.9
2025-07-09 14:07:00,ATM+9,PUT,910.8,910.8,910.8,910.8,0,2380,10.338711,84600,83708.9
2025-07-09 14:07:00,ATM+10,CALL,103,105.6,103,104.85,3660,96480,9.059362,84700,83708.9
2025-07-09 14:07:00,ATM+10,PUT,1012.35,1012.35,1012.35,1012.35,0,2260,10.705264,84700,83708.9
2025-07-09 14:08:00,ATM-10,CALL,1211.65,1211.65,1211.65,1211.65,0,2260,8.41846,82700,83716.08
2025-07-09 14:08:00,ATM-10,PUT,91,91.3,90.45,90.45,620,89960,10.548319,82700,83716.08
2025-07-09 14:08:00,ATM-9,CALL,1113.05,1113.05,1113.05,1113.05,0,2860,8.700107,82800,83716.08
2025-07-09 14:08:00,ATM-9,PUT,105.05,105.6,104.6,104.95,3740,97620,10.472451,82800,83716.08
2025-07-09 14:08:00,ATM-8,CALL,1025.35,1025.35,1025.35,1025.35,0,3140,8.830926,82900,83716.08
2025-07-09 14:08:00,ATM-8,PUT,121.15,121.7,120.1,120.9,900,72240,10.379038,82900,83716.08
2025-07-09 14:08:00,ATM-7,CALL,944.95,948.8,944.95,948,1280,45960,8.807155,83000,83716.08
2025-07-09 14:08:00,ATM-7,PUT,139.9,140.4,138.45,139,2620,241880,10.287475,83000,83716.08
2025-07-09 14:08:00,ATM-6,CALL,851.2,851.2,851.2,851.2,0,7540,8.297189,83100,83716.08
2025-07-09 14:08:00,ATM-6,PUT,160.6,161.05,160,160.8,1160,77540,10.237242,83100,83716.08
2025-07-09 14:08:00,ATM-5,CALL,793.15,793.15,793.15,793.15,40,12800,8.864781,83200,83716.08
2025-07-09 14:08:00,ATM-5,PUT,185.75,186.35,183.85,184.35,1840,96800,10.161218,83200,83716.08
2025-07-09 14:08:00,ATM-4,CALL,717.55,720,716.65,718.15,900,41220,8.820137,83300,83716.08
2025-07-09 14:08:00,ATM-4,PUT,213.65,213.65,211.95,212.1,1380,258420,10.123122,83300,83716.08
2025-07-09 14:08:00,ATM-3,CALL,649,649.25,648.8,649.25,200,49160,8.847156,83400,83716.08
2025-07-09 14:08:00,ATM-3,PUT,243.4,244.6,242.1,242.85,1960,129320,10.082607,83400,83716.08
2025-07-09 14:08:00,ATM-2,CALL,583,585.3,581.5,583,7040,311420,8.844185,83500,83716.08
2025-07-09 14:08:00,ATM-2,PUT,277.3,278.9,276,277.5,9760,516940,10.058034,83500,83716.08
2025-07-09 14:08:00,ATM-1,CALL,521.4,523.2,519.15,522.9,3640,256800,8.895448,83600,83716.08
2025-07-09 14:08:00,ATM-1,PUT,316.15,317.05,313.65,314.6,7160,404740,10.009932,83600,83716.08
2025-07-09 14:08:00,ATM,CALL,463.95,466,462.55,465,9420,322800,8.901066,83700,83716.08
2025-07-09 14:08:00,ATM,PUT,357.7,359.85,356.3,356.35,6260,316820,9.988716,83700,83716.08
2025-07-09 14:08:00,ATM+1,CALL,410.85,413.85,410.05,413.55,10100,342760,8.961308,83800,83716.08
2025-07-09 14:08:00,ATM+1,PUT,405.6,406.9,402,403,6840,225680,9.996936,83800,83716.08
2025-07-09 14:08:00,ATM+2,CALL,360.65,363,359.65,362.45,4200,145820,8.933345,83900,83716.08
2025-07-09 14:08:00,ATM+2,PUT,455.85,456.5,452.5,455.05,360,83120,10.044972,83900,83716.08
2025-07-09 14:08:00,ATM+3,CALL,314.6,316.7,313.8,315.95,8360,345360,8.916518,84000,83716.08
2025-07-09 14:08:00,ATM+3,PUT,509.9,511,507,509,3640,128500,10.052035,84000,83716.08
2025-07-09 14:08:00,ATM+4,CALL,273.65,275.05,272.9,274.95,1460,93600,8.933348,84100,83716.08
2025-07-09 14:08:00,ATM+4,PUT,568.75,568.75,567,567,220,18400,10.069416,84100,83716.08
2025-07-09 14:08:00,ATM+5,CALL,235.9,237.55,235.25,237,5120,122160,8.928168,84200,83716.08
2025-07-09 14:08:00,ATM+5,PUT,629.85,630.5,629.7,629.7,180,14840,10.115485,84200,83716.08
2025-07-09 14:08:00,ATM+6,CALL,202.95,204.35,202.5,203.5,1820,86120,8.938107,84300,83716.08
2025-07-09 14:08:00,ATM+6,PUT,697.3,697.3,697.3,697.3,0,7220,10.08177,84300,83716.08
2025-07-09 14:08:00,ATM+7,CALL,173.1,174.15,172.9,173.7,480,101220,8.949565,84400,83716.08
2025-07-09 14:08:00,ATM+7,PUT,766.9,766.9,766.9,766.9,20,5080,10.25819,84400,83716.08
2025-07-09 14:08:00,ATM+8,CALL,147.2,148.3,146.8,147.4,3900,226300,8.962916,84500,83716.08
2025-07-09 14:08:00,ATM+8,PUT,840,840,837,838,180,38200,10.275429,84500,83716.08
2025-07-09 14:08:00,ATM+9,CALL,124.05,125.45,124.05,124.75,380,82200,8.990219,84600,83716.08
2025-07-09 14:08:00,ATM+9,PUT,916,916,916,916,20,2280,10.407002,84600,83716.08
2025-07-09 14:08:00,ATM+10,CALL,104.6,105.85,104.6,104.85,1660,96480,9.01288,84700,83716.08
2025-07-09 14:08:00,ATM+10,PUT,1012.35,1012.35,1012.35,1012.35,0,2260,10.705264,84700,83716.08
2025-07-09 14:09:00,ATM-10,CALL,1196.4,1196.4,1194,1194,80,2260,8.108763,82700,83720.01
2025-07-09 14:09:00,ATM-10,PUT,90.45,92,90.3,92,2160,89640,10.633349,82700,83720.01
2025-07-09 14:09:00,ATM-9,CALL,1113.05,1113.05,1113.05,1113.05,0,2860,8.700107,82800,83720.01
2025-07-09 14:09:00,ATM-9,PUT,103.9,106.1,103.9,106.1,1980,97420,10.539308,82800,83720.01
2025-07-09 14:09:00,ATM-8,CALL,1025.35,1025.35,1025.35,1025.35,0,3140,8.830926,82900,83720.01
2025-07-09 14:09:00,ATM-8,PUT,120,121.55,119.8,121.55,1120,73400,10.427182,82900,83720.01
2025-07-09 14:09:00,ATM-7,CALL,945.8,945.8,945.8,945.8,100,45940,8.615251,83000,83720.01
2025-07-09 14:09:00,ATM-7,PUT,138.85,141.75,138.5,141.05,2220,242320,10.37945,83000,83720.01
2025-07-09 14:09:00,ATM-6,CALL,851.2,851.2,851.2,851.2,0,7540,8.297189,83100,83720.01
2025-07-09 14:09:00,ATM-6,PUT,160.55,162.55,160.55,162.2,820,77680,10.307432,83100,83720.01
2025-07-09 14:09:00,ATM-5,CALL,793.15,793.15,793.15,793.15,0,12800,8.864781,83200,83720.01
2025-07-09 14:09:00,ATM-5,PUT,184,187.4,183.75,187.4,760,94960,10.276686,83200,83720.01
2025-07-09 14:09:00,ATM-4,CALL,720.1,720.1,714,714,260,42560,8.62628,83300,83720.01
2025-07-09 14:09:00,ATM-4,PUT,211.55,215.7,211.1,214.9,1420,257540,10.22952,83300,83720.01
2025-07-09 14:09:00,ATM-3,CALL,652.75,652.75,645,645,200,49380,8.665672,83400,83720.01
2025-07-09 14:09:00,ATM-3,PUT,242,246.1,241.8,245.9,1740,128400,10.194181,83400,83720.01
2025-07-09 14:09:00,ATM-2,CALL,585.2,586.5,578.05,579.1,3500,315280,8.68352,83500,83720.01
2025-07-09 14:09:00,ATM-2,PUT,276.5,281,275.7,281,6760,513280,10.180146,83500,83720.01
2025-07-09 14:09:00,ATM-1,CALL,523,524.8,516.75,518.15,2800,258520,8.723705,83600,83720.01
2025-07-09 14:09:00,ATM-1,PUT,313.6,318.8,313.5,318.8,4900,408160,10.148913,83600,83720.01
2025-07-09 14:09:00,ATM,CALL,465.95,466.95,460.05,460.3,8620,320340,8.738307,83700,83720.01
2025-07-09 14:09:00,ATM,PUT,356,361.65,355.2,360.2,11960,314140,10.120288,83700,83720.01
2025-07-09 14:09:00,ATM+1,CALL,414.05,414.3,407.9,409.05,13680,332000,8.809041,83800,83720.01
2025-07-09 14:09:00,ATM+1,PUT,403.2,408.85,401.65,407.5,3500,235300,10.145715,83800,83720.01
2025-07-09 14:09:00,ATM+2,CALL,363,363.8,358,358.8,6500,146880,8.804844,83900,83720.01
2025-07-09 14:09:00,ATM+2,PUT,453,459.1,451.85,459.1,1140,82580,10.186439,83900,83720.01
2025-07-09 14:09:00,ATM+3,CALL,317,317,311.65,312.6,9800,345860,8.797638,84000,83720.01
2025-07-09 14:09:00,ATM+3,PUT,507,514.1,505.85,512.2,1820,128380,10.177939,84000,83720.01
2025-07-09 14:09:00,ATM+4,CALL,275.75,275.8,271,271.35,2040,95600,8.80984,84100,83720.01
2025-07-09 14:09:00,ATM+4,PUT,565,569.7,565,569.7,100,18400,10.188707,84100,83720.01
2025-07-09 14:09:00,ATM+5,CALL,237.4,238,232.7,232.7,5140,119580,8.78726,84200,83720.01
2025-07-09 14:09:00,ATM+5,PUT,628.4,629,628.4,629,120,14940,10.158142,84200,83720.01
2025-07-09 14:09:00,ATM+6,CALL,204,204.7,200.4,200.4,1920,87460,8.825959,84300,83720.01
2025-07-09 14:09:00,ATM+6,PUT,692.25,696.8,692.25,696.8,40,7120,10.252988,84300,83720.01
2025-07-09 14:09:00,ATM+7,CALL,174,174.9,171.1,171.1,2940,101880,8.848816,84400,83720.01
2025-07-09 14:09:00,ATM+7,PUT,766.9,766.9,766.9,766.9,0,5080,10.25819,84400,83720.01
2025-07-09 14:09:00,ATM+8,CALL,148,148.4,145.1,145.75,5420,224680,8.88696,84500,83720.01
2025-07-09 14:09:00,ATM+8,PUT,838,838,838,838,0,38200,10.275429,84500,83720.01
2025-07-09 14:09:00,ATM+9,CALL,125.3,125.45,123,123.05,580,81760,8.910849,84600,83720.01
2025-07-09 14:09:00,ATM+9,PUT,916,916,916,916,0,2280,10.407002,84600,83720.01
2025-07-09 14:09:00,ATM+10,CALL,105.7,105.8,103.2,103.35,2200,97320,8.937283,84700,83720.01
2025-07-09 14:09:00,ATM+10,PUT,1012.35,1012.35,1012.35,1012.35,0,2260,10.705264,84700,83720.01
2025-07-09 14:10:00,ATM-10,CALL,1194,1194,1194,1194,0,2260,8.108763,82700,83712.12
2025-07-09 14:10:00,ATM-10,PUT,92.1,92.25,91.65,92.25,60,89640,10.596208,82700,83712.12
2025-07-09 14:10:00,ATM-9,CALL,1100.45,1100.45,1100.45,1100.45,20,2880,8.257457,82800,83712.12
2025-07-09 14:10:00,ATM-9,PUT,105.85,106.6,105.85,106.6,4720,97420,10.508399,82800,83712.12
2025-07-09 14:10:00,ATM-8,CALL,1019.25,1021.1,1019.25,1021.1,40,3240,8.560481,82900,83712.12
2025-07-09 14:10:00,ATM-8,PUT,122.45,123.2,122,122,1840,73400,10.391119,82900,83712.12
2025-07-09 14:10:00,ATM-7,CALL,938.95,941,938.95,941,460,45940,8.676572,83000,83712.12
2025-07-09 14:10:00,ATM-7,PUT,141,142.7,140.85,141.95,4120,242320,10.353865,83000,83712.12
2025-07-09 14:10:00,ATM-6,CALL,851.2,851.2,851.2,851.2,0,7540,8.297189,83100,83712.12
2025-07-09 14:10:00,ATM-6,PUT,162.05,163.95,162.05,163,480,77680,10.274417,83100,83712.12
2025-07-09 14:10:00,ATM-5,CALL,783.4,786.65,783.4,786.65,40,12840,8.762803,83200,83712.12
2025-07-09 14:10:00,ATM-5,PUT,187.05,189.1,187.05,188.1,500,94960,10.236424,83200,83712.12
2025-07-09 14:10:00,ATM-4,CALL,716.15,716.15,712.85,712.85,80,42560,8.754291,83300,83712.12
2025-07-09 14:10:00,ATM-4,PUT,215,217.1,215,216.15,1180,257540,10.199433,83300,83712.12
2025-07-09 14:10:00,ATM-3,CALL,645.05,645.8,642.8,645.35,180,49380,8.81774,83400,83712.12
2025-07-09 14:10:00,ATM-3,PUT,245.7,248.2,245.7,247.35,1160,128400,10.16398,83400,83712.12
2025-07-09 14:10:00,ATM-2,CALL,579.85,582.15,577,578.6,4140,315280,8.799829,83500,83712.12
2025-07-09 14:10:00,ATM-2,PUT,280.45,282.9,279.95,281.2,7940,513280,10.113758,83500,83712.12
2025-07-09 14:10:00,ATM-1,CALL,518.1,520.2,517.1,518.65,1300,258520,8.852365,83600,83712.12
2025-07-09 14:10:00,ATM-1,PUT,318.7,321.3,317.85,320,5660,408160,10.101573,83600,83712.12
2025-07-09 14:10:00,ATM,CALL,462.1,462.1,458.75,460.3,9660,320340,8.844541,83700,83712.12
2025-07-09 14:10:00,ATM,PUT,361.15,363.95,359.5,362.75,13860,314140,10.098871,83700,83712.12
2025-07-09 14:10:00,ATM+1,CALL,408.3,410.35,407,409.1,7500,332000,8.907431,83800,83712.12
2025-07-09 14:10:00,ATM+1,PUT,407.35,411.25,407.35,410.45,8020,235300,10.127114,83800,83712.12
2025-07-09 14:10:00,ATM+2,CALL,358.65,360,356.8,358.95,3620,146880,8.897779,83900,83712.12
2025-07-09 14:10:00,ATM+2,PUT,461.2,462.1,459.8,460.05,940,82580,10.114647,83900,83712.12
2025-07-09 14:10:00,ATM+3,CALL,313.25,314.05,311.05,312.85,3520,345860,8.886115,84000,83712.12
2025-07-09 14:10:00,ATM+3,PUT,515,515.95,513.5,513.5,540,128380,10.107099,84000,83712.12
2025-07-09 14:10:00,ATM+4,CALL,271.2,272.35,270.9,271.8,860,95600,8.897227,84100,83712.12
2025-07-09 14:10:00,ATM+4,PUT,572.2,572.2,572.2,572.2,20,18400,10.13861,84100,83712.12
2025-07-09 14:10:00,ATM+5,CALL,233.7,235.3,233.5,234.2,740,119580,8.895628,84200,83712.12
2025-07-09 14:10:00,ATM+5,PUT,629,629,629,629,0,14940,10.158142,84200,83712.12
2025-07-09 14:10:00,ATM+6,CALL,201.4,201.75,200.35,200.35,500,87460,8.891194,84300,83712.12
2025-07-09 14:10:00,ATM+6,PUT,703.95,703.95,703.95,703.95,20,7120,10.303509,84300,83712.12
2025-07-09 14:10:00,ATM+7,CALL,172.55,172.55,171,171.3,540,101880,8.916606,84400,83712.12
2025-07-09 14:10:00,ATM+7,PUT,772.95,773.55,772.95,773.55,40,5100,10.361595,84400,83712.12
2025-07-09 14:10:00,ATM+8,CALL,145.6,146.95,145,145.3,5420,224680,8.932566,84500,83712.12
2025-07-09 14:10:00,ATM+8,PUT,846.05,846.05,846.05,846.05,20,38040,10.418614,84500,83712.12
2025-07-09 14:10:00,ATM+9,CALL,123.75,123.75,122.5,122.5,320,81760,8.949012,84600,83712.12
2025-07-09 14:10:00,ATM+9,PUT,925.7,925.7,925.7,925.7,20,2280,10.601527,84600,83712.12
2025-07-09 14:10:00,ATM+10,CALL,103.65,104.15,103,103.3,380,97320,8.987877,84700,83712.12
2025-07-09 14:10:00,ATM+10,PUT,1012.35,1012.35,1012.35,1012.35,0,2260,10.705264,84700,83712.12
2025-07-09 14:11:00,ATM-10,CALL,1194,1194,1194,1194,0,2260,8.108763,82700,83706.05
2025-07-09 14:11:00,ATM-10,PUT,92.45,93.5,92.45,92.45,720,89640,10.567966,82700,83706.05
2025-07-09 14:11:00,ATM-9,CALL,1100.45,1100.45,1100.45,1100.45,0,2880,8.257457,82800,83706.05
2025-07-09 14:11:00,ATM-9,PUT,106.65,107.35,106.5,106.7,420,97420,10.474349,82800,83706.05
2025-07-09 14:11:00,ATM-8,CALL,1022.05,1022.05,1022.05,1022.05,40,3240,8.800363,82900,83706.05
2025-07-09 14:11:00,ATM-8,PUT,123.1,124.1,122.8,124.1,1360,73400,10.422062,82900,83706.05
2025-07-09 14:11:00,ATM-7,CALL,938.2,938.2,938.2,938.2,20,45940,8.753967,83000,83706.05
2025-07-09 14:11:00,ATM-7,PUT,141.95,143.05,141.95,142.35,1060,242320,10.324973,83000,83706.05
2025-07-09 14:11:00,ATM-6,CALL,851.2,851.2,851.2,851.2,0,7540,8.297189,83100,83706.05
2025-07-09 14:11:00,ATM-6,PUT,163.3,165.15,163.3,164.05,540,77680,10.261704,83100,83706.05
2025-07-09 14:11:00,ATM-5,CALL,786.65,786.65,786.65,786.65,0,12840,8.762803,83200,83706.05
2025-07-09 14:11:00,ATM-5,PUT,189.1,190,188.8,189.35,1400,94960,10.225119,83200,83706.05
2025-07-09 14:11:00,ATM-4,CALL,712.85,714.4,712.05,712.05,160,42560,8.853616,83300,83706.05
2025-07-09 14:11:00,ATM-4,PUT,217,218.8,216.35,216.9,740,257540,10.170575,83300,83706.05
2025-07-09 14:11:00,ATM-3,CALL,639.9,643.65,639.9,643.65,220,49380,8.882184,83400,83706.05
2025-07-09 14:11:00,ATM-3,PUT,247.9,250,247.6,248.25,2720,128400,10.13514,83400,83706.05
2025-07-09 14:11:00,ATM-2,CALL,578.9,579.6,573.7,577.3,3900,315280,8.865698,83500,83706.05
2025-07-09 14:11:00,ATM-2,PUT,281.25,284.35,281.15,282.35,7740,513280,10.087005,83500,83706.05
2025-07-09 14:11:00,ATM-1,CALL,518.1,518.1,513,514.45,1820,258520,8.840361,83600,83706.05
2025-07-09 14:11:00,ATM-1,PUT,319.4,323,319.4,320.55,7400,408160,10.056068,83600,83706.05
2025-07-09 14:11:00,ATM,CALL,459.9,460.6,456,457.1,12580,320340,8.850503,83700,83706.05
2025-07-09 14:11:00,ATM,PUT,361.95,366,361.95,363.95,12380,314140,10.064267,83700,83706.05
2025-07-09 14:11:00,ATM+1,CALL,408.05,409.1,404.65,405.85,9020,332000,8.906268,83800,83706.05
2025-07-09 14:11:00,ATM+1,PUT,410.5,414,410,411.45,5580,235300,10.082992,83800,83706.05
2025-07-09 14:11:00,ATM+2,CALL,358.35,358.35,355,357.1,3520,146880,8.923332,83900,83706.05
2025-07-09 14:11:00,ATM+2,PUT,461.6,464,460.9,462.15,1080,82580,10.090963,83900,83706.05
2025-07-09 14:11:00,ATM+3,CALL,312.55,312.55,309,310,5380,345860,8.882488,84000,83706.05
2025-07-09 14:11:00,ATM+3,PUT,514.9,518.6,514.6,515.45,3160,128380,10.074501,84000,83706.05
2025-07-09 14:11:00,ATM+4,CALL,270.8,271.3,268,269.8,2640,95600,8.908027,84100,83706.05
2025-07-09 14:11:00,ATM+4,PUT,573,577.05,573,577.05,800,18400,10.169468,84100,83706.05
2025-07-09 14:11:00,ATM+5,CALL,233.5,233.5,231,233,8340,119580,8.920664,84200,83706.05
2025-07-09 14:11:00,ATM+5,PUT,629,629,629,629,0,14940,10.158142,84200,83706.05
2025-07-09 14:11:00,ATM+6,CALL,200.1,200.4,198.55,199.8,2100,87460,8.928147,84300,83706.05
2025-07-09 14:11:00,ATM+6,PUT,703.95,703.95,703.95,703.95,20,7120,10.203593,84300,83706.05
2025-07-09 14:11:00,ATM+7,CALL,170.8,170.8,169.25,170.15,1700,101880,8.933229,84400,83706.05
2025-07-09 14:11:00,ATM+7,PUT,773.55,773.55,773.55,773.55,0,5100,10.361595,84400,83706.05
2025-07-09 14:11:00,ATM+8,CALL,145,145.2,144,144.9,3240,224680,8.966098,84500,83706.05
2025-07-09 14:11:00,ATM+8,PUT,846.05,846.05,846.05,846.05,0,38040,10.418614,84500,83706.05
2025-07-09 14:11:00,ATM+9,CALL,121.6,122.75,121.6,122,380,81760,8.975969,84600,83706.05
2025-07-09 14:11:00,ATM+9,PUT,929,929,929,929,20,2280,10.567342,84600,83706.05
2025-07-09 14:11:00,ATM+10,CALL,103,103.2,102,102.9,1200,97320,9.014639,84700,83706.05
2025-07-09 14:11:00,ATM+10,PUT,1012.35,1012.35,1012.35,1012.35,0,2260,10.705264,84700,83706.05
2025-07-09 14:12:00,ATM-10,CALL,1194,1194,1194,1194,0,2260,8.108763,82700,83719.66
2025-07-09 14:12:00,ATM-10,PUT,92.8,92.8,91.65,91.65,720,88680,10.619049,82700,83719.66
2025-07-09 14:12:00,ATM-9,CALL,1103.95,1103.95,1103.95,1103.95,20,2860,8.106548,82800,83719.66
2025-07-09 14:12:00,ATM-9,PUT,106.5,106.5,105.75,105.75,1360,97120,10.525929,82800,83719.66
2025-07-09 14:12:00,ATM-8,CALL,1022.05,1022.05,1022.05,1022.05,0,3240,8.800363,82900,83719.66
2025-07-09 14:12:00,ATM-8,PUT,122.45,123.2,121.75,121.75,500,73100,10.433114,82900,83719.66
2025-07-09 14:12:00,ATM-7,CALL,938.9,939.95,938.9,939.95,100,46040,8.416302,83000,83719.66
2025-07-09 14:12:00,ATM-7,PUT,141.65,142.15,140.9,140.9,600,243280,10.373784,83000,83719.66
2025-07-09 14:12:00,ATM-6,CALL,851.2,851.2,851.2,851.2,0,7540,8.297189,83100,83719.66
2025-07-09 14:12:00,ATM-6,PUT,163.5,163.7,162.9,163.45,360,77680,10.343202,83100,83719.66
2025-07-09 14:12:00,ATM-5,CALL,784.6,784.6,784.6,784.6,20,12840,8.53162,83200,83719.66
2025-07-09 14:12:00,ATM-5,PUT,188.55,188.85,187.1,187.15,2500,94960,10.26845,83200,83719.66
2025-07-09 14:12:00,ATM-4,CALL,712.45,712.45,711.15,711.95,100,42560,8.578497,83300,83719.66
2025-07-09 14:12:00,ATM-4,PUT,216.7,216.7,215,215,1280,258120,10.230725,83300,83719.66
2025-07-09 14:12:00,ATM-3,CALL,643.35,645.5,642.75,645.5,360,49380,8.687523,83400,83719.66
2025-07-09 14:12:00,ATM-3,PUT,247.35,247.8,245.3,245.65,2120,128400,10.186175,83400,83719.66
2025-07-09 14:12:00,ATM-2,CALL,577.1,580.9,576,579.8,1620,315280,8.709048,83500,83719.66
2025-07-09 14:12:00,ATM-2,PUT,282.15,282.5,279.45,279.45,3920,515540,10.14018,83500,83719.66
2025-07-09 14:12:00,ATM-1,CALL,514.75,519.4,514.75,519.4,3040,257960,8.761292,83600,83719.66
2025-07-09 14:12:00,ATM-1,PUT,320.75,321.3,318.2,318.7,2880,408160,10.144412,83600,83719.66
2025-07-09 14:12:00,ATM,CALL,457.7,461.95,457.1,461.95,5140,317720,8.784087,83700,83719.66
2025-07-09 14:12:00,ATM,PUT,364.1,364.4,360.5,360.9,7240,311060,10.134374,83700,83719.66
2025-07-09 14:12:00,ATM+1,CALL,406.1,410,405.3,408.95,5660,337760,8.813104,83800,83719.66
2025-07-09 14:12:00,ATM+1,PUT,409.8,411.8,407.25,408.65,5180,237600,10.169828,83800,83719.66
2025-07-09 14:12:00,ATM+2,CALL,357.1,360.15,355.2,359.2,3040,154080,8.820148,83900,83719.66
2025-07-09 14:12:00,ATM+2,PUT,460.45,461.5,457.25,458.2,1000,82100,10.162513,83900,83719.66
2025-07-09 14:12:00,ATM+3,CALL,311.6,313.45,309.4,313.45,3340,346540,8.823251,84000,83719.66
2025-07-09 14:12:00,ATM+3,PUT,515.6,515.6,511.95,511.95,1720,128300,10.168718,84000,83719.66
2025-07-09 14:12:00,ATM+4,CALL,269.55,272,268.55,271.9,2220,98040,8.828372,84100,83719.66
2025-07-09 14:12:00,ATM+4,PUT,571.95,571.95,571.95,571.95,220,17800,10.238424,84100,83719.66
2025-07-09 14:12:00,ATM+5,CALL,232.75,235.15,231.8,235.15,1240,120900,8.852926,84200,83719.66
2025-07-09 14:12:00,ATM+5,PUT,637.05,638.5,634.8,634.8,80,14880,10.295008,84200,83719.66
2025-07-09 14:12:00,ATM+6,CALL,199.35,202,199.3,202,820,86220,8.87205,84300,83719.66
2025-07-09 14:12:00,ATM+6,PUT,703.95,703.95,703.95,703.95,0,7120,10.203593,84300,83719.66
2025-07-09 14:12:00,ATM+7,CALL,170.4,172.4,170.05,172.2,720,102540,8.883327,84400,83719.66
2025-07-09 14:12:00,ATM+7,PUT,773.55,773.55,773.55,773.55,0,5100,10.361595,84400,83719.66
2025-07-09 14:12:00,ATM+8,CALL,145.1,147,144.4,147,3140,225300,8.927505,84500,83719.66
2025-07-09 14:12:00,ATM+8,PUT,846.05,846.05,846.05,846.05,0,38040,10.418614,84500,83719.66
2025-07-09 14:12:00,ATM+9,CALL,122.75,123.95,122.65,123.8,1340,81800,8.93841,84600,83719.66
2025-07-09 14:12:00,ATM+9,PUT,929,929,929,929,0,2280,10.567342,84600,83719.66
2025-07-09 14:12:00,ATM+10,CALL,103.05,104.8,103,104.4,1220,95000,8.976741,84700,83719.66
2025-07-09 14:12:00,ATM+10,PUT,1012.35,1012.35,1012.35,1012.35,0,2260,10.705264,84700,83719.66
2025-07-09 14:13:00,ATM-10,CALL,1190.6,1190.6,1190.6,1190.6,20,2180,7.890666,82700,83720.48
2025-07-09 14:13:00,ATM-10,PUT,91.9,91.9,90.6,90.6,940,88680,10.583149,82700,83720.48
2025-07-09 14:13:00,ATM-9,CALL,1103.95,1103.95,1103.95,1103.95,0,2860,8.106548,82800,83720.48
2025-07-09 14:13:00,ATM-9,PUT,106.2,106.2,104.35,104.5,1660,97120,10.486098,82800,83720.48
2025-07-09 14:13:00,ATM-8,CALL,1022.05,1022.05,1022.05,1022.05,0,3240,8.800363,82900,83720.48
2025-07-09 14:13:00,ATM-8,PUT,121.6,121.85,120.25,120.8,680,73100,10.406899,82900,83720.48
2025-07-09 14:13:00,ATM-7,CALL,942.9,948,941.7,948,540,46040,8.684033,83000,83720.48
2025-07-09 14:13:00,ATM-7,PUT,141.35,141.35,138.4,139.25,2060,243280,10.327934,83000,83720.48
2025-07-09 14:13:00,ATM-6,CALL,851.2,851.2,851.2,851.2,0,7540,8.297189,83100,83720.48
2025-07-09 14:13:00,ATM-6,PUT,162.8,162.8,159.75,160.35,1060,77680,10.258027,83100,83720.48
2025-07-09 14:13:00,ATM-5,CALL,793,793,792.9,792.9,100,12940,8.762723,83200,83720.48
2025-07-09 14:13:00,ATM-5,PUT,187.1,187.1,184,184.75,2660,94960,10.208155,83200,83720.48
2025-07-09 14:13:00,ATM-4,CALL,715.65,720.75,715.65,720.75,900,42560,8.808084,83300,83720.48
2025-07-09 14:13:00,ATM-4,PUT,215.05,215.05,211.2,212.3,940,258120,10.166076,83300,83720.48
2025-07-09 14:13:00,ATM-3,CALL,647.9,652.15,646.8,652.15,1180,49380,8.84797,83400,83720.48
2025-07-09 14:13:00,ATM-3,PUT,246.6,246.6,242.2,243.2,1840,128400,10.131243,83400,83720.48
2025-07-09 14:13:00,ATM-2,CALL,581.05,587,581.05,584.85,5520,315280,8.822926,83500,83720.48
2025-07-09 14:13:00,ATM-2,PUT,280.8,280.8,275.65,277,8860,515540,10.087782,83500,83720.48
2025-07-09 14:13:00,ATM-1,CALL,518.1,524.8,518.1,522.55,3300,257960,8.826078,83600,83720.48
2025-07-09 14:13:00,ATM-1,PUT,318.6,318.6,313.5,315.2,16060,408160,10.06893,83600,83720.48
2025-07-09 14:13:00,ATM,CALL,461.15,467.05,461.15,465.2,12020,317720,8.850496,83700,83720.48
2025-07-09 14:13:00,ATM,PUT,360.9,362.2,355.35,356.75,12480,311060,10.04565,83700,83720.48
2025-07-09 14:13:00,ATM+1,CALL,409.65,414.25,408.7,412.8,10320,337760,8.893449,83800,83720.48
2025-07-09 14:13:00,ATM+1,PUT,408.65,408.65,402,403.4,21640,237600,10.05704,83800,83720.48
2025-07-09 14:13:00,ATM+2,CALL,359.8,363.85,359.8,362.95,2780,154080,8.898819,83900,83720.48
2025-07-09 14:13:00,ATM+2,PUT,458.1,458.1,451.95,453.65,1760,82100,10.066842,83900,83720.48
2025-07-09 14:13:00,ATM+3,CALL,313.6,317,313.6,316,3080,346540,8.875261,84000,83720.48
2025-07-09 14:13:00,ATM+3,PUT,512.25,512.25,505.35,507.75,2760,128300,10.081254,84000,83720.48
2025-07-09 14:13:00,ATM+4,CALL,273.05,275.7,272.8,274.95,2500,98040,8.894196,84100,83720.48
2025-07-09 14:13:00,ATM+4,PUT,569.25,569.25,564.4,564.4,80,17800,10.070629,84100,83720.48
2025-07-09 14:13:00,ATM+5,CALL,234.75,238,234.75,236.95,2460,120900,8.890695,84200,83720.48
2025-07-09 14:13:00,ATM+5,PUT,630.15,632.1,628.35,628.35,140,14880,10.150761,84200,83720.48
2025-07-09 14:13:00,ATM+6,CALL,202.15,204.5,202.15,203.8,1120,86220,8.912171,84300,83720.48
2025-07-09 14:13:00,ATM+6,PUT,695,695,695,695,20,7040,10.216803,84300,83720.48
2025-07-09 14:13:00,ATM+7,CALL,172.8,174.75,172.65,174,1500,102540,8.926338,84400,83720.48
2025-07-09 14:13:00,ATM+7,PUT,773.55,773.55,773.55,773.55,0,5100,10.361595,84400,83720.48
2025-07-09 14:13:00,ATM+8,CALL,146.55,148.5,146.55,148.5,3860,225300,8.965301,84500,83720.48
2025-07-09 14:13:00,ATM+8,PUT,846.05,846.05,846.05,846.05,0,38040,10.418614,84500,83720.48
2025-07-09 14:13:00,ATM+9,CALL,123.7,125.45,123.6,125,1100,81800,8.970489,84600,83720.48
2025-07-09 14:13:00,ATM+9,PUT,929,929,929,929,0,2280,10.567342,84600,83720.48
2025-07-09 14:13:00,ATM+10,CALL,104.5,105.75,104.5,105.65,3120,95000,9.013873,84700,83720.48
2025-07-09 14:13:00,ATM+10,PUT,1012.35,1012.35,1012.35,1012.35,0,2260,10.705264,84700,83720.48
2025-07-09 14:14:00,ATM-10,CALL,1195.55,1195.55,1195.55,1195.55,20,2180,7.142472,82700,83737.9
2025-07-09 14:14:00,ATM-10,PUT,91.2,91.25,90.35,90.6,2040,88680,10.687895,82700,83737.9
2025-07-09 14:14:00,ATM-9,CALL,1103.95,1103.95,1103.95,1103.95,0,2860,8.106548,82800,83737.9
2025-07-09 14:14:00,ATM-9,PUT,104.9,105.35,104.4,104.9,940,97120,10.609962,82800,83737.9
2025-07-09 14:14:00,ATM-8,CALL,1022.05,1022.05,1022.05,1022.05,0,3240,8.800363,82900,83737.9
2025-07-09 14:14:00,ATM-8,PUT,121.25,121.25,120.7,121.15,560,73100,10.532995,82900,83737.9
2025-07-09 14:14:00,ATM-7,CALL,948,949.25,948,949.25,80,46040,8.195268,83000,83737.9
2025-07-09 14:14:00,ATM-7,PUT,139.35,140.45,139.35,139.7,2460,243280,10.461876,83000,83737.9
2025-07-09 14:14:00,ATM-6,CALL,851.2,851.2,851.2,851.2,0,7540,8.297189,83100,83737.9
2025-07-09 14:14:00,ATM-6,PUT,160.65,161.3,160.65,161.2,740,77680,10.409048,83100,83737.9
2025-07-09 14:14:00,ATM-5,CALL,792.9,792.9,792.9,792.9,0,12940,8.762723,83200,83737.9
2025-07-09 14:14:00,ATM-5,PUT,185.2,186.55,184.95,185.65,900,94960,10.365951,83200,83737.9
2025-07-09 14:14:00,ATM-4,CALL,719.05,721.2,719.05,721.2,100,42560,8.463287,83300,83737.9
2025-07-09 14:14:00,ATM-4,PUT,213.4,214.05,212.8,212.8,340,258120,10.319472,83300,83737.9
2025-07-09 14:14:00,ATM-3,CALL,652.75,652.95,651.9,652.95,200,49380,8.550853,83400,83737.9
2025-07-09 14:14:00,ATM-3,PUT,243.2,244.3,243,243.7,520,128400,10.292418,83400,83737.9
2025-07-09 14:14:00,ATM-2,CALL,586,587.3,584.1,586.65,3120,315280,8.581936,83500,83737.9
2025-07-09 14:14:00,ATM-2,PUT,277.7,279,277,277.25,3360,515540,10.251553,83500,83737.9
2025-07-09 14:14:00,ATM-1,CALL,523.8,524.95,522.05,524,3820,257960,8.602361,83600,83737.9
2025-07-09 14:14:00,ATM-1,PUT,315.3,316.65,314.4,314.85,2840,408160,10.228443,83600,83737.9
2025-07-09 14:14:00,ATM,CALL,464.9,468,464.4,468,5520,317720,8.68151,83700,83737.9
2025-07-09 14:14:00,ATM,PUT,356.75,359.1,356.45,356.7,9000,311060,10.223872,83700,83737.9
2025-07-09 14:14:00,ATM+1,CALL,412.65,415,412.05,414.95,4940,337760,8.728666,83800,83737.9
2025-07-09 14:14:00,ATM+1,PUT,404,405.15,402.65,403.9,2600,237600,10.260948,83800,83737.9
2025-07-09 14:14:00,ATM+2,CALL,362.55,364,361.7,363.8,2220,154080,8.721194,83900,83737.9
2025-07-09 14:14:00,ATM+2,PUT,453.8,454.85,452.95,453.3,520,82100,10.265264,83900,83737.9
2025-07-09 14:14:00,ATM+3,CALL,315.7,317.8,315.3,317.8,4300,346540,8.735455,84000,83737.9
2025-07-09 14:14:00,ATM+3,PUT,506.9,509.6,506.9,507.75,880,128300,10.303776,84000,83737.9
2025-07-09 14:14:00,ATM+4,CALL,275.6,276.4,274.05,276.4,1900,98040,8.760305,84100,83737.9
2025-07-09 14:14:00,ATM+4,PUT,567.4,567.4,567.4,567.4,100,17800,10.38216,84100,83737.9
2025-07-09 14:14:00,ATM+5,CALL,237,238.6,236.6,238.6,1420,120900,8.774726,84200,83737.9
2025-07-09 14:14:00,ATM+5,PUT,627.35,629.6,627.35,629.6,120,14880,10.441098,84200,83737.9
2025-07-09 14:14:00,ATM+6,CALL,203.6,205.35,203.6,205.35,1780,86220,8.805808,84300,83737.9
2025-07-09 14:14:00,ATM+6,PUT,695,695,695,695,0,7040,10.216803,84300,83737.9
2025-07-09 14:14:00,ATM+7,CALL,174,175.5,174,175.4,1140,102540,8.827375,84400,83737.9
2025-07-09 14:14:00,ATM+7,PUT,773.55,773.55,773.55,773.55,0,5100,10.361595,84400,83737.9
2025-07-09 14:14:00,ATM+8,CALL,148.1,149,147.15,149,2760,225300,8.851176,84500,83737.9
2025-07-09 14:14:00,ATM+8,PUT,846.05,846.05,846.05,846.05,0,38040,10.418614,84500,83737.9
2025-07-09 14:14:00,ATM+9,CALL,125,125.8,124.75,125.7,560,81800,8.871131,84600,83737.9
2025-07-09 14:14:00,ATM+9,PUT,929,929,929,929,0,2280,10.567342,84600,83737.9
2025-07-09 14:14:00,ATM+10,CALL,105.45,106.1,105.15,106.1,840,95000,8.914564,84700,83737.9
2025-07-09 14:14:00,ATM+10,PUT,1012.35,1012.35,1012.35,1012.35,0,2260,10.705264,84700,83737.9
2025-07-09 14:15:00,ATM-10,CALL,1195.55,1195.55,1195.55,1195.55,0,2180,7.142472,82700,83712.73
2025-07-09 14:15:00,ATM-10,PUT,90.95,91.95,88.75,91.95,3200,87780,10.590696,82700,83712.73
2025-07-09 14:15:00,ATM-9,CALL,1103.95,1103.95,1103.95,1103.95,0,2860,8.106548,82800,83712.73
2025-07-09 14:15:00,ATM-9,PUT,104.65,105.45,102.35,105.35,920,96960,10.469488,82800,83712.73
2025-07-09 14:15:00,ATM-8,CALL,1031.3,1045.4,1031.3,1045.4,40,3320,9.468044,82900,83712.73
2025-07-09 14:15:00,ATM-8,PUT,121,122,117.7,121.65,1540,73220,10.385799,82900,83712.73
2025-07-09 14:15:00,ATM-7,CALL,949.25,960,942.55,942.55,760,45900,8.718494,83000,83712.73
2025-07-09 14:15:00,ATM-7,PUT,139.6,141.05,136.2,140.4,8240,242720,10.311869,83000,83712.73
2025-07-09 14:15:00,ATM-6,CALL,851.2,851.2,851.2,851.2,0,7540,8.297189,83100,83712.73
2025-07-09 14:15:00,ATM-6,PUT,160.95,162.35,156.6,161.7,2780,77640,10.242899,83100,83712.73
2025-07-09 14:15:00,ATM-5,CALL,794.65,804.5,790,790,320,12900,8.852496,83200,83712.73
2025-07-09 14:15:00,ATM-5,PUT,184.95,187.1,180.7,186,3440,98200,10.184955,83200,83712.73
2025-07-09 14:15:00,ATM-4,CALL,721.7,734.65,716.6,716.6,2360,41620,8.849844,83300,83712.73
2025-07-09 14:15:00,ATM-4,PUT,212.15,215,207.9,214.2,8320,258360,10.154997,83300,83712.73
2025-07-09 14:15:00,ATM-3,CALL,652.95,660.65,646,648.75,1320,49060,8.899459,83400,83712.73
2025-07-09 14:15:00,ATM-3,PUT,243,245.45,237.65,244.7,3960,129080,10.104125,83400,83712.73
2025-07-09 14:15:00,ATM-2,CALL,588.1,598,581.9,583.3,13800,316420,8.911005,83500,83712.73
2025-07-09 14:15:00,ATM-2,PUT,276.95,280,270.35,278.4,25580,516840,10.052729,83500,83712.73
2025-07-09 14:15:00,ATM-1,CALL,525,534.6,518.45,519.35,12860,257880,8.86402,83600,83712.73
2025-07-09 14:15:00,ATM-1,PUT,315.1,317.95,308.1,316.55,19920,407360,10.02708,83600,83712.73
2025-07-09 14:15:00,ATM,CALL,468,476.5,461.8,462.65,30400,314740,8.89539,83700,83712.73
2025-07-09 14:15:00,ATM,PUT,356.55,360.45,348.95,359.25,29000,310960,10.025009,83700,83712.73
2025-07-09 14:15:00,ATM+1,CALL,415.4,423,408.4,410.15,29400,340280,8.927968,83800,83712.73
2025-07-09 14:15:00,ATM+1,PUT,403,407.1,394.25,405.95,21600,225840,10.031128,83800,83712.73
2025-07-09 14:15:00,ATM+2,CALL,364.25,371.8,359.65,360.15,11260,154280,8.922304,83900,83712.73
2025-07-09 14:15:00,ATM+2,PUT,452.2,458,444.85,455.45,7120,81300,10.016852,83900,83712.73
2025-07-09 14:15:00,ATM+3,CALL,318.7,324.75,314.2,315.75,15660,345740,8.95134,84000,83712.73
2025-07-09 14:15:00,ATM+3,PUT,507.35,511,497.5,510.85,5580,128540,10.054704,84000,83712.73
2025-07-09 14:15:00,ATM+4,CALL,277.1,282.6,272.35,273.35,5520,97860,8.931882,84100,83712.73
2025-07-09 14:15:00,ATM+4,PUT,564,569.5,556.4,569.5,620,17840,10.084593,84100,83712.73
2025-07-09 14:15:00,ATM+5,CALL,238.75,244.35,235.4,235.9,11400,124160,8.935541,84200,83712.73
2025-07-09 14:15:00,ATM+5,PUT,625,629.2,616.4,629.2,940,14840,10.054764,84200,83712.73
2025-07-09 14:15:00,ATM+6,CALL,205.4,210.1,202.15,202.7,5640,87080,8.950019,84300,83712.73
2025-07-09 14:15:00,ATM+6,PUT,690,690,684.5,688.75,220,7060,9.931864,84300,83712.73
2025-07-09 14:15:00,ATM+7,CALL,176.25,179.9,172.15,173.5,3360,101200,8.974861,84400,83712.73
2025-07-09 14:15:00,ATM+7,PUT,761.25,763.4,758.1,763.4,100,5160,10.1082,84400,83712.73
2025-07-09 14:15:00,ATM+8,CALL,149.4,153,146.7,147.05,11020,223900,8.981895,84500,83712.73
2025-07-09 14:15:00,ATM+8,PUT,831,838.15,827.55,838.15,120,38040,10.215481,84500,83712.73
2025-07-09 14:15:00,ATM+9,CALL,126.65,129.5,124.2,124.4,2580,81900,9.007008,84600,83712.73
2025-07-09 14:15:00,ATM+9,PUT,929,929,929,929,0,2280,10.567342,84600,83712.73
2025-07-09 14:15:00,ATM+10,CALL,106.5,109.35,104.9,104.9,5100,96220,9.040903,84700,83712.73
2025-07-09 14:15:00,ATM+10,PUT,1012.35,1012.35,1012.35,1012.35,0,2260,10.705264,84700,83712.73
2025-07-09 14:16:00,ATM-10,CALL,1195.55,1195.55,1195.55,1195.55,0,2180,7.142472,82700,83705.62
2025-07-09 14:16:00,ATM-10,PUT,91.7,94.4,91.7,93.15,3360,87780,10.595187,82700,83705.62
2025-07-09 14:16:00,ATM-9,CALL,1103.95,1103.95,1103.95,1103.95,0,2860,8.106548,82800,83705.62
2025-07-09 14:16:00,ATM-9,PUT,105.3,108.8,105.2,107.2,6000,96960,10.492154,82800,83705.62
2025-07-09 14:16:00,ATM-8,CALL,1045.4,1045.4,1045.4,1045.4,0,3320,9.468044,82900,83705.62
2025-07-09 14:16:00,ATM-8,PUT,121.7,125.4,121.65,123.55,2860,73220,10.403303,82900,83705.62
2025-07-09 14:16:00,ATM-7,CALL,941,941.2,930,938.8,13360,45900,8.791941,83000,83705.62
2025-07-09 14:16:00,ATM-7,PUT,140.3,145,140.3,142.9,7600,242720,10.341583,83000,83705.62
2025-07-09 14:16:00,ATM-6,CALL,852.5,852.5,852.5,852.5,100,7580,8.579446,83100,83705.62
2025-07-09 14:16:00,ATM-6,PUT,161.9,167,161.9,164.2,3360,77640,10.26534,83100,83705.62
2025-07-09 14:16:00,ATM-5,CALL,780,780.7,776.65,780.7,200,12900,8.737304,83200,83705.62
2025-07-09 14:16:00,ATM-5,PUT,186.15,191.45,186.15,188.4,3340,98200,10.197789,83200,83705.62
2025-07-09 14:16:00,ATM-4,CALL,715.4,715.4,703.65,710.8,520,41620,8.831842,83300,83705.62
2025-07-09 14:16:00,ATM-4,PUT,214.4,220,214,217.7,4080,258360,10.190476,83300,83705.62
2025-07-09 14:16:00,ATM-3,CALL,646.35,646.35,635.1,641.85,980,49060,8.846955,83400,83705.62
2025-07-09 14:16:00,ATM-3,PUT,244.6,251.55,244.55,248.45,5080,129080,10.138725,83400,83705.62
2025-07-09 14:16:00,ATM-2,CALL,581.4,582.8,570.8,577.2,8920,316420,8.873891,83500,83705.62
2025-07-09 14:16:00,ATM-2,PUT,278.8,285.45,278.8,283.4,23600,516840,10.110961,83500,83705.62
2025-07-09 14:16:00,ATM-1,CALL,520.2,520.2,508.2,514.8,11300,257880,8.858713,83600,83705.62
2025-07-09 14:16:00,ATM-1,PUT,316.45,325.95,316.45,320.9,35340,407360,10.062337,83600,83705.62
2025-07-09 14:16:00,ATM,CALL,462.55,462.55,453.3,459.6,24640,314740,8.91864,83700,83705.62
2025-07-09 14:16:00,ATM,PUT,358.95,367.3,358.95,362.9,26540,310960,10.037168,83700,83705.62
2025-07-09 14:16:00,ATM+1,CALL,409.85,410.55,399.25,407,21180,340280,8.941777,83800,83705.62
2025-07-09 14:16:00,ATM+1,PUT,405.45,414.85,405.45,411.8,22040,225840,10.088316,83800,83705.62
2025-07-09 14:16:00,ATM+2,CALL,360.5,360.5,350.5,357.15,9920,154280,8.932739,83900,83705.62
2025-07-09 14:16:00,ATM+2,PUT,457.55,466.7,457.55,461.6,5960,81300,10.074903,83900,83705.62
2025-07-09 14:16:00,ATM+3,CALL,314.75,314.75,306,310.7,14520,345740,8.906763,84000,83705.62
2025-07-09 14:16:00,ATM+3,PUT,512.9,522.1,512.25,516.55,12480,128540,10.096572,84000,83705.62
2025-07-09 14:16:00,ATM+4,CALL,272.65,272.65,266,270.8,8700,97860,8.939501,84100,83705.62
2025-07-09 14:16:00,ATM+4,PUT,580.1,580.1,575.6,578.5,300,17840,10.199799,84100,83705.62
2025-07-09 14:16:00,ATM+5,CALL,235.25,235.25,228.6,232.5,5200,124160,8.915337,84200,83705.62
2025-07-09 14:16:00,ATM+5,PUT,630.95,644.4,630.95,637.6,600,14840,10.152006,84200,83705.62
2025-07-09 14:16:00,ATM+6,CALL,201.7,201.7,196.9,200,4420,87080,8.940125,84300,83705.62
2025-07-09 14:16:00,ATM+6,PUT,701.7,711.5,701.7,706.1,200,7060,10.252317,84300,83705.62
2025-07-09 14:16:00,ATM+7,CALL,173,173,167.45,170.55,6920,101200,8.950686,84400,83705.62
2025-07-09 14:16:00,ATM+7,PUT,782.35,782.35,781,781,40,5160,10.441677,84400,83705.62
2025-07-09 14:16:00,ATM+8,CALL,147.25,147.25,142.25,145.15,13260,223900,8.979668,84500,83705.62
2025-07-09 14:16:00,ATM+8,PUT,855,855,850.55,850.55,40,38040,10.416096,84500,83705.62
2025-07-09 14:16:00,ATM+9,CALL,124.15,124.15,120.3,122.65,3520,81900,9.002375,84600,83705.62
2025-07-09 14:16:00,ATM+9,PUT,929,929,929,929,0,2280,10.567342,84600,83705.62
2025-07-09 14:16:00,ATM+10,CALL,104.7,104.7,101.6,104,7500,96220,9.057785,84700,83705.62
2025-07-09 14:16:00,ATM+10,PUT,1012.35,1012.35,1012.35,1012.35,0,2260,10.705264,84700,83705.62
2025-07-09 14:17:00,ATM-10,CALL,1181.75,1181.75,1181.75,1181.75,40,2160,9.483422,82700,83674.46
2025-07-09 14:17:00,ATM-10,PUT,92.55,99.1,92.35,97.5,10240,87780,10.57337,82700,83674.46
2025-07-09 14:17:00,ATM-9,CALL,1090,1090,1073.95,1073.95,1100,2880,8.555658,82800,83674.46
2025-07-09 14:17:00,ATM-9,PUT,107,114.2,106.5,113.6,11600,96960,10.521976,82800,83674.46
2025-07-09 14:17:00,ATM-8,CALL,1012.2,1012.2,1012.2,1012.2,100,3320,9.409012,82900,83674.46
2025-07-09 14:17:00,ATM-8,PUT,122.65,130.65,122.65,130.2,6080,73220,10.416565,82900,83674.46
2025-07-09 14:17:00,ATM-7,CALL,922,922,901,908.9,25980,45900,8.635499,83000,83674.46
2025-07-09 14:17:00,ATM-7,PUT,142.65,152.35,141.9,150.15,17780,242720,10.348652,83000,83674.46
2025-07-09 14:17:00,ATM-6,CALL,853.75,853.75,853.75,853.75,40,7580,9.372299,83100,83674.46
2025-07-09 14:17:00,ATM-6,PUT,164.4,174.7,163.95,172.2,9120,77640,10.269805,83100,83674.46
2025-07-09 14:17:00,ATM-5,CALL,787.1,787.1,750.55,762.6,800,12900,8.890021,83200,83674.46
2025-07-09 14:17:00,ATM-5,PUT,187.8,200.25,187.7,198.45,13140,98200,10.233618,83200,83674.46
2025-07-09 14:17:00,ATM-4,CALL,713.35,713.45,679.5,686.4,4560,41620,8.773661,83300,83674.46
2025-07-09 14:17:00,ATM-4,PUT,215.75,229.95,215.75,227.65,12940,258360,10.196502,83300,83674.46
2025-07-09 14:17:00,ATM-3,CALL,641.75,641.75,612.65,620.85,4180,49060,8.849216,83400,83674.46
2025-07-09 14:17:00,ATM-3,PUT,246.5,262.2,246.5,259.8,19040,129080,10.154364,83400,83674.46
2025-07-09 14:17:00,ATM-2,CALL,576.95,579.65,547.45,557.05,31360,316420,8.867039,83500,83674.46
2025-07-09 14:17:00,ATM-2,PUT,281.75,299.2,280.9,297.1,44640,516840,10.157413,83500,83674.46
2025-07-09 14:17:00,ATM-1,CALL,514.85,517,486.8,495.6,30960,257880,8.84512,83600,83674.46
2025-07-09 14:17:00,ATM-1,PUT,320.3,338.9,319.2,335.3,52260,407360,10.098446,83600,83674.46
2025-07-09 14:17:00,ATM,CALL,459.75,461,432.4,439.3,45180,314740,8.849286,83700,83674.46
2025-07-09 14:17:00,ATM,PUT,363,383.05,362.1,380.25,55640,310960,10.115444,83700,83674.46
2025-07-09 14:17:00,ATM+1,CALL,407,408,381.55,387.2,50020,340280,8.854599,83800,83674.46
2025-07-09 14:17:00,ATM+1,PUT,411,432.2,409.05,428,42460,225840,10.112696,83800,83674.46
2025-07-09 14:17:00,ATM+2,CALL,356.7,358.15,334.25,341.25,33660,154280,8.906243,83900,83674.46
2025-07-09 14:17:00,ATM+2,PUT,461.7,486.35,460.5,480.7,11320,81300,10.14034,83900,83674.46
2025-07-09 14:17:00,ATM+3,CALL,312.1,312.9,290.9,296.7,45180,345740,8.89445,84000,83674.46
2025-07-09 14:17:00,ATM+3,PUT,516.5,540.3,515,536.65,17820,128540,10.159625,84000,83674.46
2025-07-09 14:17:00,ATM+4,CALL,271,271.5,252.4,257.7,17860,97860,8.918491,84100,83674.46
2025-07-09 14:17:00,ATM+4,PUT,573.6,601.75,571.9,598.55,3880,17840,10.23676,84100,83674.46
2025-07-09 14:17:00,ATM+5,CALL,233.8,234.1,217.1,220.9,29700,124160,8.900355,84200,83674.46
2025-07-09 14:17:00,ATM+5,PUT,636.55,664.45,636.55,660.25,2260,14840,10.227017,84200,83674.46
2025-07-09 14:17:00,ATM+6,CALL,200.35,200.35,185.6,189.4,18280,87080,8.920301,84300,83674.46
2025-07-09 14:17:00,ATM+6,PUT,713.15,733.55,713.15,723.35,740,7060,10.166285,84300,83674.46
2025-07-09 14:17:00,ATM+7,CALL,171.5,171.65,158.9,162,18380,101200,8.956045,84400,83674.46
2025-07-09 14:17:00,ATM+7,PUT,776.35,805.8,776.35,796.35,360,5160,10.27777,84400,83674.46
2025-07-09 14:17:00,ATM+8,CALL,145.55,145.8,134.4,137,39980,223900,8.966853,84500,83674.46
2025-07-09 14:17:00,ATM+8,PUT,862.9,880,862.9,875.15,620,38040,10.475222,84500,83674.46
2025-07-09 14:17:00,ATM+9,CALL,123.2,123.35,112.85,115.85,13960,81900,9.001265,84600,83674.46
2025-07-09 14:17:00,ATM+9,PUT,937,952.4,937,952.4,320,2300,10.562874,84600,83674.46
2025-07-09 14:17:00,ATM+10,CALL,103.6,103.95,95.35,97.55,13160,96220,9.039204,84700,83674.46
2025-07-09 14:17:00,ATM+10,PUT,1009.2,1009.2,1009.2,1009.2,80,2260,9.925808,84700,83674.46
2025-07-09 14:18:00,ATM-10,CALL,1181.75,1181.75,1181.75,1181.75,0,2160,9.483422,82700,83678.39
2025-07-09 14:18:00,ATM-10,PUT,97.05,99.9,95.8,96.8,4160,89080,10.571302,82700,83678.39
2025-07-09 14:18:00,ATM-9,CALL,1073.95,1073.95,1073.95,1073.95,0,2880,8.555658,82800,83678.39
2025-07-09 14:18:00,ATM-9,PUT,111.6,115,110.4,112.2,4200,99680,10.498444,82800,83678.39
2025-07-09 14:18:00,ATM-8,CALL,999,999,999,999,40,3340,8.813395,82900,83678.39
2025-07-09 14:18:00,ATM-8,PUT,128.55,132.25,127.3,129.05,2740,73460,10.405717,82900,83678.39
2025-07-09 14:18:00,ATM-7,CALL,920,922,905,920.5,1100,52640,8.922742,83000,83678.39
2025-07-09 14:18:00,ATM-7,PUT,149.1,152.5,147,148.9,12240,242800,10.338474,83000,83678.39
2025-07-09 14:18:00,ATM-6,CALL,842.25,842.25,842.25,842.25,60,7580,8.931105,83100,83678.39
2025-07-09 14:18:00,ATM-6,PUT,170.7,175.05,169,170.55,3840,77300,10.251718,83100,83678.39
2025-07-09 14:18:00,ATM-5,CALL,768.45,768.45,757,761.35,200,13160,8.770685,83200,83678.39
2025-07-09 14:18:00,ATM-5,PUT,197.8,201.5,194.8,196.05,3700,98200,10.19916,83200,83678.39
2025-07-09 14:18:00,ATM-4,CALL,696.4,697.85,684.5,695.3,1140,41620,8.939771,83300,83678.39
2025-07-09 14:18:00,ATM-4,PUT,226,231.15,222.7,226.4,6740,258060,10.196839,83300,83678.39
2025-07-09 14:18:00,ATM-3,CALL,626.6,629.7,615,625.45,780,49000,8.900403,83400,83678.39
2025-07-09 14:18:00,ATM-3,PUT,258.3,263.45,254.8,257.1,8900,129080,10.121529,83400,83678.39
2025-07-09 14:18:00,ATM-2,CALL,558.55,565.25,551,559.05,12580,316420,8.855925,83500,83678.39
2025-07-09 14:18:00,ATM-2,PUT,294.45,299.8,290.1,294.35,25200,516880,10.127685,83500,83678.39
2025-07-09 14:18:00,ATM-1,CALL,495.35,504.85,490.6,499.2,14160,258620,8.876341,83600,83678.39
2025-07-09 14:18:00,ATM-1,PUT,335.15,339.8,328,334.4,22620,407360,10.116617,83600,83678.39
2025-07-09 14:18:00,ATM,CALL,441.55,448.6,436,445,24200,313200,8.932976,83700,83678.39
2025-07-09 14:18:00,ATM,PUT,379.5,384.05,372,378.1,31640,312510,10.107411,83700,83678.39
2025-07-09 14:18:00,ATM+1,CALL,392,396.9,384.9,392.5,24420,335040,8.932122,83800,83678.39
2025-07-09 14:18:00,ATM+1,PUT,426.35,433.65,419.55,425.45,24700,226440,10.09873,83800,83678.39
2025-07-09 14:18:00,ATM+2,CALL,343.25,347.85,337.85,344.45,8320,153300,8.938766,83900,83678.39
2025-07-09 14:18:00,ATM+2,PUT,477.85,486.3,472.25,477.9,12160,80380,10.123839,83900,83678.39
2025-07-09 14:18:00,ATM+3,CALL,296.7,303.55,293.65,300.25,16840,347680,8.939509,84000,83678.39
2025-07-09 14:18:00,ATM+3,PUT,536.7,541.75,526.6,533,7280,128620,10.126234,84000,83678.39
2025-07-09 14:18:00,ATM+4,CALL,260.1,263.5,254.15,260,3900,98240,8.938132,84100,83678.39
2025-07-09 14:18:00,ATM+4,PUT,596.55,601,588.55,590.85,940,17880,10.108762,84100,83678.39
2025-07-09 14:18:00,ATM+5,CALL,221.7,227.45,219.45,224.45,8000,126360,8.955925,84200,83678.39
2025-07-09 14:18:00,ATM+5,PUT,657.35,662.3,651.8,654.7,440,14760,10.151893,84200,83678.39
2025-07-09 14:18:00,ATM+6,CALL,190.95,195,187.6,193.6,6600,87280,8.999268,84300,83678.39
2025-07-09 14:18:00,ATM+6,PUT,731.7,731.7,721.95,722.5,220,7200,10.21191,84300,83678.39
2025-07-09 14:18:00,ATM+7,CALL,163,166.55,161.9,164,4720,103120,8.982177,84400,83678.39
2025-07-09 14:18:00,ATM+7,PUT,796.35,796.35,796.35,796.35,0,5160,10.27777,84400,83678.39
2025-07-09 14:18:00,ATM+8,CALL,138.3,141.3,136.05,138.9,13440,221760,8.995577,84500,83678.39
2025-07-09 14:18:00,ATM+8,PUT,872.35,873.4,864.85,867.55,420,38040,10.34322,84500,83678.39
2025-07-09 14:18:00,ATM+9,CALL,116.2,119.35,114.95,117.5,4760,82500,9.027919,84600,83678.39
2025-07-09 14:18:00,ATM+9,PUT,952.4,952.4,952.4,952.4,0,2300,10.562874,84600,83678.39
2025-07-09 14:18:00,ATM+10,CALL,97.8,100.1,96.85,98.7,6760,98400,9.054494,84700,83678.39
2025-07-09 14:18:00,ATM+10,PUT,1009.2,1009.2,1009.2,1009.2,0,2260,9.925808,84700,83678.39
2025-07-09 14:19:00,ATM-10,CALL,1166.7,1166.7,1166.7,1166.7,40,2140,8.053744,82700,83691.26
2025-07-09 14:19:00,ATM-10,PUT,96.8,97.25,91.6,92.75,12220,89080,10.494383,82700,83691.26
2025-07-09 14:19:00,ATM-9,CALL,1077.85,1090,1077.7,1090,860,2880,8.621743,82800,83691.26
2025-07-09 14:19:00,ATM-9,PUT,112.4,112.4,105.75,106.05,11780,99680,10.361775,82800,83691.26
2025-07-09 14:19:00,ATM-8,CALL,1000.6,1010.1,1000.6,1010.1,140,3340,8.826832,82900,83691.26
2025-07-09 14:19:00,ATM-8,PUT,129.4,129.5,122.2,123.5,9380,73460,10.308341,82900,83691.26
2025-07-09 14:19:00,ATM-7,CALL,915.1,929,914.55,929,2440,52640,8.859526,83000,83691.26
2025-07-09 14:19:00,ATM-7,PUT,149.5,149.5,141.1,142.15,23580,242800,10.220218,83000,83691.26
2025-07-09 14:19:00,ATM-6,CALL,844.5,846.8,838.9,844.65,420,7580,8.693207,83100,83691.26
2025-07-09 14:19:00,ATM-6,PUT,170,172.1,163,163.7,10660,77300,10.147534,83100,83691.26
2025-07-09 14:19:00,ATM-5,CALL,763.1,775.3,763.1,771.1,700,13160,8.775277,83200,83691.26
2025-07-09 14:19:00,ATM-5,PUT,197.95,198,188.55,189.5,18780,98200,10.119262,83200,83691.26
2025-07-09 14:19:00,ATM-4,CALL,691.6,702.05,690.5,702.05,3480,41620,8.876028,83300,83691.26
2025-07-09 14:19:00,ATM-4,PUT,226.65,226.9,216,217.25,16860,258060,10.063158,83300,83691.26
2025-07-09 14:19:00,ATM-3,CALL,623.25,636.9,621.45,633.55,2400,49000,8.886737,83400,83691.26
2025-07-09 14:19:00,ATM-3,PUT,258.95,259.5,248.45,249.35,16300,129080,10.038878,83400,83691.26
2025-07-09 14:19:00,ATM-2,CALL,560.45,569.05,557.1,566.15,23260,316420,8.83015,83500,83691.26
2025-07-09 14:19:00,ATM-2,PUT,294.75,295.4,282.75,284.6,38260,516880,10.009739,83500,83691.26
2025-07-09 14:19:00,ATM-1,CALL,501.1,508,496.8,506.9,14660,258620,8.878203,83600,83691.26
2025-07-09 14:19:00,ATM-1,PUT,334.15,335.25,321.05,323.1,35360,407360,9.975407,83600,83691.26
2025-07-09 14:19:00,ATM,CALL,444.25,451.8,443,450.25,25280,313200,8.889719,83700,83691.26
2025-07-09 14:19:00,ATM,PUT,377.3,379.1,364.4,366.45,37080,312510,9.971109,83700,83691.26
2025-07-09 14:19:00,ATM+1,CALL,391.9,399.35,390.2,396.9,19500,335040,8.881827,83800,83691.26
2025-07-09 14:19:00,ATM+1,PUT,426.6,426.6,411.75,413.9,26860,226440,9.976687,83800,83691.26
2025-07-09 14:19:00,ATM+2,CALL,345,350.4,342.2,348.5,10980,153300,8.892616,83900,83691.26
2025-07-09 14:19:00,ATM+2,PUT,477.8,479,463.55,465.25,10860,80380,9.986962,83900,83691.26
2025-07-09 14:19:00,ATM+3,CALL,299.2,305.85,298.55,304.75,17540,347680,8.91583,84000,83691.26
2025-07-09 14:19:00,ATM+3,PUT,533.4,534.1,516.6,520.1,11360,128620,9.993107,84000,83691.26
2025-07-09 14:19:00,ATM+4,CALL,260.3,264.35,258.4,263,7640,98240,8.890126,84100,83691.26
2025-07-09 14:19:00,ATM+4,PUT,593.2,593.2,579,579.65,2960,17880,10.024972,84100,83691.26
2025-07-09 14:19:00,ATM+5,CALL,224.15,228.25,222.3,227.25,7940,126360,8.913696,84200,83691.26
2025-07-09 14:19:00,ATM+5,PUT,656.3,658.5,640,640,3000,14760,9.990637,84200,83691.26
2025-07-09 14:19:00,ATM+6,CALL,192.65,195.15,191.05,195.15,5200,87280,8.934781,84300,83691.26
2025-07-09 14:19:00,ATM+6,PUT,724.3,724.75,706.65,712.05,1440,7200,10.163967,84300,83691.26
2025-07-09 14:19:00,ATM+7,CALL,163.85,166.75,162.35,166.15,6160,103120,8.943236,84400,83691.26
2025-07-09 14:19:00,ATM+7,PUT,782.25,782.25,782.25,782.25,240,5200,10.214676,84400,83691.26
2025-07-09 14:19:00,ATM+8,CALL,138.85,141.9,137.45,141.1,14440,221760,8.967954,84500,83691.26
2025-07-09 14:19:00,ATM+8,PUT,870.5,870.5,853.6,853.6,340,38040,10.215111,84500,83691.26
2025-07-09 14:19:00,ATM+9,CALL,117.2,119.25,116.65,119.25,3540,82500,8.996198,84600,83691.26
2025-07-09 14:19:00,ATM+9,PUT,941.55,941.55,931.8,931.8,420,2300,10.329677,84600,83691.26
2025-07-09 14:19:00,ATM+10,CALL,98.75,100.4,97.9,100.2,7140,98400,9.023696,84700,83691.26
2025-07-09 14:19:00,ATM+10,PUT,1025.15,1025.15,1022,1022,200,2260,10.742319,84700,83691.26
2025-07-09 14:20:00,ATM-10,CALL,1166.7,1166.7,1166.7,1166.7,0,2140,8.053744,82700,83684.99
2025-07-09 14:20:00,ATM-10,PUT,92.6,93.25,91.25,91.85,2720,89080,10.422022,82700,83684.99
2025-07-09 14:20:00,ATM-9,CALL,1090,1090,1090,1090,0,2880,8.621743,82800,83684.99
2025-07-09 14:20:00,ATM-9,PUT,107.05,107.15,105.4,105.85,2160,99680,10.315529,82800,83684.99
2025-07-09 14:20:00,ATM-8,CALL,1010.1,1010.1,1010.1,1010.1,0,3340,8.826832,82900,83684.99
2025-07-09 14:20:00,ATM-8,PUT,122.85,123.25,121.8,122.2,980,73460,10.224063,82900,83684.99
2025-07-09 14:20:00,ATM-7,CALL,929,929.75,928.6,929.75,120,52640,9.056969,83000,83684.99
2025-07-09 14:20:00,ATM-7,PUT,142.4,143.45,140.45,141,8420,242800,10.141424,83000,83684.99
2025-07-09 14:20:00,ATM-6,CALL,844.65,844.65,844.65,844.65,0,7580,8.693207,83100,83684.99
2025-07-09 14:20:00,ATM-6,PUT,163.7,165.4,162,163.65,2000,77300,10.100759,83100,83684.99
2025-07-09 14:20:00,ATM-5,CALL,774.7,774.7,774.7,774.7,260,13160,9.015753,83200,83684.99
2025-07-09 14:20:00,ATM-5,PUT,189.7,190.75,186.7,188.2,4880,98200,10.035483,83200,83684.99
2025-07-09 14:20:00,ATM-4,CALL,699.35,704.1,699.35,704.1,320,41620,9.052966,83300,83684.99
2025-07-09 14:20:00,ATM-4,PUT,218.2,219,214.8,216.2,3980,258060,9.984824,83300,83684.99
2025-07-09 14:20:00,ATM-3,CALL,631.05,635.75,631,635.75,540,49000,9.052643,83400,83684.99
2025-07-09 14:20:00,ATM-3,PUT,248.4,251.35,245.85,247.55,2800,129080,9.939553,83400,83684.99
2025-07-09 14:20:00,ATM-2,CALL,566.45,571.2,565,568.5,6700,316420,8.987413,83500,83684.99
2025-07-09 14:20:00,ATM-2,PUT,283.7,286.3,281,282.85,13560,516880,9.909574,83500,83684.99
2025-07-09 14:20:00,ATM-1,CALL,504.55,509.9,502.85,508.4,18260,258620,9.004284,83600,83684.99
2025-07-09 14:20:00,ATM-1,PUT,323.05,325.85,319,321.95,22860,407360,9.886631,83600,83684.99
2025-07-09 14:20:00,ATM,CALL,449.25,453.9,447.4,451.65,13140,313200,9.004994,83700,83684.99
2025-07-09 14:20:00,ATM,PUT,366.65,368.65,362,364.7,29080,312510,9.864276,83700,83684.99
2025-07-09 14:20:00,ATM+1,CALL,396,401.55,394.8,399.25,11180,335040,9.012179,83800,83684.99
2025-07-09 14:20:00,ATM+1,PUT,413.5,416.3,409,410.75,11500,226440,9.832608,83800,83684.99
2025-07-09 14:20:00,ATM+2,CALL,345,352.8,345,350.2,11000,153300,9.001999,83900,83684.99
2025-07-09 14:20:00,ATM+2,PUT,466,468,461.1,461.1,2560,80380,9.813897,83900,83684.99
2025-07-09 14:20:00,ATM+3,CALL,304,307.2,302.95,305,12520,347680,8.98627,84000,83684.99
2025-07-09 14:20:00,ATM+3,PUT,517.8,523.65,514.25,516.8,4220,128620,9.832819,84000,83684.99
2025-07-09 14:20:00,ATM+4,CALL,263,266.25,261.45,265.1,4980,98240,9.000823,84100,83684.99
2025-07-09 14:20:00,ATM+4,PUT,579,582.8,575,575.15,460,17880,9.827374,84100,83684.99
2025-07-09 14:20:00,ATM+5,CALL,226.5,229.55,225.85,228,2400,126360,8.988308,84200,83684.99
2025-07-09 14:20:00,ATM+5,PUT,640.1,646.6,638.4,638.4,300,14760,9.85353,84200,83684.99
2025-07-09 14:20:00,ATM+6,CALL,193.6,197.15,193.6,195.35,2440,87280,8.992252,84300,83684.99
2025-07-09 14:20:00,ATM+6,PUT,710.2,710.2,710.2,710.2,20,7200,10.010815,84300,83684.99
2025-07-09 14:20:00,ATM+7,CALL,165.65,168,165,167.5,1900,103120,9.029505,84400,83684.99
2025-07-09 14:20:00,ATM+7,PUT,781.3,781.3,781.3,781.3,20,5200,10.073643,84400,83684.99
2025-07-09 14:20:00,ATM+8,CALL,140.4,142.45,140,141.85,7300,221760,9.036158,84500,83684.99
2025-07-09 14:20:00,ATM+8,PUT,855.7,855.7,851.15,851.15,60,38040,10.019033,84500,83684.99
2025-07-09 14:20:00,ATM+9,CALL,118.85,120.65,118.55,119.9,1980,82500,9.06034,84600,83684.99
2025-07-09 14:20:00,ATM+9,PUT,931.8,931.8,931.8,931.8,0,2300,10.329677,84600,83684.99
2025-07-09 14:20:00,ATM+10,CALL,100.2,101.45,99.85,100.6,5240,98400,9.078692,84700,83684.99
2025-07-09 14:20:00,ATM+10,PUT,1022,1022,1022,1022,0,2260,10.742319,84700,83684.99
2025-07-09 14:21:00,ATM-10,CALL,1166.7,1166.7,1166.7,1166.7,0,2140,8.053744,82700,83697.03
2025-07-09 14:21:00,ATM-10,PUT,92.55,93.55,90.9,91.55,3140,90280,10.483538,82700,83697.03
2025-07-09 14:21:00,ATM-9,CALL,1088.45,1095.1,1088.45,1095.1,40,3880,8.627639,82800,83697.03
2025-07-09 14:21:00,ATM-9,PUT,105.9,107.1,104.55,105.05,1340,98800,10.363034,82800,83697.03
2025-07-09 14:21:00,ATM-8,CALL,1010.1,1010.1,1010.1,1010.1,0,3340,8.826832,82900,83697.03
2025-07-09 14:21:00,ATM-8,PUT,122.75,123.5,121.15,121.15,1000,74220,10.268787,82900,83697.03
2025-07-09 14:21:00,ATM-7,CALL,926.35,932.2,922.2,932.2,1040,77160,8.810444,83000,83697.03
2025-07-09 14:21:00,ATM-7,PUT,141.9,143.4,140.25,141,5440,243520,10.225257,83000,83697.03
2025-07-09 14:21:00,ATM-6,CALL,844.65,844.65,844.65,844.65,0,7580,8.693207,83100,83697.03
2025-07-09 14:21:00,ATM-6,PUT,163.55,164.85,161.6,162,940,77680,10.140679,83100,83697.03
2025-07-09 14:21:00,ATM-5,CALL,774.25,776.3,774,776.3,120,13360,8.802422,83200,83697.03
2025-07-09 14:21:00,ATM-5,PUT,188.25,190.15,186.25,187.05,2800,97720,10.096759,83200,83697.03
2025-07-09 14:21:00,ATM-4,CALL,703.7,704.6,698.85,704.6,480,42920,8.834809,83300,83697.03
2025-07-09 14:21:00,ATM-4,PUT,216.55,218,213.85,214.85,3340,254200,10.047764,83300,83697.03
2025-07-09 14:21:00,ATM-3,CALL,633.2,634.15,632.2,634.15,1440,49580,8.802717,83400,83697.03
2025-07-09 14:21:00,ATM-3,PUT,246.15,249.7,244.9,245.7,4480,127880,9.997307,83400,83697.03
2025-07-09 14:21:00,ATM-2,CALL,569.65,571.65,564.65,569.1,4640,323960,8.813375,83500,83697.03
2025-07-09 14:21:00,ATM-2,PUT,282.6,285.95,279.55,281.2,8300,516180,9.980516,83500,83697.03
2025-07-09 14:21:00,ATM-1,CALL,508.8,510.5,503.7,508.55,4440,263940,8.836372,83600,83697.03
2025-07-09 14:21:00,ATM-1,PUT,321.15,324.9,318.05,319.7,8760,406820,9.951788,83600,83697.03
2025-07-09 14:21:00,ATM,CALL,452.1,454,448.15,452.1,13680,326880,8.859017,83700,83697.03
2025-07-09 14:21:00,ATM,PUT,363.35,367.95,360.75,362.75,15780,310200,9.945778,83700,83697.03
2025-07-09 14:21:00,ATM+1,CALL,399.7,402.25,397,400.65,11420,325700,8.901221,83800,83697.03
2025-07-09 14:21:00,ATM+1,PUT,410.35,415.6,408.2,409.85,5440,224820,9.948358,83800,83697.03
2025-07-09 14:21:00,ATM+2,CALL,350.9,352,347.6,350.5,7880,158580,8.876795,83900,83697.03
2025-07-09 14:21:00,ATM+2,PUT,461.35,467.2,458.85,460.9,6740,86120,9.956573,83900,83697.03
2025-07-09 14:21:00,ATM+3,CALL,306.2,307.55,303,305.7,10840,343560,8.8806,84000,83697.03
2025-07-09 14:21:00,ATM+3,PUT,516.75,522,513.25,515.7,3000,127280,9.966204,84000,83697.03
2025-07-09 14:21:00,ATM+4,CALL,265.1,265.7,262.4,265.15,1860,98680,8.888644,84100,83697.03
2025-07-09 14:21:00,ATM+4,PUT,575.65,576.25,573.5,573.5,180,18260,9.960611,84100,83697.03
2025-07-09 14:21:00,ATM+5,CALL,228.75,229.05,226,228.3,4400,122620,8.890268,84200,83697.03
2025-07-09 14:21:00,ATM+5,PUT,640.2,640.2,638.3,638.3,60,14660,10.038897,84200,83697.03
2025-07-09 14:21:00,ATM+6,CALL,196.15,196.75,194.65,196.1,1160,86280,8.913234,84300,83697.03
2025-07-09 14:21:00,ATM+6,PUT,712.8,712.8,704.8,704.8,140,6920,10.077529,84300,83697.03
2025-07-09 14:21:00,ATM+7,CALL,167.9,168,165.5,166.6,2080,101420,8.912296,84400,83697.03
2025-07-09 14:21:00,ATM+7,PUT,781.55,781.55,781.55,781.55,20,5360,10.302368,84400,83697.03
2025-07-09 14:21:00,ATM+8,CALL,142.2,142.8,140.7,142.1,13820,220640,8.956588,84500,83697.03
2025-07-09 14:21:00,ATM+8,PUT,858.45,858.45,858.45,858.45,40,37940,10.465116,84500,83697.03
2025-07-09 14:21:00,ATM+9,CALL,119.9,120,118.75,119.5,640,81020,8.965775,84600,83697.03
2025-07-09 14:21:00,ATM+9,PUT,935,935,935,935,20,2300,10.549344,84600,83697.03
2025-07-09 14:21:00,ATM+10,CALL,101,101.4,99.9,100.4,3320,100420,8.994373,84700,83697.03
2025-07-09 14:21:00,ATM+10,PUT,1022,1022,1022,1022,0,2260,10.742319,84700,83697.03
2025-07-09 14:22:00,ATM-10,CALL,1166.7,1166.7,1166.7,1166.7,0,2140,8.053744,82700,83700.42
2025-07-09 14:22:00,ATM-10,PUT,91.4,93.1,91.4,91.8,1200,90280,10.514248,82700,83700.42
2025-07-09 14:22:00,ATM-9,CALL,1095,1095.1,1095,1095.1,40,3880,8.497732,82800,83700.42
2025-07-09 14:22:00,ATM-9,PUT,104.95,107.5,104.95,105.9,1860,98800,10.415554,82800,83700.42
2025-07-09 14:22:00,ATM-8,CALL,1010.1,1010.1,1010.1,1010.1,0,3340,8.826832,82900,83700.42
2025-07-09 14:22:00,ATM-8,PUT,121.9,123.35,121.7,122.15,520,74220,10.325119,82900,83700.42
2025-07-09 14:22:00,ATM-7,CALL,930,934,921.05,932.05,1020,77160,8.710159,83000,83700.42
2025-07-09 14:22:00,ATM-7,PUT,141,143,140.8,141.2,4100,243520,10.255417,83000,83700.42
2025-07-09 14:22:00,ATM-6,CALL,849.25,849.25,845,845,60,7640,8.475234,83100,83700.42
2025-07-09 14:22:00,ATM-6,PUT,162.5,164.8,162.3,162.65,1220,77680,10.184872,83100,83700.42
2025-07-09 14:22:00,ATM-5,CALL,770.4,779.45,770.4,776,100,13360,8.719538,83200,83700.42
2025-07-09 14:22:00,ATM-5,PUT,188.05,190.35,187.65,187.65,1660,97720,10.139872,83200,83700.42
2025-07-09 14:22:00,ATM-4,CALL,698.1,703.25,697.2,703.25,160,42920,8.731855,83300,83700.42
2025-07-09 14:22:00,ATM-4,PUT,214.75,217.95,214.7,215.4,3560,254200,10.090259,83300,83700.42
2025-07-09 14:22:00,ATM-3,CALL,630,635.5,630,635.5,1080,49580,8.778692,83400,83700.42
2025-07-09 14:22:00,ATM-3,PUT,245.3,249.55,245.3,246.55,2840,127880,10.048479,83400,83700.42
2025-07-09 14:22:00,ATM-2,CALL,569.45,571.35,563.3,571.15,4320,323960,8.811072,83500,83700.42
2025-07-09 14:22:00,ATM-2,PUT,280.95,285.3,280.6,280.6,10520,516180,9.997332,83500,83700.42
2025-07-09 14:22:00,ATM-1,CALL,509.2,510.1,502.4,509.85,4540,263940,8.8194,83600,83700.42
2025-07-09 14:22:00,ATM-1,PUT,319.95,324.2,319.6,320.2,9040,406820,9.997331,83600,83700.42
2025-07-09 14:22:00,ATM,CALL,453,454.8,447.05,453.4,10180,326880,8.845691,83700,83700.42
2025-07-09 14:22:00,ATM,PUT,362.45,367.65,361.5,362.7,11320,310200,9.980546,83700,83700.42
2025-07-09 14:22:00,ATM+1,CALL,399.85,401.2,395.05,401.1,5540,325700,8.871513,83800,83700.42
2025-07-09 14:22:00,ATM+1,PUT,411,415,408.9,410.25,5120,224820,9.996234,83800,83700.42
2025-07-09 14:22:00,ATM+2,CALL,351.2,352.1,346.8,352,6140,158580,8.874809,83900,83700.42
2025-07-09 14:22:00,ATM+2,PUT,461.9,466.5,459.25,462.75,2180,86120,10.04116,83900,83700.42
2025-07-09 14:22:00,ATM+3,CALL,306,307.25,301.2,307,9140,343560,8.877155,84000,83700.42
2025-07-09 14:22:00,ATM+3,PUT,516.3,520.75,514.15,515.35,3920,127280,10.002757,84000,83700.42
2025-07-09 14:22:00,ATM+4,CALL,264.25,266.35,261.55,265.15,3060,98680,8.857063,84100,83700.42
2025-07-09 14:22:00,ATM+4,PUT,576,580.55,574.85,574.85,220,18260,10.041388,84100,83700.42
2025-07-09 14:22:00,ATM+5,CALL,227.25,229.75,225.35,229.75,2820,122620,8.897042,84200,83700.42
2025-07-09 14:22:00,ATM+5,PUT,637.1,644.2,636.8,636.8,480,14660,10.05468,84200,83700.42
2025-07-09 14:22:00,ATM+6,CALL,194.45,197,193,196,960,86280,8.883241,84300,83700.42
2025-07-09 14:22:00,ATM+6,PUT,704.85,704.85,704.85,704.85,40,6920,10.136,84300,83700.42
2025-07-09 14:22:00,ATM+7,CALL,167.15,167.2,164.55,167.2,880,101420,8.903162,84400,83700.42
2025-07-09 14:22:00,ATM+7,PUT,775.25,781,775.25,781,100,5360,10.34977,84400,83700.42
2025-07-09 14:22:00,ATM+8,CALL,141.15,142.35,139.3,141.9,8740,220640,8.92666,84500,83700.42
2025-07-09 14:22:00,ATM+8,PUT,853.95,853.95,850,850,80,37940,10.299733,84500,83700.42
2025-07-09 14:22:00,ATM+9,CALL,119.5,120.25,117.9,119.35,1220,81020,8.938391,84600,83700.42
2025-07-09 14:22:00,ATM+9,PUT,935,935,935,935,0,2300,10.549344,84600,83700.42
2025-07-09 14:22:00,ATM+10,CALL,100.45,101,98.9,100.25,1720,100420,8.967843,84700,83700.42
2025-07-09 14:22:00,ATM+10,PUT,1022,1022,1022,1022,0,2260,10.742319,84700,83700.42
2025-07-09 14:23:00,ATM-10,CALL,1166.7,1166.7,1166.7,1166.7,0,2140,8.053744,82700,83678.73
2025-07-09 14:23:00,ATM-10,PUT,91.55,95.8,91.55,95.35,2160,90280,10.52054,82700,83678.73
2025-07-09 14:23:00,ATM-9,CALL,1095.1,1095.1,1095.1,1095.1,0,3880,8.497732,82800,83678.73
2025-07-09 14:23:00,ATM-9,PUT,106,110.6,105.95,109.7,2400,98800,10.414765,82800,83678.73
2025-07-09 14:23:00,ATM-8,CALL,1010.1,1010.1,1010.1,1010.1,0,3340,8.826832,82900,83678.73
2025-07-09 14:23:00,ATM-8,PUT,122.6,127.5,122.6,126.45,1280,74220,10.32494,82900,83678.73
2025-07-09 14:23:00,ATM-7,CALL,928.3,930.85,912.4,914.75,880,77160,8.723002,83000,83678.73
2025-07-09 14:23:00,ATM-7,PUT,140.8,147.35,140.8,146.55,13260,243520,10.271056,83000,83678.73
2025-07-09 14:23:00,ATM-6,CALL,845,845,840,840,140,7640,8.857678,83100,83678.73
2025-07-09 14:23:00,ATM-6,PUT,165,169.95,165,168.9,2340,77680,10.208853,83100,83678.73
2025-07-09 14:23:00,ATM-5,CALL,759,763.25,759,763.25,140,13360,8.822502,83200,83678.73
2025-07-09 14:23:00,ATM-5,PUT,188.4,195.2,188.4,193.8,5440,97720,10.142464,83200,83678.73
2025-07-09 14:23:00,ATM-4,CALL,704,704,688.55,690.5,1180,42920,8.807538,83300,83678.73
2025-07-09 14:23:00,ATM-4,PUT,216,224.65,216,222.3,8380,254200,10.094802,83300,83678.73
2025-07-09 14:23:00,ATM-3,CALL,631.1,631.1,619.9,624,1600,49580,8.861243,83400,83678.73
2025-07-09 14:23:00,ATM-3,PUT,245.6,256.55,245.6,254.65,5400,127880,10.065162,83400,83678.73
2025-07-09 14:23:00,ATM-2,CALL,571.5,571.5,555,558.85,9700,323960,8.849466,83500,83678.73
2025-07-09 14:23:00,ATM-2,PUT,280.8,293,280.8,290.7,14120,516180,10.044186,83500,83678.73
2025-07-09 14:23:00,ATM-1,CALL,507.45,508.9,495,497.85,9020,263940,8.842902,83600,83678.73
2025-07-09 14:23:00,ATM-1,PUT,318.6,331.9,318.6,329.55,29760,406820,10.006781,83600,83678.73
2025-07-09 14:23:00,ATM,CALL,453.9,453.9,439.2,444,23800,326880,8.9087,83700,83678.73
2025-07-09 14:23:00,ATM,PUT,362.4,376,362.4,373.5,32640,310200,10.005309,83700,83678.73
2025-07-09 14:23:00,ATM+1,CALL,401.75,401.75,388,391.1,12260,325700,8.898996,83800,83678.73
2025-07-09 14:23:00,ATM+1,PUT,410.5,424,410.5,421.35,11380,224820,10.00915,83800,83678.73
2025-07-09 14:23:00,ATM+2,CALL,351.65,351.65,340.35,343.3,6420,158580,8.911628,83900,83678.73
2025-07-09 14:23:00,ATM+2,PUT,460,477.1,460,472.1,10360,86120,9.994625,83900,83678.73
2025-07-09 14:23:00,ATM+3,CALL,306.45,306.45,296,298.5,16000,343560,8.898013,84000,83678.73
2025-07-09 14:23:00,ATM+3,PUT,514.7,533,514.7,527.9,4260,127280,10.012338,84000,83678.73
2025-07-09 14:23:00,ATM+4,CALL,265.8,265.8,256.5,258.8,3680,98680,8.909142,84100,83678.73
2025-07-09 14:23:00,ATM+4,PUT,576.65,592.05,576.65,592.05,340,18260,10.144228,84100,83678.73
2025-07-09 14:23:00,ATM+5,CALL,229.15,229.15,220.7,222.95,6740,122620,8.918542,84200,83678.73
2025-07-09 14:23:00,ATM+5,PUT,637,655,637,655,960,14660,10.166266,84200,83678.73
2025-07-09 14:23:00,ATM+6,CALL,195.6,195.6,188.9,190.85,1500,86280,8.927483,84300,83678.73
2025-07-09 14:23:00,ATM+6,PUT,723,723.35,721.65,721.65,120,6920,10.197553,84300,83678.73
2025-07-09 14:23:00,ATM+7,CALL,166.1,166.4,161.35,163.1,14420,101420,8.957764,84400,83678.73
2025-07-09 14:23:00,ATM+7,PUT,781,796.5,781,796.5,220,5360,10.362691,84400,83678.73
2025-07-09 14:23:00,ATM+8,CALL,142.05,142.05,136.75,138.5,11160,220640,8.984422,84500,83678.73
2025-07-09 14:23:00,ATM+8,PUT,850,850,850,850,0,37940,10.299733,84500,83678.73
2025-07-09 14:23:00,ATM+9,CALL,119.35,119.35,115.45,116.8,5760,81020,9.006388,84600,83678.73
2025-07-09 14:23:00,ATM+9,PUT,935,935,935,935,0,2300,10.549344,84600,83678.73
2025-07-09 14:23:00,ATM+10,CALL,100.4,100.45,97.1,98.9,3760,100420,9.062343,84700,83678.73
2025-07-09 14:23:00,ATM+10,PUT,1022,1022,1022,1022,0,2260,10.742319,84700,83678.73
2025-07-09 14:24:00,ATM-10,CALL,1148.1,1148.1,1148.1,1148.1,80,2080,8.467719,82700,83661.75
2025-07-09 14:24:00,ATM-10,PUT,94.85,101,93.4,100.45,7980,87040,10.61001,82700,83661.75
2025-07-09 14:24:00,ATM-9,CALL,1085.4,1085.4,1060,1060,180,3620,8.436607,82800,83661.75
2025-07-09 14:24:00,ATM-9,PUT,109.35,117.05,107.5,117.05,6100,98300,10.563844,82800,83661.75
2025-07-09 14:24:00,ATM-8,CALL,982.4,982.4,970,970,100,3300,8.244244,82900,83661.75
2025-07-09 14:24:00,ATM-8,PUT,125.8,135.2,123.9,135.2,6920,74580,10.496648,82900,83661.75
2025-07-09 14:24:00,ATM-7,CALL,921,925,890,890,2500,76580,8.345762,83000,83661.75
2025-07-09 14:24:00,ATM-7,PUT,145.65,155.05,143,155.05,20740,244440,10.411155,83000,83661.75
2025-07-09 14:24:00,ATM-6,CALL,840,840.05,817.6,817.6,280,7640,8.571993,83100,83661.75
2025-07-09 14:24:00,ATM-6,PUT,167.9,179.2,165,179.2,10900,77940,10.379016,83100,83661.75
2025-07-09 14:24:00,ATM-5,CALL,770.2,770.2,739.25,739.25,660,13220,8.495045,83200,83661.75
2025-07-09 14:24:00,ATM-5,PUT,193.1,206,189.95,206,27620,97720,10.342039,83200,83661.75
2025-07-09 14:24:00,ATM-4,CALL,695.6,700.15,666.6,668.9,3860,42920,8.549385,83300,83661.75
2025-07-09 14:24:00,ATM-4,PUT,222.6,235.55,219,235.55,16300,257300,10.298996,83300,83661.75
2025-07-09 14:24:00,ATM-3,CALL,630,630.75,601.3,601.3,6240,49680,8.571713,83400,83661.75
2025-07-09 14:24:00,ATM-3,PUT,253.7,269.75,249.9,269.75,15840,127880,10.293863,83400,83661.75
2025-07-09 14:24:00,ATM-2,CALL,562.6,564.85,540,541.25,25840,323960,8.680563,83500,83661.75
2025-07-09 14:24:00,ATM-2,PUT,290.35,306.4,285.5,306.2,26460,511800,10.261655,83500,83661.75
2025-07-09 14:24:00,ATM-1,CALL,499.85,505.6,480.25,481.05,23660,262140,8.681558,83600,83661.75
2025-07-09 14:24:00,ATM-1,PUT,328.85,346.75,324,346.75,28880,406820,10.245611,83600,83661.75
2025-07-09 14:24:00,ATM,CALL,443.85,449,427,427,29160,329260,8.728938,83700,83661.75
2025-07-09 14:24:00,ATM,PUT,372.95,391.1,367,391.1,34360,314360,10.235821,83700,83661.75
2025-07-09 14:24:00,ATM+1,CALL,393.1,395.95,375.7,375.7,26480,333900,8.7412,83800,83661.75
2025-07-09 14:24:00,ATM+1,PUT,419.35,442.25,414.5,442.25,22540,224680,10.300774,83800,83661.75
2025-07-09 14:24:00,ATM+2,CALL,344,348,327.7,327.7,14720,161500,8.731906,83900,83661.75
2025-07-09 14:24:00,ATM+2,PUT,472.1,495.55,467.1,495.55,18040,81140,10.332178,83900,83661.75
2025-07-09 14:24:00,ATM+3,CALL,299.7,303.3,285.95,285.95,29880,347320,8.771294,84000,83661.75
2025-07-09 14:24:00,ATM+3,PUT,527.05,548.2,521,547.25,12800,126040,10.242327,84000,83661.75
2025-07-09 14:24:00,ATM+4,CALL,260,262.45,247.05,247.05,10960,96740,8.781899,84100,83661.75
2025-07-09 14:24:00,ATM+4,PUT,586.95,615.6,585.15,615.6,3360,17140,10.465651,84100,83661.75
2025-07-09 14:24:00,ATM+5,CALL,223.55,226,212.35,212.35,16620,126120,8.798899,84200,83661.75
2025-07-09 14:24:00,ATM+5,PUT,652,679.45,652,679.45,3180,13380,10.504348,84200,83661.75
2025-07-09 14:24:00,ATM+6,CALL,192,193.55,182.75,183.25,8180,85340,8.864995,84300,83661.75
2025-07-09 14:24:00,ATM+6,PUT,735.7,746.4,735.4,746.4,680,6980,10.540865,84300,83661.75
2025-07-09 14:24:00,ATM+7,CALL,163.95,165.55,155.2,155.6,10460,109040,8.877814,84400,83661.75
2025-07-09 14:24:00,ATM+7,PUT,783.95,819.2,783.95,819.2,280,5420,10.651906,84400,83661.75
2025-07-09 14:24:00,ATM+8,CALL,138.6,140.55,131.2,131.6,16100,228400,8.900356,84500,83661.75
2025-07-09 14:24:00,ATM+8,PUT,866.2,890,858.9,890,1240,37820,10.633945,84500,83661.75
2025-07-09 14:24:00,ATM+9,CALL,117.3,118.3,111.15,111.35,6040,81480,8.946099,84600,83661.75
2025-07-09 14:24:00,ATM+9,PUT,961.1,961.1,961.1,961.1,220,2020,10.538621,84600,83661.75
2025-07-09 14:24:00,ATM+10,CALL,98.8,99.75,93.2,93.2,7660,100580,8.971797,84700,83661.75
2025-07-09 14:24:00,ATM+10,PUT,1039.1,1039.1,1039.1,1039.1,100,2260,10.563351,84700,83661.75
2025-07-09 14:25:00,ATM-10,CALL,1148.1,1148.1,1148.1,1148.1,0,2080,8.467719,82700,83667.71
2025-07-09 14:25:00,ATM-10,PUT,101.4,103.9,96.8,97.35,12420,87040,10.530394,82700,83667.71
2025-07-09 14:25:00,ATM-9,CALL,1043.7,1043.7,1043.7,1043.7,20,3620,7.422826,82800,83667.71
2025-07-09 14:25:00,ATM-9,PUT,117.1,119.6,110.7,110.7,8300,98300,10.380879,82800,83667.71
2025-07-09 14:25:00,ATM-8,CALL,970,970,970,970,0,3300,8.244244,82900,83667.71
2025-07-09 14:25:00,ATM-8,PUT,134.65,137.6,127.7,127.7,8620,74580,10.293478,82900,83667.71
2025-07-09 14:25:00,ATM-7,CALL,893.7,910,884.9,910,3620,76580,8.865048,83000,83667.71
2025-07-09 14:25:00,ATM-7,PUT,155.35,158.7,147.6,147.6,27740,244440,10.227002,83000,83667.71
2025-07-09 14:25:00,ATM-6,CALL,810,827,810,827,300,7640,8.721358,83100,83667.71
2025-07-09 14:25:00,ATM-6,PUT,178.2,182.55,169.75,169.75,6800,77940,10.153021,83100,83667.71
2025-07-09 14:25:00,ATM-5,CALL,739.8,753.15,732.2,753.15,920,13220,8.769138,83200,83667.71
2025-07-09 14:25:00,ATM-5,PUT,205.4,209.5,195.45,195.45,17900,97720,10.102678,83200,83667.71
2025-07-09 14:25:00,ATM-4,CALL,669.95,683,663.95,683,2380,42920,8.817144,83300,83667.71
2025-07-09 14:25:00,ATM-4,PUT,234.5,239.55,224.35,224.35,15220,257300,10.058304,83300,83667.71
2025-07-09 14:25:00,ATM-3,CALL,603.5,616,597.55,616,6520,49680,8.846814,83400,83667.71
2025-07-09 14:25:00,ATM-3,PUT,268.7,273.35,256.2,256.2,16720,127880,10.008401,83400,83667.71
2025-07-09 14:25:00,ATM-2,CALL,540.05,552.5,532.8,551,26720,323960,8.828805,83500,83667.71
2025-07-09 14:25:00,ATM-2,PUT,305,311.1,292.8,293.5,51860,511800,10.010267,83500,83667.71
2025-07-09 14:25:00,ATM-1,CALL,480.8,492.2,474,492.2,29860,262140,8.864748,83600,83667.71
2025-07-09 14:25:00,ATM-1,PUT,345.15,352.2,331.6,332.1,51900,406820,9.95838,83600,83667.71
2025-07-09 14:25:00,ATM,CALL,428.3,436.15,420.6,436.05,56980,329260,8.865508,83700,83667.71
2025-07-09 14:25:00,ATM,PUT,391.4,397.25,375.3,376.65,54360,314360,9.96219,83700,83667.71
2025-07-09 14:25:00,ATM+1,CALL,374.5,385.75,370.3,385.75,36440,333900,8.905974,83800,83667.71
2025-07-09 14:25:00,ATM+1,PUT,441.3,447.4,424,424,40340,224680,9.945136,83800,83667.71
2025-07-09 14:25:00,ATM+2,CALL,327.9,337.9,324.6,337.8,27920,161500,8.904419,83900,83667.71
2025-07-09 14:25:00,ATM+2,PUT,493.6,500,475.75,475.75,16440,81140,9.944219,83900,83667.71
2025-07-09 14:25:00,ATM+3,CALL,286.15,294,282.95,294,29980,347320,8.903619,84000,83667.71
2025-07-09 14:25:00,ATM+3,PUT,548.9,558.95,532,532,10620,126040,9.962418,84000,83667.71
2025-07-09 14:25:00,ATM+4,CALL,247.25,254.05,244.25,253,10860,96740,8.872426,84100,83667.71
2025-07-09 14:25:00,ATM+4,PUT,611.2,619.25,592.35,592.35,1860,17140,9.992498,84100,83667.71
2025-07-09 14:25:00,ATM+5,CALL,212.35,218.75,209.65,218.75,23340,126120,8.910013,84200,83667.71
2025-07-09 14:25:00,ATM+5,PUT,677.15,685.45,657.55,657.65,1460,13380,10.059046,84200,83667.71
2025-07-09 14:25:00,ATM+6,CALL,182,187.75,179.7,187.65,7600,85340,8.934101,84300,83667.71
2025-07-09 14:25:00,ATM+6,PUT,745.5,745.5,727,727,700,6980,10.146394,84300,83667.71
2025-07-09 14:25:00,ATM+7,CALL,155.35,160.05,153.1,159.95,8460,109040,8.955391,84400,83667.71
2025-07-09 14:25:00,ATM+7,PUT,814.7,814.7,814,814,220,5420,10.624222,84400,83667.71
2025-07-09 14:25:00,ATM+8,CALL,131.6,135.6,130.2,135.4,37260,228400,8.972589,84500,83667.71
2025-07-09 14:25:00,ATM+8,PUT,895.15,902.65,875.7,877.95,1300,37820,10.418613,84500,83667.71
2025-07-09 14:25:00,ATM+9,CALL,111.3,114.5,109.5,114,6340,81480,8.992464,84600,83667.71
2025-07-09 14:25:00,ATM+9,PUT,961.1,961.1,961.1,961.1,0,2020,10.538621,84600,83667.71
2025-07-09 14:25:00,ATM+10,CALL,93.7,96.4,91.9,96.05,14840,100580,9.035007,84700,83667.71
2025-07-09 14:25:00,ATM+10,PUT,1039.1,1039.1,1039.1,1039.1,0,2260,10.563351,84700,83667.71
2025-07-09 14:26:00,ATM-10,CALL,1148.1,1148.1,1148.1,1148.1,20,2080,8.821098,82700,83653.33
2025-07-09 14:26:00,ATM-10,PUT,96.1,99,95.55,98.9,2920,87040,10.500983,82700,83653.33
2025-07-09 14:26:00,ATM-9,CALL,1068.55,1068.55,1068.55,1068.55,20,3620,9.087113,82800,83653.33
2025-07-09 14:26:00,ATM-9,PUT,111.2,114.1,110,113.6,2340,98300,10.390801,82800,83653.33
2025-07-09 14:26:00,ATM-8,CALL,986.35,987.45,986.35,987.45,60,3300,9.155324,82900,83653.33
2025-07-09 14:26:00,ATM-8,PUT,127.65,131.4,127,131.4,1880,74580,10.317963,82900,83653.33
2025-07-09 14:26:00,ATM-7,CALL,908,915,900,900,2620,76580,8.916165,83000,83653.33
2025-07-09 14:26:00,ATM-7,PUT,147.55,152.05,146.4,152.05,8780,244440,10.261573,83000,83653.33
2025-07-09 14:26:00,ATM-6,CALL,833.45,833.45,833.45,833.45,20,7640,9.253859,83100,83653.33
2025-07-09 14:26:00,ATM-6,PUT,169.45,173.35,168.85,173.35,2440,77940,10.150105,83100,83653.33
2025-07-09 14:26:00,ATM-5,CALL,756.1,759,749.75,749.75,140,13220,8.974926,83200,83653.33
2025-07-09 14:26:00,ATM-5,PUT,195.2,201.05,194.35,201.05,4980,97720,10.142552,83200,83653.33
2025-07-09 14:26:00,ATM-4,CALL,684.2,688.15,672.05,677.85,2720,42920,8.950081,83300,83653.33
2025-07-09 14:26:00,ATM-4,PUT,224.55,231,223,231,5640,257300,10.111819,83300,83653.33
2025-07-09 14:26:00,ATM-3,CALL,614.9,620.4,609.05,610,1740,49680,8.937882,83400,83653.33
2025-07-09 14:26:00,ATM-3,PUT,256.25,264,255,264,5740,127880,10.076725,83400,83653.33
2025-07-09 14:26:00,ATM-2,CALL,553,556,545.7,546,14200,323960,8.927253,83500,83653.33
2025-07-09 14:26:00,ATM-2,PUT,293.2,300.35,291.85,300.35,23880,511800,10.041372,83500,83653.33
2025-07-09 14:26:00,ATM-1,CALL,493.5,495.95,485.05,486,14660,262140,8.918043,83600,83653.33
2025-07-09 14:26:00,ATM-1,PUT,331.6,340.85,330.45,340.85,22040,406820,10.021684,83600,83653.33
2025-07-09 14:26:00,ATM,CALL,437.95,439.8,430.2,430.95,23900,329260,8.929809,83700,83653.33
2025-07-09 14:26:00,ATM,PUT,376,384.5,374.45,384.5,24320,314360,9.991252,83700,83653.33
2025-07-09 14:26:00,ATM+1,CALL,386.3,389,380.1,380.1,15100,333900,8.943181,83800,83653.33
2025-07-09 14:26:00,ATM+1,PUT,423.4,434.25,423.4,434.25,10700,224680,10.017526,83800,83653.33
2025-07-09 14:26:00,ATM+2,CALL,338.8,341.1,333,333.5,8240,161500,8.959472,83900,83653.33
2025-07-09 14:26:00,ATM+2,PUT,477.2,485.7,475.5,485.7,3680,81140,9.997408,83900,83653.33
2025-07-09 14:26:00,ATM+3,CALL,293.8,296.5,289.4,289.4,20660,347320,8.938389,84000,83653.33
2025-07-09 14:26:00,ATM+3,PUT,533.4,543.1,530.7,543.1,3840,126040,10.03104,84000,83653.33
2025-07-09 14:26:00,ATM+4,CALL,255,256.85,250.8,250.8,4880,96740,8.952587,84100,83653.33
2025-07-09 14:26:00,ATM+4,PUT,598.7,602.65,591.85,602.65,340,17140,10.030775,84100,83653.33
2025-07-09 14:26:00,ATM+5,CALL,219.55,221.4,215.75,215.85,8720,126120,8.961457,84200,83653.33
2025-07-09 14:26:00,ATM+5,PUT,662.85,667.65,655.5,667.65,300,13380,10.078732,84200,83653.33
2025-07-09 14:26:00,ATM+6,CALL,187.4,189.7,184.5,185,6040,85340,8.980657,84300,83653.33
2025-07-09 14:26:00,ATM+6,PUT,726.6,726.6,724.8,724.8,80,6980,9.838522,84300,83653.33
2025-07-09 14:26:00,ATM+7,CALL,160.45,162.05,157.55,157.55,3140,109040,8.997692,84400,83653.33
2025-07-09 14:26:00,ATM+7,PUT,801.2,801.2,800.75,800.75,40,5420,9.998095,84400,83653.33
2025-07-09 14:26:00,ATM+8,CALL,136.2,137.35,133.2,133.2,9320,228400,9.009778,84500,83653.33
2025-07-09 14:26:00,ATM+8,PUT,875,875,875,875,20,37820,10.03612,84500,83653.33
2025-07-09 14:26:00,ATM+9,CALL,114.25,115.15,112.8,113,3100,81480,9.057644,84600,83653.33
2025-07-09 14:26:00,ATM+9,PUT,961.1,961.1,961.1,961.1,0,2020,10.538621,84600,83653.33
2025-07-09 14:26:00,ATM+10,CALL,96.25,97.25,94.35,94.35,5740,100580,9.067415,84700,83653.33
2025-07-09 14:26:00,ATM+10,PUT,1039.1,1039.1,1039.1,1039.1,0,2260,10.563351,84700,83653.33
2025-07-09 14:27:00,ATM-10,CALL,1211.75,1211.75,1206.6,1206.6,1220,2320,8.469717,82600,83627.52
2025-07-09 14:27:00,ATM-10,PUT,85.6,95.4,84.9,93.05,19880,83800,10.740874,82600,83627.52
2025-07-09 14:27:00,ATM-9,CALL,1124.75,1124.75,1110.4,1120.25,760,2020,8.584085,82700,83627.52
2025-07-09 14:27:00,ATM-9,PUT,98.35,110.55,97.65,106.85,24620,85040,10.634444,82700,83627.52
2025-07-09 14:27:00,ATM-8,CALL,1039.3,1039.3,1028.75,1028.75,1060,3500,8.368135,82800,83627.52
2025-07-09 14:27:00,ATM-8,PUT,113.75,126.7,112.7,123.25,23500,95960,10.554226,82800,83627.52
2025-07-09 14:27:00,ATM-7,CALL,985.45,985.45,947.9,947.9,1120,3280,8.498254,82900,83627.52
2025-07-09 14:27:00,ATM-7,PUT,131.1,144.75,129.75,142.65,23180,74000,10.501629,82900,83627.52
2025-07-09 14:27:00,ATM-6,CALL,897.55,905.25,852.2,873.3,7940,78680,8.715343,83000,83627.52
2025-07-09 14:27:00,ATM-6,PUT,151.5,167.85,150,163.7,51200,245620,10.425905,83000,83627.52
2025-07-09 14:27:00,ATM-5,CALL,820.15,821.6,780,794.3,3700,7840,8.669988,83100,83627.52
2025-07-09 14:27:00,ATM-5,PUT,174.35,193,173,188.55,32340,76980,10.385628,83100,83627.52
2025-07-09 14:27:00,ATM-4,CALL,749.75,749.75,710.4,722.05,3520,13500,8.726986,83200,83627.52
2025-07-09 14:27:00,ATM-4,PUT,200.6,221.6,198.8,214.8,34200,103280,10.306572,83200,83627.52
2025-07-09 14:27:00,ATM-3,CALL,675.9,682.4,642,654.9,10380,42680,8.817457,83300,83627.52
2025-07-09 14:27:00,ATM-3,PUT,230.15,252.95,228.3,245.9,39440,252740,10.277208,83300,83627.52
2025-07-09 14:27:00,ATM-2,CALL,610,611.7,574.85,588.25,11280,49300,8.817205,83400,83627.52
2025-07-09 14:27:00,ATM-2,PUT,262.45,287.4,260.25,281.1,37320,128420,10.269397,83400,83627.52
2025-07-09 14:27:00,ATM-1,CALL,546.45,549.8,512.8,527.2,46180,328520,8.857924,83500,83627.52
2025-07-09 14:27:00,ATM-1,PUT,299.3,326.75,296.6,320.2,101380,516020,10.273434,83500,83627.52
2025-07-09 14:27:00,ATM,CALL,487.15,490,453.9,468.95,44280,268680,8.867201,83600,83627.52
2025-07-09 14:27:00,ATM,PUT,339.3,368.9,337.4,361.65,103300,398740,10.249979,83600,83627.52
2025-07-09 14:27:00,ATM+1,CALL,431.25,435.95,403.4,415.2,78760,339580,8.885174,83700,83627.52
2025-07-09 14:27:00,ATM+1,PUT,382.6,416.25,382,408.85,95340,309240,10.278016,83700,83627.52
2025-07-09 14:27:00,ATM+2,CALL,381.3,383.85,355.7,365.55,59860,329560,8.901708,83800,83627.52
2025-07-09 14:27:00,ATM+2,PUT,432.35,467.7,429.15,459,67540,217920,10.290797,83800,83627.52
2025-07-09 14:27:00,ATM+3,CALL,333.65,336.4,309.55,321.55,47480,162320,8.953783,83900,83627.52
2025-07-09 14:27:00,ATM+3,PUT,484.45,523.55,482.7,514.5,35800,82220,10.345029,83900,83627.52
2025-07-09 14:27:00,ATM+4,CALL,291.1,293.55,269.5,279.5,57740,352040,8.956434,84000,83627.52
2025-07-09 14:27:00,ATM+4,PUT,542.3,581.6,541.3,571.45,24080,125620,10.35079,84000,83627.52
2025-07-09 14:27:00,ATM+5,CALL,251.65,254.15,232.15,241.2,30640,95740,8.953384,84100,83627.52
2025-07-09 14:27:00,ATM+5,PUT,602.9,644.9,602.25,635.5,5800,17500,10.444828,84100,83627.52
2025-07-09 14:27:00,ATM+6,CALL,217.05,218.45,199.95,207.95,36380,128400,8.980626,84200,83627.52
2025-07-09 14:27:00,ATM+6,PUT,668.15,714.15,667.4,701.25,8480,13200,10.502139,84200,83627.52
2025-07-09 14:27:00,ATM+7,CALL,185.2,186.45,170.8,178.3,25000,83760,9.007957,84300,83627.52
2025-07-09 14:27:00,ATM+7,PUT,744,781.05,744,771,1840,7220,10.5829,84300,83627.52
2025-07-09 14:27:00,ATM+8,CALL,158.45,159.45,145.15,151.2,22940,104940,9.011414,84400,83627.52
2025-07-09 14:27:00,ATM+8,PUT,810.7,852.5,809.1,840.7,1960,5500,10.585136,84400,83627.52
2025-07-09 14:27:00,ATM+9,CALL,134.15,135.75,123.5,129.7,53040,239340,9.086575,84500,83627.52
2025-07-09 14:27:00,ATM+9,PUT,889,930,889,917,4420,37060,10.691015,84500,83627.52
2025-07-09 14:27:00,ATM+10,CALL,112.8,114.2,103.85,109.1,20320,82540,9.10279,84600,83627.52
2025-07-09 14:27:00,ATM+10,PUT,1002.4,1002.4,994.2,994.2,1160,2140,10.751949,84600,83627.52
2025-07-09 14:28:00,ATM-10,CALL,1207.25,1207.25,1207.25,1207.25,120,2320,9.04439,82600,83615.53
2025-07-09 14:28:00,ATM-10,PUT,93.75,94.1,87.9,89.25,14240,83800,10.519406,82600,83615.53
2025-07-09 14:28:00,ATM-9,CALL,1119.5,1119.5,1119.5,1119.5,40,2020,9.01318,82700,83615.53
2025-07-09 14:28:00,ATM-9,PUT,107.45,108.2,101.25,102.8,15560,85040,10.412027,82700,83615.53
2025-07-09 14:28:00,ATM-8,CALL,1028.55,1037.45,1028.55,1037.45,380,3500,9.117404,82800,83615.53
2025-07-09 14:28:00,ATM-8,PUT,123.8,125,116.75,118.1,13320,95960,10.301639,82800,83615.53
2025-07-09 14:28:00,ATM-7,CALL,960,961.9,955,961.9,400,3280,9.335185,82900,83615.53
2025-07-09 14:28:00,ATM-7,PUT,142.25,144.1,135,135.85,14080,74000,10.204777,82900,83615.53
2025-07-09 14:28:00,ATM-6,CALL,871.05,884.9,866.7,881,1540,78680,9.263279,83000,83615.53
2025-07-09 14:28:00,ATM-6,PUT,163.7,165,155,157.9,24080,245620,10.167774,83000,83615.53
2025-07-09 14:28:00,ATM-5,CALL,793,809.3,793,802.4,580,7840,9.180099,83100,83615.53
2025-07-09 14:28:00,ATM-5,PUT,188.4,189.55,179.7,181.55,14040,76980,10.098723,83100,83615.53
2025-07-09 14:28:00,ATM-4,CALL,723.2,734.3,719.5,732.65,1380,13500,9.260074,83200,83615.53
2025-07-09 14:28:00,ATM-4,PUT,216.45,216.55,205.95,208,19120,103280,10.029289,83200,83615.53
2025-07-09 14:28:00,ATM-3,CALL,653,664.05,649.6,663.9,2640,42680,9.267823,83300,83615.53
2025-07-09 14:28:00,ATM-3,PUT,247.6,249.2,236.4,239.25,21140,252740,10.005535,83300,83615.53
2025-07-09 14:28:00,ATM-2,CALL,585.5,597.7,584.6,597.7,5740,49300,9.248245,83400,83615.53
2025-07-09 14:28:00,ATM-2,PUT,281.5,284.4,269.5,271.85,22480,128420,9.932942,83400,83615.53
2025-07-09 14:28:00,ATM-1,CALL,525.45,536,520.65,532.7,24800,328520,9.16802,83500,83615.53
2025-07-09 14:28:00,ATM-1,PUT,319.4,322.55,308.2,311.2,58060,516020,9.941768,83500,83615.53
2025-07-09 14:28:00,ATM,CALL,467.9,477,463.75,475.2,20620,268680,9.176578,83600,83615.53
2025-07-09 14:28:00,ATM,PUT,362.25,364.7,348.2,351.85,53560,398740,9.895346,83600,83615.53
2025-07-09 14:28:00,ATM+1,CALL,413.75,422.75,411.2,420.6,30100,339580,9.159504,83700,83615.53
2025-07-09 14:28:00,ATM+1,PUT,407.9,411.3,393.2,397.8,58000,309240,9.887473,83700,83615.53
2025-07-09 14:28:00,ATM+2,CALL,365.2,373.5,361.8,370.9,24820,329560,9.162943,83800,83615.53
2025-07-09 14:28:00,ATM+2,PUT,458.85,461.55,444.4,446.45,27460,217920,9.855583,83800,83615.53
2025-07-09 14:28:00,ATM+3,CALL,320.55,326.75,317.05,325.75,19440,162320,9.178831,83900,83615.53
2025-07-09 14:28:00,ATM+3,PUT,515.1,517.3,497.4,500.05,14900,82220,9.851892,83900,83615.53
2025-07-09 14:28:00,ATM+4,CALL,279.55,284.4,275.95,282.8,32700,352040,9.152729,84000,83615.53
2025-07-09 14:28:00,ATM+4,PUT,571.85,575.2,555.35,558.1,13820,125620,9.865942,84000,83615.53
2025-07-09 14:28:00,ATM+5,CALL,241.55,246.3,239.25,244.15,9640,95740,9.135338,84100,83615.53
2025-07-09 14:28:00,ATM+5,PUT,635.5,637,617.9,619.85,2620,17500,9.882339,84100,83615.53
2025-07-09 14:28:00,ATM+6,CALL,207.35,212.15,205,210.6,14060,128400,9.150705,84200,83615.53
2025-07-09 14:28:00,ATM+6,PUT,700.25,700.35,682.7,684.35,1820,13200,9.88011,84200,83615.53
2025-07-09 14:28:00,ATM+7,CALL,178.3,181.5,175.55,179.95,8260,83760,9.148127,84300,83615.53
2025-07-09 14:28:00,ATM+7,PUT,771.75,774.9,752.6,752.95,720,7220,9.896255,84300,83615.53
2025-07-09 14:28:00,ATM+8,CALL,151.2,154.65,149.25,154,7360,104940,9.181597,84400,83615.53
2025-07-09 14:28:00,ATM+8,PUT,845.4,845.4,824.8,831.7,220,5500,10.10544,84400,83615.53
2025-07-09 14:28:00,ATM+9,CALL,128.8,131.15,126.75,130.3,11160,239340,9.189866,84500,83615.53
2025-07-09 14:28:00,ATM+9,PUT,922.8,923.95,900,902.45,540,37060,10.014366,84500,83615.53
2025-07-09 14:28:00,ATM+10,CALL,109.1,110.6,106.6,109.6,10320,82540,9.199629,84600,83615.53
2025-07-09 14:28:00,ATM+10,PUT,993.05,993.05,993.05,993.05,80,2140,10.439121,84600,83615.53
2025-07-09 14:29:00,ATM-10,CALL,1207.25,1207.25,1207.25,1207.25,0,2320,9.04439,82600,83606.21
2025-07-09 14:29:00,ATM-10,PUT,88.95,94.85,88.95,94.85,7620,83800,10.683212,82600,83606.21
2025-07-09 14:29:00,ATM-9,CALL,1119.5,1119.5,1119.5,1119.5,0,2020,9.01318,82700,83606.21
2025-07-09 14:29:00,ATM-9,PUT,102.4,108.6,102.4,108.6,7120,85040,10.564363,82700,83606.21
2025-07-09 14:29:00,ATM-8,CALL,1037.45,1037.45,1037.45,1037.45,0,3500,9.117404,82800,83606.21
2025-07-09 14:29:00,ATM-8,PUT,117.9,125,117.9,124.9,6360,95960,10.470174,82800,83606.21
2025-07-09 14:29:00,ATM-7,CALL,956,961.95,946.4,946.4,400,3280,9.065417,82900,83606.21
2025-07-09 14:29:00,ATM-7,PUT,135.95,143.8,135.95,143.5,5280,74000,10.381976,82900,83606.21
2025-07-09 14:29:00,ATM-6,CALL,880,880,870,870,920,78680,9.147103,83000,83606.21
2025-07-09 14:29:00,ATM-6,PUT,158.05,166,158.05,166,18840,245620,10.339747,83000,83606.21
2025-07-09 14:29:00,ATM-5,CALL,805.25,805.25,790,790,340,7840,9.022793,83100,83606.21
2025-07-09 14:29:00,ATM-5,PUT,181.05,190,181.05,189.7,7720,76980,10.255418,83100,83606.21
2025-07-09 14:29:00,ATM-4,CALL,730.65,730.65,720,720,540,13500,9.097037,83200,83606.21
2025-07-09 14:29:00,ATM-4,PUT,207.05,219,207.05,219,8540,103280,10.246426,83200,83606.21
2025-07-09 14:29:00,ATM-3,CALL,660.25,660.25,650,650,1260,42680,9.072084,83300,83606.21
2025-07-09 14:29:00,ATM-3,PUT,238.3,250,238.3,250,16160,252740,10.199639,83300,83606.21
2025-07-09 14:29:00,ATM-2,CALL,597,597.5,586.8,587,2400,49300,9.131417,83400,83606.21
2025-07-09 14:29:00,ATM-2,PUT,271,285.25,271,285.25,11840,128420,10.178003,83400,83606.21
2025-07-09 14:29:00,ATM-1,CALL,534.35,534.35,520.5,520.5,13340,328520,9.010127,83500,83606.21
2025-07-09 14:29:00,ATM-1,PUT,310.2,323.45,309.4,323.45,48200,516020,10.145033,83500,83606.21
2025-07-09 14:29:00,ATM,CALL,475.85,475.85,463.7,463.7,18000,268680,9.029756,83600,83606.21
2025-07-09 14:29:00,ATM,PUT,350.45,366.55,350.45,366.55,48960,398740,10.144807,83600,83606.21
2025-07-09 14:29:00,ATM+1,CALL,420.65,421.35,410.9,412.55,32260,339580,9.085976,83700,83606.21
2025-07-09 14:29:00,ATM+1,PUT,396.85,413.3,396.85,412.15,40720,309240,10.118492,83700,83606.21
2025-07-09 14:29:00,ATM+2,CALL,371.75,371.75,362,362,27580,329560,9.060789,83800,83606.21
2025-07-09 14:29:00,ATM+2,PUT,445.8,464.35,445.8,464.35,24320,217920,10.161205,83800,83606.21
2025-07-09 14:29:00,ATM+3,CALL,325.8,325.8,316.95,316.95,15620,162320,9.069163,83900,83606.21
2025-07-09 14:29:00,ATM+3,PUT,499.5,517.35,499.5,517.15,10860,82220,10.133081,83900,83606.21
2025-07-09 14:29:00,ATM+4,CALL,283.3,283.4,275,275,22200,352040,9.055893,84000,83606.21
2025-07-09 14:29:00,ATM+4,PUT,557.8,575.5,557.8,575.45,8500,125620,10.149711,84000,83606.21
2025-07-09 14:29:00,ATM+5,CALL,245.5,245.65,237.95,237.95,7080,95740,9.066163,84100,83606.21
2025-07-09 14:29:00,ATM+5,PUT,620.55,638.85,620.55,638.85,1740,17500,10.205605,84100,83606.21
2025-07-09 14:29:00,ATM+6,CALL,211.75,211.75,205,205,4900,128400,9.085223,84200,83606.21
2025-07-09 14:29:00,ATM+6,PUT,684.8,705,684.8,705,1260,13200,10.247947,84200,83606.21
2025-07-09 14:29:00,ATM+7,CALL,181.05,181.05,176.25,176.25,4400,83760,9.121876,84300,83606.21
2025-07-09 14:29:00,ATM+7,PUT,766.3,770.4,766.3,768.1,140,7220,10.126449,84300,83606.21
2025-07-09 14:29:00,ATM+8,CALL,153.9,154.15,150.2,150.65,6060,104940,9.15498,84400,83606.21
2025-07-09 14:29:00,ATM+8,PUT,835.8,848,835.8,848,880,5500,10.370379,84400,83606.21
2025-07-09 14:29:00,ATM+9,CALL,130.5,130.6,126.7,127,14100,239340,9.153819,84500,83606.21
2025-07-09 14:29:00,ATM+9,PUT,911.4,921,911.4,912.5,920,37060,10.103878,84500,83606.21
2025-07-09 14:29:00,ATM+10,CALL,110.4,110.4,107.15,107.15,12100,82540,9.180074,84600,83606.21
2025-07-09 14:29:00,ATM+10,PUT,993.05,993.05,993.05,993.05,0,2140,10.439121,84600,83606.21
2025-07-09 14:30:00,ATM-10,CALL,1178,1178,1151.4,1167.8,160,3340,9.682072,82600,83553.6
2025-07-09 14:30:00,ATM-10,PUT,94.15,104.45,94.15,102.5,32820,81640,10.650832,82600,83553.6
2025-07-09 14:30:00,ATM-9,CALL,1091.1,1091.1,1081.8,1081.8,180,2140,9.606707,82700,83553.6
2025-07-09 14:30:00,ATM-9,PUT,109.8,120,109.25,117.7,36260,82700,10.548178,82700,83553.6
2025-07-09 14:30:00,ATM-8,CALL,990.85,1001.05,989.25,1001.05,620,3520,9.63928,82800,83553.6
2025-07-09 14:30:00,ATM-8,PUT,124.3,137.6,124.3,135.1,30720,93360,10.452596,82800,83553.6
2025-07-09 14:30:00,ATM-7,CALL,920,920.7,913.5,920.7,820,3060,9.594873,82900,83553.6
2025-07-09 14:30:00,ATM-7,PUT,143.7,158.1,143.7,155.25,37780,71580,10.37341,82900,83553.6
2025-07-09 14:30:00,ATM-6,CALL,862.9,862.9,826.65,834.3,7940,81740,9.291495,83000,83553.6
2025-07-09 14:30:00,ATM-6,PUT,164.25,181.15,164.25,178.05,77200,240760,10.299195,83000,83553.6
2025-07-09 14:30:00,ATM-5,CALL,759.4,772.8,756.45,759.2,1460,7840,9.25246,83100,83553.6
2025-07-09 14:30:00,ATM-5,PUT,189.35,207.9,189.35,205.1,33520,73340,10.267038,83100,83553.6
2025-07-09 14:30:00,ATM-4,CALL,715,715,680.65,689.5,3520,13160,9.27126,83200,83553.6
2025-07-09 14:30:00,ATM-4,PUT,218.3,237.3,218.3,234.45,53080,103280,10.215909,83200,83553.6
2025-07-09 14:30:00,ATM-3,CALL,645,645,615.9,625.65,10060,42680,9.346045,83300,83553.6
2025-07-09 14:30:00,ATM-3,PUT,248.6,271.75,248.6,267.75,52160,251420,10.184988,83300,83553.6
2025-07-09 14:30:00,ATM-2,CALL,583.7,583.7,553.5,556.9,9720,49860,9.205654,83400,83553.6
2025-07-09 14:30:00,ATM-2,PUT,282.6,309.25,282.6,304.5,58980,128420,10.156592,83400,83553.6
2025-07-09 14:30:00,ATM-1,CALL,522.8,522.8,494.3,497,64280,328520,9.19202,83500,83553.6
2025-07-09 14:30:00,ATM-1,PUT,321.25,349.25,321.25,344.05,149380,502880,10.112275,83500,83553.6
2025-07-09 14:30:00,ATM,CALL,462.7,462.7,438.7,441.25,70240,277360,9.183399,83600,83553.6
2025-07-09 14:30:00,ATM,PUT,364.45,392.7,364.25,388.25,144420,398740,10.093744,83600,83553.6
2025-07-09 14:30:00,ATM+1,CALL,412.45,412.45,388,390.65,90300,347320,9.201448,83700,83553.6
2025-07-09 14:30:00,ATM+1,PUT,410.45,441.2,410.45,436.65,156840,298140,10.088234,83700,83553.6
2025-07-09 14:30:00,ATM+2,CALL,362.3,362.3,341.6,344.05,70720,338320,9.219136,83800,83553.6
2025-07-09 14:30:00,ATM+2,PUT,463.05,495.55,463.05,489.15,83780,206540,10.092951,83800,83553.6
2025-07-09 14:30:00,ATM+3,CALL,317.65,317.65,298,301,43780,167720,9.227016,83900,83553.6
2025-07-09 14:30:00,ATM+3,PUT,517.55,553.95,517.55,545.3,38660,82500,10.098052,83900,83553.6
2025-07-09 14:30:00,ATM+4,CALL,276.75,276.75,259.25,261.15,69720,353960,9.218024,84000,83553.6
2025-07-09 14:30:00,ATM+4,PUT,575.2,615.65,575.2,606.4,42320,123580,10.136489,84000,83553.6
2025-07-09 14:30:00,ATM+5,CALL,238.95,238.95,224,225.75,21640,98580,9.224891,84100,83553.6
2025-07-09 14:30:00,ATM+5,PUT,644.7,678.1,644.7,671.65,6000,17080,10.193447,84100,83553.6
2025-07-09 14:30:00,ATM+6,CALL,205.75,205.75,192.55,194,36960,131600,9.232138,84200,83553.6
2025-07-09 14:30:00,ATM+6,PUT,711.9,746.15,711.9,737.7,4140,11580,10.188054,84200,83553.6
2025-07-09 14:30:00,ATM+7,CALL,176.1,176.1,164.45,166,21900,84040,9.247558,84300,83553.6
2025-07-09 14:30:00,ATM+7,PUT,778,811.35,777.25,808.35,1460,7740,10.219192,84300,83553.6
2025-07-09 14:30:00,ATM+8,CALL,150.05,150.05,140.15,141.5,33280,103060,9.271297,84400,83553.6
2025-07-09 14:30:00,ATM+8,PUT,861.95,887.45,861.95,887.45,1400,6260,10.40607,84400,83553.6
2025-07-09 14:30:00,ATM+9,CALL,125.7,125.7,118.8,120.25,45500,232040,9.304344,84500,83553.6
2025-07-09 14:30:00,ATM+9,PUT,927.15,965.6,927.15,965.6,3460,36580,10.499004,84500,83553.6
2025-07-09 14:30:00,ATM+10,CALL,107.25,107.25,100.65,101.3,20480,80160,9.32422,84600,83553.6
2025-07-09 14:30:00,ATM+10,PUT,1042,1043.85,1027.25,1027.25,500,2300,9.983003,84600,83553.6
2025-07-09 14:31:00,ATM-10,CALL,1148.65,1148.65,1148.65,1148.65,100,3340,8.491062,82600,83562.42
2025-07-09 14:31:00,ATM-10,PUT,102.5,105.9,100.35,100.85,14380,81640,10.644461,82600,83562.42
2025-07-09 14:31:00,ATM-9,CALL,1081.8,1081.8,1081.8,1081.8,0,2140,9.606707,82700,83562.42
2025-07-09 14:31:00,ATM-9,PUT,117.85,121.5,115,115,14760,82700,10.512098,82700,83562.42
2025-07-09 14:31:00,ATM-8,CALL,983.9,993.8,983.9,993.8,80,3520,9.13635,82800,83562.42
2025-07-09 14:31:00,ATM-8,PUT,135,140.4,131.6,131.6,15200,93360,10.399514,82800,83562.42
2025-07-09 14:31:00,ATM-7,CALL,894.5,922,894.5,922,240,3060,9.417047,82900,83562.42
2025-07-09 14:31:00,ATM-7,PUT,155,160.5,151.75,151.75,12300,71580,10.330447,82900,83562.42
2025-07-09 14:31:00,ATM-6,CALL,832.4,846.15,823.65,846.15,4480,81740,9.446213,83000,83562.42
2025-07-09 14:31:00,ATM-6,PUT,178.7,183.7,174.55,174.55,44100,240760,10.265586,83000,83562.42
2025-07-09 14:31:00,ATM-5,CALL,757.2,770.25,749.6,770.25,560,7840,9.383084,83100,83562.42
2025-07-09 14:31:00,ATM-5,PUT,204.4,210.45,200.35,200.35,15100,73340,10.208362,83100,83562.42
2025-07-09 14:31:00,ATM-4,CALL,677.95,700,677.95,698.05,960,13160,9.336704,83200,83562.42
2025-07-09 14:31:00,ATM-4,PUT,234.9,240.75,229.3,230.5,18680,103280,10.187783,83200,83562.42
2025-07-09 14:31:00,ATM-3,CALL,619,631,610,630.2,2040,42680,9.31561,83300,83562.42
2025-07-09 14:31:00,ATM-3,PUT,267.95,274.6,261.9,263.35,24180,251420,10.153952,83300,83562.42
2025-07-09 14:31:00,ATM-2,CALL,559.2,569.3,549.15,569,6900,49860,9.368528,83400,83562.42
2025-07-09 14:31:00,ATM-2,PUT,304.15,311.2,298,299.3,33800,128420,10.114413,83400,83562.42
2025-07-09 14:31:00,ATM-1,CALL,497,508,489.85,505.5,32020,328520,9.273187,83500,83562.42
2025-07-09 14:31:00,ATM-1,PUT,343.4,352.45,338.15,339.4,90960,502880,10.09145,83500,83562.42
2025-07-09 14:31:00,ATM,CALL,441.15,451,434.25,451,32200,277360,9.300835,83600,83562.42
2025-07-09 14:31:00,ATM,PUT,387.7,396.85,380.65,380.65,78360,398740,10.011556,83600,83562.42
2025-07-09 14:31:00,ATM+1,CALL,390.3,400.5,383.55,400,37180,347320,9.31716,83700,83562.42
2025-07-09 14:31:00,ATM+1,PUT,437.9,447.35,428.4,429.75,61600,298140,10.030304,83700,83562.42
2025-07-09 14:31:00,ATM+2,CALL,344.65,354,336.45,354,35920,338320,9.357663,83800,83562.42
2025-07-09 14:31:00,ATM+2,PUT,489.95,499.65,481.4,481.4,32620,206540,10.022467,83800,83562.42
2025-07-09 14:31:00,ATM+3,CALL,301.1,309,294.15,309,16620,167720,9.329489,83900,83562.42
2025-07-09 14:31:00,ATM+3,PUT,546.6,556,538.6,540,18740,82500,10.092297,83900,83562.42
2025-07-09 14:31:00,ATM+4,CALL,261.3,268,254.6,268,22540,353960,9.303362,84000,83562.42
2025-07-09 14:31:00,ATM+4,PUT,607.45,616.3,596.45,596.45,17740,123580,10.025695,84000,83562.42
2025-07-09 14:31:00,ATM+5,CALL,226,233,221.85,233,7920,98580,9.331557,84100,83562.42
2025-07-09 14:31:00,ATM+5,PUT,674.85,682.4,658.55,658.55,1620,17080,10.008478,84100,83562.42
2025-07-09 14:31:00,ATM+6,CALL,193.15,199.6,190.25,199.6,11100,131600,9.308503,84200,83562.42
2025-07-09 14:31:00,ATM+6,PUT,737.5,750,729,729,1240,11580,10.117319,84200,83562.42
2025-07-09 14:31:00,ATM+7,CALL,165.95,171.3,162.2,171.3,6760,84040,9.328043,84300,83562.42
2025-07-09 14:31:00,ATM+7,PUT,821.85,821.85,800.35,800.35,360,7740,10.171565,84300,83562.42
2025-07-09 14:31:00,ATM+8,CALL,141.3,146.35,137.85,146.35,7620,103060,9.351862,84400,83562.42
2025-07-09 14:31:00,ATM+8,PUT,896.7,896.7,889.45,889.45,280,6260,10.643459,84400,83562.42
2025-07-09 14:31:00,ATM+9,CALL,120.2,123.45,117.3,123.15,13860,232040,9.33712,84500,83562.42
2025-07-09 14:31:00,ATM+9,PUT,969.95,975.45,952.7,952.7,960,36580,10.313771,84500,83562.42
2025-07-09 14:31:00,ATM+10,CALL,101.1,104,99.1,104,9280,80160,9.361043,84600,83562.42
2025-07-09 14:31:00,ATM+10,PUT,1039.1,1039.1,1039.1,1039.1,120,2300,10.589815,84600,83562.42
2025-07-09 14:32:00,ATM-10,CALL,1148.65,1148.65,1148.65,1148.65,0,3340,8.491062,82600,83565.77
2025-07-09 14:32:00,ATM-10,PUT,99.6,100.3,95.3,100.3,8880,81640,10.645046,82600,83565.77
2025-07-09 14:32:00,ATM-9,CALL,1089.6,1089.6,1089.6,1089.6,40,2140,9.518841,82700,83565.77
2025-07-09 14:32:00,ATM-9,PUT,114.25,115.9,109.25,115.7,12720,82700,10.558586,82700,83565.77
2025-07-09 14:32:00,ATM-8,CALL,1009,1013.25,1009,1013.25,100,3520,9.721784,82800,83565.77
2025-07-09 14:32:00,ATM-8,PUT,131.55,132.95,125.8,132.95,14240,93360,10.466467,82800,83565.77
2025-07-09 14:32:00,ATM-7,CALL,928.25,928.25,928.25,928.25,60,3060,9.533679,82900,83565.77
2025-07-09 14:32:00,ATM-7,PUT,151.7,152.85,145,152.85,9020,71580,10.388131,82900,83565.77
2025-07-09 14:32:00,ATM-6,CALL,845.3,860.2,845.3,851.3,2180,81740,9.524807,83000,83565.77
2025-07-09 14:32:00,ATM-6,PUT,174.25,175,167.1,175,25660,240760,10.30394,83000,83565.77
2025-07-09 14:32:00,ATM-5,CALL,774.15,782.35,774.15,780.1,880,7840,9.590865,83100,83565.77
2025-07-09 14:32:00,ATM-5,PUT,199.25,201.1,192.9,201.1,12440,73340,10.255596,83100,83565.77
2025-07-09 14:32:00,ATM-4,CALL,703.6,712.8,701,703.15,1660,13160,9.411111,83200,83565.77
2025-07-09 14:32:00,ATM-4,PUT,228.35,228.7,218.4,228.5,19160,103280,10.164144,83200,83565.77
2025-07-09 14:32:00,ATM-3,CALL,637.75,645,633.2,639,2480,42680,9.483401,83300,83565.77
2025-07-09 14:32:00,ATM-3,PUT,262,263.35,250.8,263.3,23800,251420,10.182795,83300,83565.77
2025-07-09 14:32:00,ATM-2,CALL,569.3,580,568.7,570,7020,49860,9.342939,83400,83565.77
2025-07-09 14:32:00,ATM-2,PUT,296.9,297.9,285.45,297.9,24080,128420,10.112402,83400,83565.77
2025-07-09 14:32:00,ATM-1,CALL,508.75,519.5,506.1,508.2,30200,328520,9.291763,83500,83565.77
2025-07-09 14:32:00,ATM-1,PUT,336.3,338.8,325.05,338.8,64080,502880,10.11132,83500,83565.77
2025-07-09 14:32:00,ATM,CALL,452.3,460.3,450.45,452.75,37500,277360,9.299938,83600,83565.77
2025-07-09 14:32:00,ATM,PUT,379.1,381.7,368.5,381.7,50100,398740,10.072659,83600,83565.77
2025-07-09 14:32:00,ATM+1,CALL,400.95,408.6,398.35,401.45,35360,347320,9.312369,83700,83565.77
2025-07-09 14:32:00,ATM+1,PUT,427,429.15,416.1,429.15,46280,298140,10.055489,83700,83565.77
2025-07-09 14:32:00,ATM+2,CALL,352.45,361.35,351.8,352.8,25860,338320,9.2939,83800,83565.77
2025-07-09 14:32:00,ATM+2,PUT,477.85,482.05,466.6,482.05,24460,206540,10.079856,83800,83565.77
2025-07-09 14:32:00,ATM+3,CALL,310,315.6,307.45,309.25,19320,167720,9.30236,83900,83565.77
2025-07-09 14:32:00,ATM+3,PUT,537.4,537.4,520.15,537.4,30440,82500,10.076273,83900,83565.77
2025-07-09 14:32:00,ATM+4,CALL,268.8,275,267.45,268.65,35620,353960,9.288431,84000,83565.77
2025-07-09 14:32:00,ATM+4,PUT,593.9,598,578.55,598,16180,123580,10.112509,84000,83565.77
2025-07-09 14:32:00,ATM+5,CALL,232.7,238,231,233,9760,98580,9.302862,84100,83565.77
2025-07-09 14:32:00,ATM+5,PUT,660.4,660.4,642.1,657,1800,17080,10.023667,84100,83565.77
2025-07-09 14:32:00,ATM+6,CALL,199.3,204.65,198.8,200,9260,131600,9.292182,84200,83565.77
2025-07-09 14:32:00,ATM+6,PUT,724.65,724.65,711,716.3,940,11580,9.847697,84200,83565.77
2025-07-09 14:32:00,ATM+7,CALL,171.65,175.1,170.3,171.15,8280,84040,9.2987,84300,83565.77
2025-07-09 14:32:00,ATM+7,PUT,792.4,795.15,790.1,793,380,7740,10.037278,84300,83565.77
2025-07-09 14:32:00,ATM+8,CALL,146.2,150,145.15,146.8,11640,103060,9.341398,84400,83565.77
2025-07-09 14:32:00,ATM+8,PUT,863.1,868.85,855,867.3,500,6260,10.088439,84400,83565.77
2025-07-09 14:32:00,ATM+9,CALL,123.5,127,122.95,123.75,21900,232040,9.333779,84500,83565.77
2025-07-09 14:32:00,ATM+9,PUT,950.9,950.9,939.95,950,320,36580,10.309441,84500,83565.77
2025-07-09 14:32:00,ATM+10,CALL,104.35,107.2,103.55,105.15,8800,80160,9.379327,84600,83565.77
2025-07-09 14:32:00,ATM+10,PUT,1022.4,1022.4,1022.4,1022.4,160,2300,10.140731,84600,83565.77
2025-07-09 14:33:00,ATM-10,CALL,1245.7,1254.95,1245.7,1254.95,320,11320,9.980374,82500,83547.09
2025-07-09 14:33:00,ATM-10,PUT,87.1,92.75,86.8,91.3,34180,199880,10.804461,82500,83547.09
2025-07-09 14:33:00,ATM-9,CALL,1155.45,1155.45,1155.45,1155.45,180,3420,9.405007,82600,83547.09
2025-07-09 14:33:00,ATM-9,PUT,99.85,106.6,99.85,104.35,15160,79700,10.680315,82600,83547.09
2025-07-09 14:33:00,ATM-8,CALL,1072.3,1073.4,1072.3,1073.4,280,2140,9.498768,82700,83547.09
2025-07-09 14:33:00,ATM-8,PUT,115.25,122.45,115.25,120.55,12100,79540,10.605254,82700,83547.09
2025-07-09 14:33:00,ATM-7,CALL,983.9,989.9,983.9,989.9,360,3680,9.440951,82800,83547.09
2025-07-09 14:33:00,ATM-7,PUT,132.65,140,132.65,137.7,10220,91020,10.493206,82800,83547.09
2025-07-09 14:33:00,ATM-6,CALL,915,915,911.65,911.65,360,3320,9.472646,82900,83547.09
2025-07-09 14:33:00,ATM-6,PUT,151.75,161.15,151.75,158.35,15540,69400,10.421654,82900,83547.09
2025-07-09 14:33:00,ATM-5,CALL,840,844.05,830.2,831.75,920,82240,9.364628,83000,83547.09
2025-07-09 14:33:00,ATM-5,PUT,174.45,184.4,174.45,182.55,42980,236520,10.379427,83000,83547.09
2025-07-09 14:33:00,ATM-4,CALL,770.9,770.9,757.75,760.9,540,9660,9.433293,83100,83547.09
2025-07-09 14:33:00,ATM-4,PUT,200.05,211.05,200.05,208.75,16120,70740,10.315155,83100,83547.09
2025-07-09 14:33:00,ATM-3,CALL,704.55,704.55,686.7,687.25,2000,13760,9.332806,83200,83547.09
2025-07-09 14:33:00,ATM-3,PUT,229.2,241.65,229.2,238.65,24240,90280,10.270919,83200,83547.09
2025-07-09 14:33:00,ATM-2,CALL,628.35,631,619.2,623.1,1940,43340,9.391212,83300,83547.09
2025-07-09 14:33:00,ATM-2,PUT,262.4,274.8,262.4,272.35,21460,245280,10.24263,83300,83547.09
2025-07-09 14:33:00,ATM-1,CALL,570.9,570.9,555.3,558.15,7660,52340,9.336164,83400,83547.09
2025-07-09 14:33:00,ATM-1,PUT,298.1,311.7,298.1,307.9,34000,119360,10.178202,83400,83547.09
2025-07-09 14:33:00,ATM,CALL,510.6,510.6,495,498.1,27720,347440,9.309793,83500,83547.09
2025-07-09 14:33:00,ATM,PUT,336.65,353.6,336.65,348.6,79800,486040,10.155227,83500,83547.09
2025-07-09 14:33:00,ATM+1,CALL,453.8,453.8,440.3,445.05,25980,300120,9.356632,83600,83547.09
2025-07-09 14:33:00,ATM+1,PUT,380.45,397.65,380.45,393.45,89240,368200,10.145844,83600,83547.09
2025-07-09 14:33:00,ATM+2,CALL,401.4,402.9,389.15,393.7,24940,345000,9.350316,83700,83547.09
2025-07-09 14:33:00,ATM+2,PUT,427.5,446.4,427.5,440,41620,259560,10.091391,83700,83547.09
2025-07-09 14:33:00,ATM+3,CALL,354.5,354.5,343.05,346.75,17240,324700,9.354496,83800,83547.09
2025-07-09 14:33:00,ATM+3,PUT,478.55,498.75,478.55,494,24800,187900,10.125642,83800,83547.09
2025-07-09 14:33:00,ATM+4,CALL,310.8,310.8,300.2,301.95,14200,169200,9.316624,83900,83547.09
2025-07-09 14:33:00,ATM+4,PUT,535.15,555.9,535.15,549.7,12240,84580,10.114828,83900,83547.09
2025-07-09 14:33:00,ATM+5,CALL,268.5,269.2,260.15,262.2,26780,357180,9.30616,84000,83547.09
2025-07-09 14:33:00,ATM+5,PUT,594.65,615.9,594.65,612.05,12440,118840,10.178325,84000,83547.09
2025-07-09 14:33:00,ATM+6,CALL,234.1,234.1,224.65,228.4,9360,99260,9.350476,84100,83547.09
2025-07-09 14:33:00,ATM+6,PUT,662.2,681.45,661.4,675,3620,17360,10.1735,84100,83547.09
2025-07-09 14:33:00,ATM+7,CALL,201.45,201.45,194.1,196.25,12360,132720,9.346647,84200,83547.09
2025-07-09 14:33:00,ATM+7,PUT,728.65,747.5,728.6,743.7,2460,12000,10.230335,84200,83547.09
2025-07-09 14:33:00,ATM+8,CALL,172.5,172.5,165.85,167.85,9080,85240,9.351026,84300,83547.09
2025-07-09 14:33:00,ATM+8,PUT,803.7,818.4,802.5,816.5,380,7680,10.315997,84300,83547.09
2025-07-09 14:33:00,ATM+9,CALL,147,147,141.4,142.7,7500,109820,9.355932,84400,83547.09
2025-07-09 14:33:00,ATM+9,PUT,878.7,890.2,878.7,890.05,560,6140,10.344852,84400,83547.09
2025-07-09 14:33:00,ATM+10,CALL,124.9,124.9,120.15,121.4,13380,236600,9.38749,84500,83547.09
2025-07-09 14:33:00,ATM+10,PUT,959.05,975,956.35,968.5,540,36060,10.43808,84500,83547.09
2025-07-09 14:34:00,ATM-10,CALL,1217.45,1217.45,1187.6,1187.6,580,11320,9.176479,82500,83490.6
2025-07-09 14:34:00,ATM-10,PUT,91.35,107.3,90.7,104.6,61560,199880,10.972834,82500,83490.6
2025-07-09 14:34:00,ATM-9,CALL,1123,1123,1123,1123,380,3420,10.01407,82600,83490.6
2025-07-09 14:34:00,ATM-9,PUT,104.95,122.7,104.25,120.3,33700,79700,10.891796,82600,83490.6
2025-07-09 14:34:00,ATM-8,CALL,1050.45,1050.45,1050.45,1050.45,140,2140,10.321735,82700,83490.6
2025-07-09 14:34:00,ATM-8,PUT,120.7,141.05,119.3,137.1,36800,79540,10.781617,82700,83490.6
2025-07-09 14:34:00,ATM-7,CALL,956.9,956.9,950,950,260,3680,9.620943,82800,83490.6
2025-07-09 14:34:00,ATM-7,PUT,138,160.2,137.5,155.6,32340,91020,10.660225,82800,83490.6
2025-07-09 14:34:00,ATM-6,CALL,908.25,929.5,873.5,873.5,1560,3320,9.641944,82900,83490.6
2025-07-09 14:34:00,ATM-6,PUT,158.4,182.35,157.1,179.9,26600,69400,10.642038,82900,83490.6
2025-07-09 14:34:00,ATM-5,CALL,834.25,841.5,795,798.3,9820,82240,9.611372,83000,83490.6
2025-07-09 14:34:00,ATM-5,PUT,181.85,208.2,180.25,204.15,84340,236520,10.545965,83000,83490.6
2025-07-09 14:34:00,ATM-4,CALL,760.25,760.25,724.6,728.9,2320,9660,9.652813,83100,83490.6
2025-07-09 14:34:00,ATM-4,PUT,207.5,237.25,206.55,232.55,34980,70740,10.487833,83100,83490.6
2025-07-09 14:34:00,ATM-3,CALL,691.3,695.25,659.7,659.7,4400,13760,9.608755,83200,83490.6
2025-07-09 14:34:00,ATM-3,PUT,238.8,270,236.35,265.7,37200,90280,10.473671,83200,83490.6
2025-07-09 14:34:00,ATM-2,CALL,623.7,628.55,590,590,6580,43340,9.468165,83300,83490.6
2025-07-09 14:34:00,ATM-2,PUT,271.75,305.95,268.55,300.95,46820,245280,10.430905,83300,83490.6
2025-07-09 14:34:00,ATM-1,CALL,559.6,567.2,522.05,533.4,11120,52340,9.560844,83400,83490.6
2025-07-09 14:34:00,ATM-1,PUT,308,345,304.45,344.85,58360,119360,10.515224,83400,83490.6
2025-07-09 14:34:00,ATM,CALL,501.55,504.95,471,473.4,48480,347440,9.480137,83500,83490.6
2025-07-09 14:34:00,ATM,PUT,348.9,389.25,346.05,383.2,117040,486040,10.384553,83500,83490.6
2025-07-09 14:34:00,ATM+1,CALL,444.85,449.95,417.15,422.5,44060,300120,9.523394,83600,83490.6
2025-07-09 14:34:00,ATM+1,PUT,391.9,435,389.25,427.35,131360,368200,10.309283,83600,83490.6
2025-07-09 14:34:00,ATM+2,CALL,393.8,399,370,370,50240,345000,9.438071,83700,83490.6
2025-07-09 14:34:00,ATM+2,PUT,440.4,487.65,437.05,479.15,91200,259560,10.329381,83700,83490.6
2025-07-09 14:34:00,ATM+3,CALL,346.8,351.6,325.9,329,47180,324700,9.531276,83800,83490.6
2025-07-09 14:34:00,ATM+3,PUT,494.2,555,490.45,534.1,79540,187900,10.339775,83800,83490.6
2025-07-09 14:34:00,ATM+4,CALL,303.85,307,284,284,29200,169200,9.438796,83900,83490.6
2025-07-09 14:34:00,ATM+4,PUT,550.4,599.25,544.75,592.85,23880,84580,10.357031,83900,83490.6
2025-07-09 14:34:00,ATM+5,CALL,263.05,266.7,246.65,250.5,53120,357180,9.533936,84000,83490.6
2025-07-09 14:34:00,ATM+5,PUT,611.65,680.25,605.3,661.1,32980,118840,10.523747,84000,83490.6
2025-07-09 14:34:00,ATM+6,CALL,227.85,231,213.3,217.45,22820,99260,9.554083,84100,83490.6
2025-07-09 14:34:00,ATM+6,PUT,672.25,727.75,670.45,727.75,4440,17360,10.575433,84100,83490.6
2025-07-09 14:34:00,ATM+7,CALL,195.8,198.5,184.5,185.95,19540,132720,9.52427,84200,83490.6
2025-07-09 14:34:00,ATM+7,PUT,740.35,797.65,737.65,797.65,3180,12000,10.632552,84200,83490.6
2025-07-09 14:34:00,ATM+8,CALL,168.25,170,157,157,19400,85240,9.469573,84300,83490.6
2025-07-09 14:34:00,ATM+8,PUT,810,871.15,810,871.15,1180,7680,10.709963,84300,83490.6
2025-07-09 14:34:00,ATM+9,CALL,143.1,145.3,133.95,135.6,19760,109820,9.544195,84400,83490.6
2025-07-09 14:34:00,ATM+9,PUT,901.6,946.35,901.6,946.35,480,6140,10.760887,84400,83490.6
2025-07-09 14:34:00,ATM+10,CALL,121.7,123.4,113.85,114.35,25600,236600,9.539221,84500,83490.6
2025-07-09 14:34:00,ATM+10,PUT,962,1012.85,962,1012.85,1240,36060,10.464423,84500,83490.6
2025-07-09 14:35:00,ATM-10,CALL,1214.85,1220.4,1214.85,1220.4,40,11320,9.971729,82500,83507.41
2025-07-09 14:35:00,ATM-10,PUT,105.95,106.3,95.1,96.6,58080,199880,10.773165,82500,83507.41
2025-07-09 14:35:00,ATM-9,CALL,1118.7,1142,1118.7,1142,180,3420,10.201134,82600,83507.41
2025-07-09 14:35:00,ATM-9,PUT,121.35,121.8,109.15,110.5,24480,79700,10.654856,82600,83507.41
2025-07-09 14:35:00,ATM-8,CALL,1035.45,1049.3,1026.95,1049.3,940,2140,9.816718,82700,83507.41
2025-07-09 14:35:00,ATM-8,PUT,138.4,139.25,123.75,126.35,29020,79540,10.54105,82700,83507.41
2025-07-09 14:35:00,ATM-7,CALL,955.05,980.85,955.05,980.85,320,3680,10.186563,82800,83507.41
2025-07-09 14:35:00,ATM-7,PUT,155.7,159.6,142.85,145.5,33800,91020,10.467036,82800,83507.41
2025-07-09 14:35:00,ATM-6,CALL,879,903.2,879,902.85,520,3320,10.138555,82900,83507.41
2025-07-09 14:35:00,ATM-6,PUT,179.55,182.05,164,165.6,19100,69400,10.35084,82900,83507.41
2025-07-09 14:35:00,ATM-5,CALL,800.4,830,799.6,824.8,10620,82240,10.012903,83000,83507.41
2025-07-09 14:35:00,ATM-5,PUT,206.45,207.35,187.3,189.95,63660,236520,10.285448,83000,83507.41
2025-07-09 14:35:00,ATM-4,CALL,728.45,749.25,728.45,747.95,1820,9660,9.848938,83100,83507.41
2025-07-09 14:35:00,ATM-4,PUT,236.05,236.05,214.05,216.55,42100,70740,10.204994,83100,83507.41
2025-07-09 14:35:00,ATM-3,CALL,660.9,683.45,660.9,682.15,4180,13760,9.897723,83200,83507.41
2025-07-09 14:35:00,ATM-3,PUT,265.45,268.15,243.95,247.45,35800,90280,10.158656,83200,83507.41
2025-07-09 14:35:00,ATM-2,CALL,593.5,618.95,593.5,615.1,8760,43340,9.826783,83300,83507.41
2025-07-09 14:35:00,ATM-2,PUT,303.3,304.05,278,280.3,46720,245280,10.080585,83300,83507.41
2025-07-09 14:35:00,ATM-1,CALL,534.1,556.6,534.1,552.05,15460,52340,9.769996,83400,83507.41
2025-07-09 14:35:00,ATM-1,PUT,338.25,344.4,314.4,318.55,67040,119360,10.052382,83400,83507.41
2025-07-09 14:35:00,ATM,CALL,476.25,496.9,474.95,493.55,75120,347440,9.735775,83500,83507.41
2025-07-09 14:35:00,ATM,PUT,384.75,386,356,359.4,130620,486040,10.001752,83500,83507.41
2025-07-09 14:35:00,ATM+1,CALL,423.15,442.1,422.4,437.3,53140,300120,9.666908,83600,83507.41
2025-07-09 14:35:00,ATM+1,PUT,431.8,434,398.85,403.6,93480,368200,9.944854,83600,83507.41
2025-07-09 14:35:00,ATM+2,CALL,375.6,391.45,372.8,387.55,48920,345000,9.661168,83700,83507.41
2025-07-09 14:35:00,ATM+2,PUT,484.05,484.05,448.4,453.2,57980,259560,9.927733,83700,83507.41
2025-07-09 14:35:00,ATM+3,CALL,330.55,345,328.95,342.55,41660,324700,9.677303,83800,83507.41
2025-07-09 14:35:00,ATM+3,PUT,537.2,538.2,502.7,508,67300,187900,9.945392,83800,83507.41
2025-07-09 14:35:00,ATM+4,CALL,288.3,301.95,287.7,299.55,30800,169200,9.651379,83900,83507.41
2025-07-09 14:35:00,ATM+4,PUT,595.55,595.55,558,563.25,27960,84580,9.886296,83900,83507.41
2025-07-09 14:35:00,ATM+5,CALL,250,262.35,249.85,259.05,43560,357180,9.594528,84000,83507.41
2025-07-09 14:35:00,ATM+5,PUT,652.05,659.3,620,623.45,20020,118840,9.857286,84000,83507.41
2025-07-09 14:35:00,ATM+6,CALL,216.4,226.4,216.4,225,25240,99260,9.60656,84100,83507.41
2025-07-09 14:35:00,ATM+6,PUT,724.7,728.65,693.9,693.9,4320,17360,9.997668,84100,83507.41
2025-07-09 14:35:00,ATM+7,CALL,186.25,194.9,186.15,193.05,25240,132720,9.582863,84200,83507.41
2025-07-09 14:35:00,ATM+7,PUT,792.2,797.2,758.05,758.05,4740,12000,9.892611,84200,83507.41
2025-07-09 14:35:00,ATM+8,CALL,159.6,167.05,159.05,165.75,19920,85240,9.594604,84300,83507.41
2025-07-09 14:35:00,ATM+8,PUT,860.3,860.3,829.35,829.35,1120,7680,9.886632,84300,83507.41
2025-07-09 14:35:00,ATM+9,CALL,136.5,142.4,136.15,140.7,17800,109820,9.581413,84400,83507.41
2025-07-09 14:35:00,ATM+9,PUT,900,917.2,898.6,898.6,1420,6140,9.726777,84400,83507.41
2025-07-09 14:35:00,ATM+10,CALL,115.3,121,115.3,120,40840,236600,9.612783,84500,83507.41
2025-07-09 14:35:00,ATM+10,PUT,1022.7,1022.7,985.65,989.9,1540,36060,10.155648,84500,83507.41
2025-07-09 14:36:00,ATM-10,CALL,1220.4,1220.4,1220.4,1220.4,0,11320,9.971729,82500,83514.41
2025-07-09 14:36:00,ATM-10,PUT,96.5,100.7,96.5,100.1,33340,195500,10.950778,82500,83514.41
2025-07-09 14:36:00,ATM-9,CALL,1145.25,1145.25,1145.25,1145.25,20,3020,10.105041,82600,83514.41
2025-07-09 14:36:00,ATM-9,PUT,111,114.9,110.8,114.2,11300,78700,10.831843,82600,83514.41
2025-07-09 14:36:00,ATM-8,CALL,1049.3,1049.3,1049.3,1049.3,0,2140,9.816718,82700,83514.41
2025-07-09 14:36:00,ATM-8,PUT,126.7,131.6,126.65,131.05,7540,75060,10.744303,82700,83514.41
2025-07-09 14:36:00,ATM-7,CALL,962.5,962.5,962.5,962.5,20,3580,9.409081,82800,83514.41
2025-07-09 14:36:00,ATM-7,PUT,144.15,150.9,144.15,149.75,5860,81360,10.648559,82800,83514.41
2025-07-09 14:36:00,ATM-6,CALL,902.45,902.45,893.65,893.65,160,4500,9.702638,82900,83514.41
2025-07-09 14:36:00,ATM-6,PUT,165.4,172.35,165.4,171.9,6820,66880,10.587213,82900,83514.41
2025-07-09 14:36:00,ATM-5,CALL,822.5,827.4,811.3,818.95,1960,82980,9.703114,83000,83514.41
2025-07-09 14:36:00,ATM-5,PUT,189.5,197.4,189,195.75,28540,217680,10.500953,83000,83514.41
2025-07-09 14:36:00,ATM-4,CALL,751.9,753.75,741.3,750.45,180,9660,9.785176,83100,83514.41
2025-07-09 14:36:00,ATM-4,PUT,216.4,225.1,216,223.6,9060,66860,10.449153,83100,83514.41
2025-07-09 14:36:00,ATM-3,CALL,680.2,683.65,672.85,675.55,1400,17800,9.609145,83200,83514.41
2025-07-09 14:36:00,ATM-3,PUT,247.35,255.9,247.35,254.55,7860,90280,10.400038,83200,83514.41
2025-07-09 14:36:00,ATM-2,CALL,613.5,618.5,606.1,611.45,1640,43340,9.627681,83300,83514.41
2025-07-09 14:36:00,ATM-2,PUT,283.5,290.95,281.2,289.2,17200,240500,10.364154,83300,83514.41
2025-07-09 14:36:00,ATM-1,CALL,551.85,555.2,544.9,548.75,3740,59840,9.590865,83400,83514.41
2025-07-09 14:36:00,ATM-1,PUT,319.65,328.9,318.1,327.4,19060,119360,10.333496,83400,83514.41
2025-07-09 14:36:00,ATM,CALL,493.05,495.15,485.2,488.25,32480,347440,9.518959,83500,83514.41
2025-07-09 14:36:00,ATM,PUT,359.4,371.2,359,369.05,55720,448440,10.30282,83500,83514.41
2025-07-09 14:36:00,ATM+1,CALL,437.1,439.8,430.85,434.3,25280,326120,9.512224,83600,83514.41
2025-07-09 14:36:00,ATM+1,PUT,402.85,416.35,402.85,413.75,38640,368200,10.260863,83600,83514.41
2025-07-09 14:36:00,ATM+2,CALL,388,389.15,381.5,385,13960,355240,9.523383,83700,83514.41
2025-07-09 14:36:00,ATM+2,PUT,452.35,467,452.35,462.95,20640,218220,10.240226,83700,83514.41
2025-07-09 14:36:00,ATM+3,CALL,342.75,343,336.6,339.55,16600,333320,9.534001,83800,83514.41
2025-07-09 14:36:00,ATM+3,PUT,507.25,521.1,507.05,516.7,10300,173500,10.241657,83800,83514.41
2025-07-09 14:36:00,ATM+4,CALL,299.45,300,293,296.85,11440,169720,9.518999,83900,83514.41
2025-07-09 14:36:00,ATM+4,PUT,562.9,577.8,562.9,573.4,6300,64280,10.228291,83900,83514.41
2025-07-09 14:36:00,ATM+5,CALL,259.7,261.15,255.25,258.05,21380,363040,9.506795,84000,83514.41
2025-07-09 14:36:00,ATM+5,PUT,627.35,638.9,622.7,636.8,5300,106900,10.292405,84000,83514.41
2025-07-09 14:36:00,ATM+6,CALL,224.85,225.85,220.9,223.05,4820,96200,9.497578,84100,83514.41
2025-07-09 14:36:00,ATM+6,PUT,687.4,702.75,687.4,692.3,540,14180,10.074471,84100,83514.41
2025-07-09 14:36:00,ATM+7,CALL,192.95,194.05,189.95,191.75,10020,137580,9.492573,84200,83514.41
2025-07-09 14:36:00,ATM+7,PUT,770.2,772.65,759,770.05,400,11900,10.337699,84200,83514.41
2025-07-09 14:36:00,ATM+8,CALL,165.25,166.35,163.05,164.2,4920,84760,9.498473,84300,83514.41
2025-07-09 14:36:00,ATM+8,PUT,835.2,835.2,828.65,835.2,80,7480,10.190767,84300,83514.41
2025-07-09 14:36:00,ATM+9,CALL,140.7,142.05,138.85,139.9,4140,109900,9.507991,84400,83514.41
2025-07-09 14:36:00,ATM+9,PUT,907.05,919.9,907.05,916.95,100,6160,10.423273,84400,83514.41
2025-07-09 14:36:00,ATM+10,CALL,120.05,120.65,117.5,118.85,25720,240240,9.528768,84500,83514.41
2025-07-09 14:36:00,ATM+10,PUT,989.9,1000.1,989.9,991.45,180,35560,10.373429,84500,83514.41
2025-07-09 14:37:00,ATM-10,CALL,1242.75,1256.5,1242.75,1254.45,120,11280,10.45224,82500,83533.62
2025-07-09 14:37:00,ATM-10,PUT,99.6,99.6,87.3,87.3,30880,195500,10.565892,82500,83533.62
2025-07-09 14:37:00,ATM-9,CALL,1175.9,1175.9,1175.9,1175.9,60,3020,10.650569,82600,83533.62
2025-07-09 14:37:00,ATM-9,PUT,114.3,114.65,99.8,99.8,19860,78700,10.429819,82600,83533.62
2025-07-09 14:37:00,ATM-8,CALL,1065,1093.5,1065,1093.5,800,1880,10.609737,82700,83533.62
2025-07-09 14:37:00,ATM-8,PUT,131.05,131.05,114.85,114.85,13840,75060,10.323619,82700,83533.62
2025-07-09 14:37:00,ATM-7,CALL,994.8,994.8,994.8,994.8,60,3580,9.971928,82800,83533.62
2025-07-09 14:37:00,ATM-7,PUT,150,150.5,132.4,132.4,15440,81360,10.23332,82800,83533.62
2025-07-09 14:37:00,ATM-6,CALL,893.45,930.7,893.45,930.7,220,4500,10.378631,82900,83533.62
2025-07-09 14:37:00,ATM-6,PUT,172.1,172.1,151.65,151.95,11640,66880,10.13458,82900,83533.62
2025-07-09 14:37:00,ATM-5,CALL,825.1,853.2,825.1,853.2,8700,82980,10.275652,83000,83533.62
2025-07-09 14:37:00,ATM-5,PUT,196.1,196.1,173.85,174.85,26540,217680,10.06123,83000,83533.62
2025-07-09 14:37:00,ATM-4,CALL,747,775.25,747,772.1,720,9660,10.004934,83100,83533.62
2025-07-09 14:37:00,ATM-4,PUT,223.55,224.55,200.7,200.7,18460,66860,9.99271,83100,83533.62
2025-07-09 14:37:00,ATM-3,CALL,674,706.95,674,706.95,4340,17800,10.086418,83200,83533.62
2025-07-09 14:37:00,ATM-3,PUT,254.15,254.75,228.6,229.25,16280,90280,9.916623,83200,83533.62
2025-07-09 14:37:00,ATM-2,CALL,608.65,635.65,608.65,634.6,4400,43340,9.899162,83300,83533.62
2025-07-09 14:37:00,ATM-2,PUT,288.35,289.9,260.95,261.25,25780,240500,9.847623,83300,83533.62
2025-07-09 14:37:00,ATM-1,CALL,548.75,572.15,547.1,572.15,9880,59840,9.87738,83400,83533.62
2025-07-09 14:37:00,ATM-1,PUT,327.1,328,295.75,298.1,41420,119360,9.814401,83400,83533.62
2025-07-09 14:37:00,ATM,CALL,489.3,512,487.9,511.4,65040,347440,9.810699,83500,83533.62
2025-07-09 14:37:00,ATM,PUT,367,369.15,334.7,335.95,87020,448440,9.719752,83500,83533.62
2025-07-09 14:37:00,ATM+1,CALL,434.15,453.55,434.15,452.25,39480,326120,9.696236,83600,83533.62
2025-07-09 14:37:00,ATM+1,PUT,413.2,414.25,377.65,379,62980,368200,9.661684,83600,83533.62
2025-07-09 14:37:00,ATM+2,CALL,386.45,403.65,383.75,402.45,38620,355240,9.712684,83700,83533.62
2025-07-09 14:37:00,ATM+2,PUT,462.95,465,425.5,428.45,41340,218220,9.664576,83700,83533.62
2025-07-09 14:37:00,ATM+3,CALL,340.15,355.65,337.8,355.65,19160,333320,9.710297,83800,83533.62
2025-07-09 14:37:00,ATM+3,PUT,517.2,519.35,478,478,25340,173500,9.579999,83800,83533.62
2025-07-09 14:37:00,ATM+4,CALL,297.1,310.2,295.15,309.35,15960,169720,9.629772,83900,83533.62
2025-07-09 14:37:00,ATM+4,PUT,575.35,576,531.4,531.4,8600,64280,9.494114,83900,83533.62
2025-07-09 14:37:00,ATM+5,CALL,258.05,269.65,256.5,269.65,32540,363040,9.616027,84000,83533.62
2025-07-09 14:37:00,ATM+5,PUT,634.8,636.55,590.75,590.75,8820,106900,9.457592,84000,83533.62
2025-07-09 14:37:00,ATM+6,CALL,222,234.05,222,232.65,9740,96200,9.577673,84100,83533.62
2025-07-09 14:37:00,ATM+6,PUT,705.25,705.25,658.2,658.2,1220,14180,9.530728,84100,83533.62
2025-07-09 14:37:00,ATM+7,CALL,192,200.65,190.75,200.25,10380,137580,9.564858,84200,83533.62
2025-07-09 14:37:00,ATM+7,PUT,771.2,771.2,726.9,726.9,1260,11900,9.549343,84200,83533.62
2025-07-09 14:37:00,ATM+8,CALL,164.4,172.7,163.95,172.7,11360,84760,9.592341,84300,83533.62
2025-07-09 14:37:00,ATM+8,PUT,835.2,835.2,798.55,798.55,460,7480,9.558242,84300,83533.62
2025-07-09 14:37:00,ATM+9,CALL,139.25,147,139.25,146.3,6240,109900,9.562992,84400,83533.62
2025-07-09 14:37:00,ATM+9,PUT,917,917.5,866.7,869.5,160,6160,9.452362,84400,83533.62
2025-07-09 14:37:00,ATM+10,CALL,119.3,124.5,118.2,124.4,22100,240240,9.578031,84500,83533.62
2025-07-09 14:37:00,ATM+10,PUT,991.45,991.45,947.95,948.05,340,35560,9.478956,84500,83533.62
2025-07-09 14:38:00,ATM-10,CALL,1260,1260,1234.95,1234.95,60,11280,9.871843,82500,83527.07
2025-07-09 14:38:00,ATM-10,PUT,87.6,95.4,87.6,94.4,25300,195500,10.808747,82500,83527.07
2025-07-09 14:38:00,ATM-9,CALL,1150,1150,1148.8,1148.8,40,3020,9.833936,82600,83527.07
2025-07-09 14:38:00,ATM-9,PUT,100.25,109.45,100.25,108,7060,78700,10.690767,82600,83527.07
2025-07-09 14:38:00,ATM-8,CALL,1093.5,1093.5,1093.5,1093.5,0,1880,10.609737,82700,83527.07
2025-07-09 14:38:00,ATM-8,PUT,115.2,125.65,115.2,124.95,7500,75060,10.625733,82700,83527.07
2025-07-09 14:38:00,ATM-7,CALL,1010.1,1010.1,990,990,180,3580,9.985943,82800,83527.07
2025-07-09 14:38:00,ATM-7,PUT,133,144.4,133,142,28960,81360,10.494929,82800,83527.07
2025-07-09 14:38:00,ATM-6,CALL,909.25,909.25,902.45,902.45,80,4500,9.675587,82900,83527.07
2025-07-09 14:38:00,ATM-6,PUT,152.85,165.5,152.85,163.75,6140,66880,10.440768,82900,83527.07
2025-07-09 14:38:00,ATM-5,CALL,837,837,823.1,826.15,2900,82980,9.642875,83000,83527.07
2025-07-09 14:38:00,ATM-5,PUT,175.55,189.25,175.55,186.8,22740,217680,10.349573,83000,83527.07
2025-07-09 14:38:00,ATM-4,CALL,769.95,769.95,750.45,750.45,80,9660,9.54436,83100,83527.07
2025-07-09 14:38:00,ATM-4,PUT,200.5,216.05,200.5,214.9,8800,66860,10.321741,83100,83527.07
2025-07-09 14:38:00,ATM-3,CALL,701.25,701.25,680.75,681.95,2200,17800,9.555462,83200,83527.07
2025-07-09 14:38:00,ATM-3,PUT,229.15,246.25,229.15,243.85,11580,90280,10.236812,83200,83527.07
2025-07-09 14:38:00,ATM-2,CALL,633.7,633.7,610,614.8,1520,43340,9.511474,83300,83527.07
2025-07-09 14:38:00,ATM-2,PUT,261.95,280.8,261.95,278,17380,240500,10.204392,83300,83527.07
2025-07-09 14:38:00,ATM-1,CALL,570.55,570.55,548.45,555,5800,59840,9.559406,83400,83527.07
2025-07-09 14:38:00,ATM-1,PUT,298.05,318,298.05,314.75,17660,119360,10.153409,83400,83527.07
2025-07-09 14:38:00,ATM,CALL,510.55,510.55,488.1,492.75,35300,347440,9.457938,83500,83527.07
2025-07-09 14:38:00,ATM,PUT,337.1,358.95,337.1,356.45,56280,448440,10.137684,83500,83527.07
2025-07-09 14:38:00,ATM+1,CALL,453.25,453.25,433.6,437.75,25020,326120,9.438801,83600,83527.07
2025-07-09 14:38:00,ATM+1,PUT,380.7,404.15,380.15,400.15,48960,368200,10.08457,83600,83527.07
2025-07-09 14:38:00,ATM+2,CALL,402.65,402.65,382.85,387.15,26740,355240,9.431247,83700,83527.07
2025-07-09 14:38:00,ATM+2,PUT,428.4,453.45,428.4,448.8,42960,218220,10.062083,83700,83527.07
2025-07-09 14:38:00,ATM+3,CALL,355.6,355.6,337.8,342.2,21960,333320,9.464415,83800,83527.07
2025-07-09 14:38:00,ATM+3,PUT,479.65,506.8,479.65,502.1,20400,173500,10.062468,83800,83527.07
2025-07-09 14:38:00,ATM+4,CALL,309.85,309.85,293.5,296.95,15460,169720,9.398738,83900,83527.07
2025-07-09 14:38:00,ATM+4,PUT,533.35,563.1,533.35,557.9,14520,64280,10.035684,83900,83527.07
2025-07-09 14:38:00,ATM+5,CALL,269.9,269.9,255.3,259,25900,363040,9.415777,84000,83527.07
2025-07-09 14:38:00,ATM+5,PUT,594.85,624.1,594.85,622.25,7740,106900,10.129095,84000,83527.07
2025-07-09 14:38:00,ATM+6,CALL,231.9,231.9,220.95,222.35,13720,96200,9.372732,84100,83527.07
2025-07-09 14:38:00,ATM+6,PUT,665.2,691,665.2,684.9,380,14180,10.097645,84100,83527.07
2025-07-09 14:38:00,ATM+7,CALL,199.25,199.25,189.85,192.9,10180,137580,9.422968,84200,83527.07
2025-07-09 14:38:00,ATM+7,PUT,731.4,756.7,731.4,755,1400,11900,10.171167,84200,83527.07
2025-07-09 14:38:00,ATM+8,CALL,172,172,162.15,164.25,6980,84760,9.405498,84300,83527.07
2025-07-09 14:38:00,ATM+8,PUT,811.3,827.15,811.3,827.15,60,7480,10.219713,84300,83527.07
2025-07-09 14:38:00,ATM+9,CALL,145,145.85,138.45,140.8,3900,109900,9.446074,84400,83527.07
2025-07-09 14:38:00,ATM+9,PUT,886.45,900.6,886.45,900.6,120,6160,10.223199,84400,83527.07
2025-07-09 14:38:00,ATM+10,CALL,124.2,124.2,117.3,119.05,14840,240240,9.45103,84500,83527.07
2025-07-09 14:38:00,ATM+10,PUT,969.8,970.65,969.8,970.65,40,35560,10.032665,84500,83527.07
2025-07-09 14:39:00,ATM-10,CALL,1234.95,1234.95,1234.95,1234.95,0,11280,9.871843,82500,83548.94
2025-07-09 14:39:00,ATM-10,PUT,93.75,94.75,89.7,90.1,14040,190740,10.770812,82500,83548.94
2025-07-09 14:39:00,ATM-9,CALL,1148.8,1148.8,1148.8,1148.8,0,3020,9.833936,82600,83548.94
2025-07-09 14:39:00,ATM-9,PUT,107.6,108.85,102.7,103.8,8500,73000,10.674633,82600,83548.94
2025-07-09 14:39:00,ATM-8,CALL,1060.8,1060.8,1060.8,1060.8,40,2580,8.957628,82700,83548.94
2025-07-09 14:39:00,ATM-8,PUT,123.65,124.8,117.85,119.2,3240,72780,10.574065,82700,83548.94
2025-07-09 14:39:00,ATM-7,CALL,977.45,989.6,977.45,989.6,140,3660,9.384603,82800,83548.94
2025-07-09 14:39:00,ATM-7,PUT,141.8,143.05,134,135.75,4160,82140,10.446255,82800,83548.94
2025-07-09 14:39:00,ATM-6,CALL,902.45,902.45,902.1,902.2,240,4680,9.129194,82900,83548.94
2025-07-09 14:39:00,ATM-6,PUT,162.55,163.8,155.75,156.75,3500,65740,10.389707,82900,83548.94
2025-07-09 14:39:00,ATM-5,CALL,826.15,843.4,826.15,841.7,2420,75300,9.621687,83000,83548.94
2025-07-09 14:39:00,ATM-5,PUT,185.95,187.35,177.4,178.7,18520,220320,10.28694,83000,83548.94
2025-07-09 14:39:00,ATM-4,CALL,750.6,759.4,750.6,759.4,160,10640,9.359811,83100,83548.94
2025-07-09 14:39:00,ATM-4,PUT,212.85,214.4,204.3,205.35,3780,69400,10.240971,83100,83548.94
2025-07-09 14:39:00,ATM-3,CALL,684.5,698.25,681.95,695.05,2500,20480,9.509253,83200,83548.94
2025-07-09 14:39:00,ATM-3,PUT,242.55,244.15,232.45,234.05,6140,86240,10.170481,83200,83548.94
2025-07-09 14:39:00,ATM-2,CALL,616.1,632,616.1,630,1940,45400,9.539204,83300,83548.94
2025-07-09 14:39:00,ATM-2,PUT,277,278.7,265,267.25,10440,247800,10.134918,83300,83548.94
2025-07-09 14:39:00,ATM-1,CALL,555.7,568.9,553.55,564.75,1560,58540,9.47374,83400,83548.94
2025-07-09 14:39:00,ATM-1,PUT,313.75,315.65,301.25,304,15700,106100,10.104071,83400,83548.94
2025-07-09 14:39:00,ATM,CALL,495.8,508,493.25,504.7,26320,392560,9.445811,83500,83548.94
2025-07-09 14:39:00,ATM,PUT,354.75,357.45,341.45,343.55,37840,445380,10.056874,83500,83548.94
2025-07-09 14:39:00,ATM+1,CALL,440.4,450.95,438.4,448.55,29780,334100,9.419799,83600,83548.94
2025-07-09 14:39:00,ATM+1,PUT,398.95,401.75,383.75,387.05,22340,328880,10.018593,83600,83548.94
2025-07-09 14:39:00,ATM+2,CALL,389.6,400,388,397.7,24060,347020,9.426515,83700,83548.94
2025-07-09 14:39:00,ATM+2,PUT,448.05,449.85,433.05,435.5,15540,216600,10.010438,83700,83548.94
2025-07-09 14:39:00,ATM+3,CALL,343.55,352.85,342.1,350.55,10060,327880,9.428036,83800,83548.94
2025-07-09 14:39:00,ATM+3,PUT,501.35,504.1,484.8,486.45,12180,173760,9.974296,83800,83548.94
2025-07-09 14:39:00,ATM+4,CALL,300.05,308.1,298.5,306.5,9140,165640,9.410762,83900,83548.94
2025-07-09 14:39:00,ATM+4,PUT,556.8,560.2,541.05,542.25,3280,62660,9.965286,83900,83548.94
2025-07-09 14:39:00,ATM+5,CALL,259.5,267.85,258.75,267.5,17720,366680,9.422586,84000,83548.94
2025-07-09 14:39:00,ATM+5,PUT,619.35,621.25,600,600.75,3640,107500,9.933464,84000,83548.94
2025-07-09 14:39:00,ATM+6,CALL,224.8,231.65,223.8,231,3820,95460,9.404233,84100,83548.94
2025-07-09 14:39:00,ATM+6,PUT,674,674,666.15,666.15,80,14060,9.983905,84100,83548.94
2025-07-09 14:39:00,ATM+7,CALL,193.1,198.7,192.4,197.65,5980,142620,9.372632,84200,83548.94
2025-07-09 14:39:00,ATM+7,PUT,748.7,751.95,732.85,732.85,200,12280,9.982834,84200,83548.94
2025-07-09 14:39:00,ATM+8,CALL,165.75,170.5,165.25,169.6,3520,85080,9.389698,84300,83548.94
2025-07-09 14:39:00,ATM+8,PUT,826.9,826.9,809,809,600,7400,10.149837,84300,83548.94
2025-07-09 14:39:00,ATM+9,CALL,141.3,145.25,140.55,145.25,3200,110340,9.422343,84400,83548.94
2025-07-09 14:39:00,ATM+9,PUT,881.4,881.4,881.4,881.4,20,6240,10.13805,84400,83548.94
2025-07-09 14:39:00,ATM+10,CALL,119.9,123.75,119.25,122.7,12980,242820,9.420311,84500,83548.94
2025-07-09 14:39:00,ATM+10,PUT,966.5,966.5,957.9,957.9,220,35520,10.160976,84500,83548.94
2025-07-09 14:40:00,ATM-10,CALL,1245.45,1245.45,1245.45,1245.45,20,11280,10.54696,82500,83520.4
2025-07-09 14:40:00,ATM-10,PUT,91.3,95.5,89.75,95.5,13380,190740,10.812241,82500,83520.4
2025-07-09 14:40:00,ATM-9,CALL,1148.8,1148.8,1148.8,1148.8,0,3020,9.833936,82600,83520.4
2025-07-09 14:40:00,ATM-9,PUT,104.35,109.55,102.95,109.55,4180,73000,10.705688,82600,83520.4
2025-07-09 14:40:00,ATM-8,CALL,1060.8,1060.8,1060.8,1060.8,0,2580,8.957628,82700,83520.4
2025-07-09 14:40:00,ATM-8,PUT,119.8,125.65,117.9,125.65,6180,72780,10.606208,82700,83520.4
2025-07-09 14:40:00,ATM-7,CALL,992.1,992.1,989.6,989.6,120,3660,10.145248,82800,83520.4
2025-07-09 14:40:00,ATM-7,PUT,137,144.35,135,144.35,3500,82140,10.523747,82800,83520.4
2025-07-09 14:40:00,ATM-6,CALL,908.8,908.8,900.1,900.1,60,4680,9.762803,82900,83520.4
2025-07-09 14:40:00,ATM-6,PUT,157.2,164.85,155.8,164.35,3740,65740,10.411059,82900,83520.4
2025-07-09 14:40:00,ATM-5,CALL,840,841.7,826,826.8,740,75300,9.804706,83000,83520.4
2025-07-09 14:40:00,ATM-5,PUT,179.75,188.4,177.8,188.4,12060,220320,10.344328,83000,83520.4
2025-07-09 14:40:00,ATM-4,CALL,764.65,772.25,752.5,754.5,300,10640,9.784121,83100,83520.4
2025-07-09 14:40:00,ATM-4,PUT,205.15,215.7,204.3,214.3,4800,69400,10.252801,83100,83520.4
2025-07-09 14:40:00,ATM-3,CALL,695.1,698.85,682.95,685.6,1540,20480,9.767725,83200,83520.4
2025-07-09 14:40:00,ATM-3,PUT,235.8,245.45,234,245.15,5480,86240,10.213912,83200,83520.4
2025-07-09 14:40:00,ATM-2,CALL,628.2,631.75,616.6,619,1020,45400,9.723617,83300,83520.4
2025-07-09 14:40:00,ATM-2,PUT,270.05,280,266.45,278.35,8120,247800,10.15331,83300,83520.4
2025-07-09 14:40:00,ATM-1,CALL,563.85,569.75,552.8,554.4,2960,58540,9.643524,83400,83520.4
2025-07-09 14:40:00,ATM-1,PUT,305.15,316.5,301.4,316,16300,106100,10.119758,83400,83520.4
2025-07-09 14:40:00,ATM,CALL,505.3,508.8,492.4,495.45,32040,392560,9.612503,83500,83520.4
2025-07-09 14:40:00,ATM,PUT,345.35,357,341.05,356.95,47980,445380,10.081284,83500,83520.4
2025-07-09 14:40:00,ATM+1,CALL,448.65,452.25,437.25,439.5,32480,334100,9.563375,83600,83520.4
2025-07-09 14:40:00,ATM+1,PUT,388.55,402.95,384.95,399.95,31960,328880,10.006668,83600,83520.4
2025-07-09 14:40:00,ATM+2,CALL,398.3,400.95,388.5,389.3,26580,347020,9.558839,83700,83520.4
2025-07-09 14:40:00,ATM+2,PUT,437.05,451.55,432.6,449.5,35480,216600,9.999542,83700,83520.4
2025-07-09 14:40:00,ATM+3,CALL,350,352.9,342,342.85,19980,327880,9.551581,83800,83520.4
2025-07-09 14:40:00,ATM+3,PUT,490.45,504.4,486,502.55,13840,173760,9.987798,83800,83520.4
2025-07-09 14:40:00,ATM+4,CALL,306.3,309.5,298.95,298.95,15100,165640,9.513533,83900,83520.4
2025-07-09 14:40:00,ATM+4,PUT,546.6,561.15,542.65,561.15,2800,62660,10.020873,83900,83520.4
2025-07-09 14:40:00,ATM+5,CALL,265.6,268.95,259.8,259.8,13440,366680,9.497965,84000,83520.4
2025-07-09 14:40:00,ATM+5,PUT,606.1,622.45,599.45,621.6,4760,107500,10.012803,84000,83520.4
2025-07-09 14:40:00,ATM+6,CALL,230,232.15,224.6,225.75,7040,95460,9.51809,84100,83520.4
2025-07-09 14:40:00,ATM+6,PUT,671.95,685.1,664.8,685.1,500,14060,9.993026,84100,83520.4
2025-07-09 14:40:00,ATM+7,CALL,197.85,200,193.25,194,6720,142620,9.507422,84200,83520.4
2025-07-09 14:40:00,ATM+7,PUT,739.45,751.5,733.65,749.75,300,12280,9.912828,84200,83520.4
2025-07-09 14:40:00,ATM+8,CALL,170,171.3,165.65,165.75,3800,85080,9.499746,84300,83520.4
2025-07-09 14:40:00,ATM+8,PUT,805.3,815,805.3,815,120,7400,9.750447,84300,83520.4
2025-07-09 14:40:00,ATM+9,CALL,144.45,145.9,141.45,141.95,4920,110340,9.529752,84400,83520.4
2025-07-09 14:40:00,ATM+9,PUT,886.25,904.4,879.7,904.4,120,6240,10.189451,84400,83520.4
2025-07-09 14:40:00,ATM+10,CALL,122.8,124.1,119.85,120.4,10140,242820,9.541238,84500,83520.4
2025-07-09 14:40:00,ATM+10,PUT,963.55,966.1,959.8,966.1,80,35520,9.724474,84500,83520.4
2025-07-09 14:41:00,ATM-10,CALL,1245.45,1245.45,1245.45,1245.45,0,11280,10.54696,82500,83516.36
2025-07-09 14:41:00,ATM-10,PUT,95.15,95.9,92.8,95.9,12820,190740,10.80374,82500,83516.36
2025-07-09 14:41:00,ATM-9,CALL,1163.25,1163.25,1163.25,1163.25,100,3060,10.713039,82600,83516.36
2025-07-09 14:41:00,ATM-9,PUT,109.6,110.2,106.35,110.2,2680,73000,10.703991,82600,83516.36
2025-07-09 14:41:00,ATM-8,CALL,1078.35,1078.35,1078.35,1078.35,200,2580,10.571154,82700,83516.36
2025-07-09 14:41:00,ATM-8,PUT,124.6,126.25,122.05,126.25,4140,72780,10.600073,82700,83516.36
2025-07-09 14:41:00,ATM-7,CALL,989.6,989.6,989.6,989.6,200,3660,10.247581,82800,83516.36
2025-07-09 14:41:00,ATM-7,PUT,143.25,144.45,139.65,144.45,3040,82140,10.49936,82800,83516.36
2025-07-09 14:41:00,ATM-6,CALL,901.7,912,901.7,912,200,4680,10.214898,82900,83516.36
2025-07-09 14:41:00,ATM-6,PUT,163.65,165.15,160,165.05,6080,65740,10.402808,82900,83516.36
2025-07-09 14:41:00,ATM-5,CALL,826.75,845.6,826.75,830,1100,75300,9.980679,83000,83516.36
2025-07-09 14:41:00,ATM-5,PUT,188.4,188.95,183.5,188.95,9380,220320,10.329193,83000,83516.36
2025-07-09 14:41:00,ATM-4,CALL,753.15,763.1,753.15,757.45,180,10640,9.940736,83100,83516.36
2025-07-09 14:41:00,ATM-4,PUT,214.8,215.45,210,215.45,5880,69400,10.251182,83100,83516.36
2025-07-09 14:41:00,ATM-3,CALL,684.75,695,684.75,685.85,860,20480,9.84462,83200,83516.36
2025-07-09 14:41:00,ATM-3,PUT,244.1,246.2,239.5,246.2,6040,86240,10.206514,83200,83516.36
2025-07-09 14:41:00,ATM-2,CALL,616.65,627.35,616.65,620,700,45400,9.812842,83300,83516.36
2025-07-09 14:41:00,ATM-2,PUT,281,281,272.8,280,6620,247800,10.157646,83300,83516.36
2025-07-09 14:41:00,ATM-1,CALL,555.95,565,555.95,559.8,3360,58540,9.832747,83400,83516.36
2025-07-09 14:41:00,ATM-1,PUT,316,316,308.3,315.8,11340,106100,10.076137,83400,83516.36
2025-07-09 14:41:00,ATM,CALL,496.1,504.9,493.75,496.95,20140,392560,9.70241,83500,83516.36
2025-07-09 14:41:00,ATM,PUT,355.55,358.45,349.35,357,34340,445380,10.040918,83500,83516.36
2025-07-09 14:41:00,ATM+1,CALL,439.55,448.35,437.4,441.95,19400,334100,9.670948,83600,83516.36
2025-07-09 14:41:00,ATM+1,PUT,402.55,402.55,393.85,401.4,23240,328880,9.99596,83600,83516.36
2025-07-09 14:41:00,ATM+2,CALL,390.25,398.6,390.25,391,24640,347020,9.645108,83700,83516.36
2025-07-09 14:41:00,ATM+2,PUT,450.4,451.5,441.65,451,15520,216600,9.986501,83700,83516.36
2025-07-09 14:41:00,ATM+3,CALL,344.1,351.45,344.1,344.4,15460,327880,9.631344,83800,83516.36
2025-07-09 14:41:00,ATM+3,PUT,502.35,504.05,494.95,504,6200,173760,9.969944,83800,83516.36
2025-07-09 14:41:00,ATM+4,CALL,300.75,307.2,300.1,301.95,7840,165640,9.625749,83900,83516.36
2025-07-09 14:41:00,ATM+4,PUT,558.9,560,550.1,560,3420,62660,9.937,83900,83516.36
2025-07-09 14:41:00,ATM+5,CALL,261.3,267,261.3,261.6,12020,366680,9.579962,84000,83516.36
2025-07-09 14:41:00,ATM+5,PUT,623.35,623.35,610,620.4,2600,107500,9.922011,84000,83516.36
2025-07-09 14:41:00,ATM+6,CALL,225.75,231.2,225.5,227.1,3080,95460,9.587891,84100,83516.36
2025-07-09 14:41:00,ATM+6,PUT,687.25,687.25,674.55,681.75,700,14060,9.840848,84100,83516.36
2025-07-09 14:41:00,ATM+7,CALL,194.05,198.7,193.95,194.7,4360,142620,9.559331,84200,83516.36
2025-07-09 14:41:00,ATM+7,PUT,746.1,753.6,742.2,753.6,480,12280,9.941028,84200,83516.36
2025-07-09 14:41:00,ATM+8,CALL,166.4,170.4,166,166.8,3440,85080,9.560703,84300,83516.36
2025-07-09 14:41:00,ATM+8,PUT,827.15,827.15,814.2,817.15,340,7400,9.728542,84300,83516.36
2025-07-09 14:41:00,ATM+9,CALL,142.55,145.4,142,142,3980,110340,9.560821,84400,83516.36
2025-07-09 14:41:00,ATM+9,PUT,899,899,887.75,887.75,40,6240,9.606637,84400,83516.36
2025-07-09 14:41:00,ATM+10,CALL,121.2,123.05,120,120.75,4780,242820,9.580594,84500,83516.36
2025-07-09 14:41:00,ATM+10,PUT,970.7,970.7,966.1,970.4,180,35520,9.760548,84500,83516.36
2025-07-09 14:42:00,ATM-10,CALL,1243.3,1243.3,1221,1231.35,200,11280,10.099206,82500,83516.82
2025-07-09 14:42:00,ATM-10,PUT,95.85,98.75,94.55,98.45,16440,188340,10.905508,82500,83516.82
2025-07-09 14:42:00,ATM-9,CALL,1163.25,1163.25,1163.25,1163.25,0,3060,10.713039,82600,83516.82
2025-07-09 14:42:00,ATM-9,PUT,110.05,113,108.4,112.5,4340,76160,10.789804,82600,83516.82
2025-07-09 14:42:00,ATM-8,CALL,1078.35,1078.35,1078.35,1078.35,0,2580,10.571154,82700,83516.82
2025-07-09 14:42:00,ATM-8,PUT,125.65,129.8,124.9,128.7,4920,72780,10.685413,82700,83516.82
2025-07-09 14:42:00,ATM-7,CALL,979.7,980.2,969.3,980.2,260,3640,9.935193,82800,83516.82
2025-07-09 14:42:00,ATM-7,PUT,144.05,148.05,142.2,147.6,7920,89800,10.601501,82800,83516.82
2025-07-09 14:42:00,ATM-6,CALL,901.75,901.75,894.8,894.8,40,4660,9.686795,82900,83516.82
2025-07-09 14:42:00,ATM-6,PUT,165.1,169.65,163.55,168.4,7100,65740,10.505262,82900,83516.82
2025-07-09 14:42:00,ATM-5,CALL,829.8,835.4,820,822,1680,77060,9.744802,83000,83516.82
2025-07-09 14:42:00,ATM-5,PUT,188.05,193.35,185.05,193,13540,230280,10.446057,83000,83516.82
2025-07-09 14:42:00,ATM-4,CALL,753.4,753.4,747.35,747.35,500,10860,9.660927,83100,83516.82
2025-07-09 14:42:00,ATM-4,PUT,215.05,221.15,212.45,219.8,7560,67460,10.370941,83100,83516.82
2025-07-09 14:42:00,ATM-3,CALL,688.3,690.85,675,679.9,640,21160,9.684477,83200,83516.82
2025-07-09 14:42:00,ATM-3,PUT,245.4,251.65,242.25,250.05,9680,89240,10.309079,83200,83516.82
2025-07-09 14:42:00,ATM-2,CALL,616,625,610,615.9,1360,46120,9.704837,83300,83516.82
2025-07-09 14:42:00,ATM-2,PUT,278.9,286.45,275.85,285.65,9900,251460,10.301552,83300,83516.82
2025-07-09 14:42:00,ATM-1,CALL,559.35,562.85,547.75,550,3840,58540,9.590833,83400,83516.82
2025-07-09 14:42:00,ATM-1,PUT,315.15,322.8,313.2,322.8,18360,111080,10.249223,83400,83516.82
2025-07-09 14:42:00,ATM,CALL,498.95,502.35,488.15,491.55,26020,402300,9.569473,83500,83516.82
2025-07-09 14:42:00,ATM,PUT,356.25,365.1,352.05,363.4,53500,464180,10.197185,83500,83516.82
2025-07-09 14:42:00,ATM+1,CALL,440.8,446.1,432.75,436.8,15060,334100,9.545629,83600,83516.82
2025-07-09 14:42:00,ATM+1,PUT,401.3,410.05,396.95,407.8,32240,329540,10.151138,83600,83516.82
2025-07-09 14:42:00,ATM+2,CALL,392.6,395.05,383.45,388.1,19680,355300,9.572883,83700,83516.82
2025-07-09 14:42:00,ATM+2,PUT,450.7,458.35,444.5,457.15,20580,216600,10.136065,83700,83516.82
2025-07-09 14:42:00,ATM+3,CALL,345.55,349.05,337.9,339.5,14640,330760,9.511794,83800,83516.82
2025-07-09 14:42:00,ATM+3,PUT,503.5,514.05,497.8,512.65,12820,171360,10.179848,83800,83516.82
2025-07-09 14:42:00,ATM+4,CALL,301.7,303.9,294.85,298.8,8400,168900,9.546421,83900,83516.82
2025-07-09 14:42:00,ATM+4,PUT,559.4,569.8,555,569.8,3760,60160,10.178181,83900,83516.82
2025-07-09 14:42:00,ATM+5,CALL,262.05,264.95,256.05,257.85,20680,366680,9.484015,84000,83516.82
2025-07-09 14:42:00,ATM+5,PUT,620.6,630.55,614.05,629.2,4960,106280,10.145093,84000,83516.82
2025-07-09 14:42:00,ATM+6,CALL,226.55,229.2,221.2,223.55,7680,94040,9.493872,84100,83516.82
2025-07-09 14:42:00,ATM+6,PUT,683.65,695.5,681,690.75,180,14060,10.077183,84100,83516.82
2025-07-09 14:42:00,ATM+7,CALL,194.15,196.55,190.05,191.95,7560,146860,9.482644,84200,83516.82
2025-07-09 14:42:00,ATM+7,PUT,753.95,766.25,753.95,760.5,460,12300,10.131948,84200,83516.82
2025-07-09 14:42:00,ATM+8,CALL,167.1,168.85,162.9,164.9,4400,88180,9.504111,84300,83516.82
2025-07-09 14:42:00,ATM+8,PUT,825.6,825.6,819.1,819.1,140,7400,9.792859,84300,83516.82
2025-07-09 14:42:00,ATM+9,CALL,142.5,144.1,138.5,140.2,5180,110980,9.503841,84400,83516.82
2025-07-09 14:42:00,ATM+9,PUT,887.75,887.75,887.75,887.75,0,6240,9.606637,84400,83516.82
2025-07-09 14:42:00,ATM+10,CALL,120.95,121.9,117.85,119.35,9360,246800,9.532694,84500,83516.82
2025-07-09 14:42:00,ATM+10,PUT,990,990.4,990,990.4,120,35540,10.399743,84500,83516.82
2025-07-09 14:43:00,ATM-10,CALL,1229.55,1229.55,1228.1,1228.1,140,11280,9.911245,82500,83518.25
2025-07-09 14:43:00,ATM-10,PUT,97.9,99.5,95.95,97.65,6320,188340,10.883972,82500,83518.25
2025-07-09 14:43:00,ATM-9,CALL,1163.25,1163.25,1163.25,1163.25,0,3060,10.713039,82600,83518.25
2025-07-09 14:43:00,ATM-9,PUT,112.2,113.85,109.75,111.9,6140,76160,10.777977,82600,83518.25
2025-07-09 14:43:00,ATM-8,CALL,1078.35,1078.35,1078.35,1078.35,0,2580,10.571154,82700,83518.25
2025-07-09 14:43:00,ATM-8,PUT,126.85,130.75,125.5,128.5,2660,72780,10.688766,82700,83518.25
2025-07-09 14:43:00,ATM-7,CALL,980.2,980.2,980.2,980.2,0,3640,9.935193,82800,83518.25
2025-07-09 14:43:00,ATM-7,PUT,146.2,148.95,143.6,146.6,5160,89800,10.580747,82800,83518.25
2025-07-09 14:43:00,ATM-6,CALL,892.8,901.35,892.8,901.35,180,4660,9.853746,82900,83518.25
2025-07-09 14:43:00,ATM-6,PUT,167.55,169.6,164.4,168,9380,65740,10.504445,82900,83518.25
2025-07-09 14:43:00,ATM-5,CALL,818.35,830.5,818.35,822.9,280,77060,9.741294,83000,83518.25
2025-07-09 14:43:00,ATM-5,PUT,191.85,195.15,188.25,192,14840,230280,10.429708,83000,83518.25
2025-07-09 14:43:00,ATM-4,CALL,752.4,752.4,744.75,751.45,260,10860,9.745293,83100,83518.25
2025-07-09 14:43:00,ATM-4,PUT,219.75,222.5,215,219.55,6880,67460,10.376397,83100,83518.25
2025-07-09 14:43:00,ATM-3,CALL,685.1,688.2,676.35,681,440,21160,9.688898,83200,83518.25
2025-07-09 14:43:00,ATM-3,PUT,248.9,252.75,245,249.5,10820,89240,10.307824,83200,83518.25
2025-07-09 14:43:00,ATM-2,CALL,618.25,620.35,610,616.15,1400,46120,9.689283,83300,83518.25
2025-07-09 14:43:00,ATM-2,PUT,284.95,287.85,279,285,8780,251460,10.299066,83300,83518.25
2025-07-09 14:43:00,ATM-1,CALL,555.05,558,547,552.65,2660,58540,9.634811,83400,83518.25
2025-07-09 14:43:00,ATM-1,PUT,321,326,315.65,321.2,14580,111080,10.22515,83400,83518.25
2025-07-09 14:43:00,ATM,CALL,492.95,497.95,488.55,490.65,22940,402300,9.529937,83500,83518.25
2025-07-09 14:43:00,ATM,PUT,361.55,365.85,356.65,363.05,39740,464180,10.204227,83500,83518.25
2025-07-09 14:43:00,ATM+1,CALL,438,442.65,433.5,435.8,12860,334100,9.505454,83600,83518.25
2025-07-09 14:43:00,ATM+1,PUT,406.2,411.9,400.4,408.85,32580,329540,10.19205,83600,83518.25
2025-07-09 14:43:00,ATM+2,CALL,388.4,392.4,384.4,387.2,11540,355300,9.536376,83700,83518.25
2025-07-09 14:43:00,ATM+2,PUT,456.9,462,449.05,459.6,25900,216600,10.21084,83700,83518.25
2025-07-09 14:43:00,ATM+3,CALL,342.25,345.8,337.5,340.4,7600,330760,9.518672,83800,83518.25
2025-07-09 14:43:00,ATM+3,PUT,507.45,514.8,501,511,14540,171360,10.159903,83800,83518.25
2025-07-09 14:43:00,ATM+4,CALL,299.65,302.15,295.6,297.35,4760,168900,9.498349,83900,83518.25
2025-07-09 14:43:00,ATM+4,PUT,566.5,572.9,558,570,3900,60160,10.20333,83900,83518.25
2025-07-09 14:43:00,ATM+5,CALL,259.7,262.6,256.6,258.5,10400,366680,9.48767,84000,83518.25
2025-07-09 14:43:00,ATM+5,PUT,626,634.4,617.8,627.8,2560,106280,10.132904,84000,83518.25
2025-07-09 14:43:00,ATM+6,CALL,224.65,226.5,221.7,223.5,2740,94040,9.481044,84100,83518.25
2025-07-09 14:43:00,ATM+6,PUT,690,698.55,684.6,693.75,1000,14060,10.177088,84100,83518.25
2025-07-09 14:43:00,ATM+7,CALL,193.05,195.25,190.25,192.6,5140,146860,9.489258,84200,83518.25
2025-07-09 14:43:00,ATM+7,PUT,767.55,767.55,750.9,750.9,460,12300,9.904726,84200,83518.25
2025-07-09 14:43:00,ATM+8,CALL,165.15,167.35,162.4,164.85,3580,88180,9.492547,84300,83518.25
2025-07-09 14:43:00,ATM+8,PUT,840,840,840,840,120,7400,10.400565,84300,83518.25
2025-07-09 14:43:00,ATM+9,CALL,140.95,142.75,139.05,140.5,5040,110980,9.503363,84400,83518.25
2025-07-09 14:43:00,ATM+9,PUT,913.8,913.8,901.2,902.65,60,6240,10.091885,84400,83518.25
2025-07-09 14:43:00,ATM+10,CALL,119.1,121,117.65,119.25,18360,246800,9.520434,84500,83518.25
2025-07-09 14:43:00,ATM+10,PUT,982.75,993,976.95,976.95,600,35540,10.015767,84500,83518.25
2025-07-09 14:44:00,ATM-10,CALL,1233.5,1233.5,1233.5,1233.5,20,11280,10.088943,82500,83519.67
2025-07-09 14:44:00,ATM-10,PUT,97.3,97.55,92.65,93,9300,188340,10.712276,82500,83519.67
2025-07-09 14:44:00,ATM-9,CALL,1163.25,1163.25,1163.25,1163.25,0,3060,10.713039,82600,83519.67
2025-07-09 14:44:00,ATM-9,PUT,111.25,111.6,106.35,107.2,3960,76160,10.618152,82600,83519.67
2025-07-09 14:44:00,ATM-8,CALL,1068,1068,1068,1068,80,2540,10.130044,82700,83519.67
2025-07-09 14:44:00,ATM-8,PUT,127.75,128.05,122.05,122.85,3560,72780,10.509155,82700,83519.67
2025-07-09 14:44:00,ATM-7,CALL,980.2,980.2,980.2,980.2,0,3640,9.935193,82800,83519.67
2025-07-09 14:44:00,ATM-7,PUT,145.95,146.75,140,141.55,2420,89800,10.432601,82800,83519.67
2025-07-09 14:44:00,ATM-6,CALL,901.35,901.35,901.35,901.35,0,4660,9.853746,82900,83519.67
2025-07-09 14:44:00,ATM-6,PUT,167.25,167.9,160.4,162.15,4660,65740,10.342562,82900,83519.67
2025-07-09 14:44:00,ATM-5,CALL,825.4,835,821,828.3,1940,77060,9.866317,83000,83519.67
2025-07-09 14:44:00,ATM-5,PUT,191.1,191.95,183.85,185.5,16540,230280,10.259431,83000,83519.67
2025-07-09 14:44:00,ATM-4,CALL,752.55,760,747.5,755.2,540,10860,9.820323,83100,83519.67
2025-07-09 14:44:00,ATM-4,PUT,219.4,219.65,211.05,212.15,3020,67460,10.191404,83100,83519.67
2025-07-09 14:44:00,ATM-3,CALL,682.4,690.65,678.65,686.8,440,21160,9.814568,83200,83519.67
2025-07-09 14:44:00,ATM-3,PUT,248.2,249.75,240.3,241.7,4740,89240,10.121245,83200,83519.67
2025-07-09 14:44:00,ATM-2,CALL,617.15,625.1,614.2,621.85,2040,46120,9.809055,83300,83519.67
2025-07-09 14:44:00,ATM-2,PUT,283.35,285,274.8,275.65,8940,251460,10.081718,83300,83519.67
2025-07-09 14:44:00,ATM-1,CALL,552.2,562.6,550,560,3200,58540,9.79223,83400,83519.67
2025-07-09 14:44:00,ATM-1,PUT,321,322.25,310.2,312,11840,111080,10.018149,83400,83519.67
2025-07-09 14:44:00,ATM,CALL,493.1,501,490.1,497.9,19840,402300,9.683196,83500,83519.67
2025-07-09 14:44:00,ATM,PUT,362.65,363.75,351,353.5,34900,464180,9.993872,83500,83519.67
2025-07-09 14:44:00,ATM+1,CALL,436.85,446,435.2,443.9,21460,334100,9.678237,83600,83519.67
2025-07-09 14:44:00,ATM+1,PUT,407.05,409.2,395.15,399.1,21320,329540,9.980252,83600,83519.67
2025-07-09 14:44:00,ATM+2,CALL,388,395.75,386.5,394.6,15100,355300,9.693856,83700,83519.67
2025-07-09 14:44:00,ATM+2,PUT,455.05,458.9,444.8,447.55,14120,216600,9.946778,83700,83519.67
2025-07-09 14:44:00,ATM+3,CALL,342.2,349,340.4,346.45,9160,330760,9.646914,83800,83519.67
2025-07-09 14:44:00,ATM+3,PUT,509.8,512,496.45,499.9,10680,171360,9.917455,83800,83519.67
2025-07-09 14:44:00,ATM+4,CALL,299.15,304.8,298.7,304.15,4920,168900,9.648111,83900,83519.67
2025-07-09 14:44:00,ATM+4,PUT,566.9,569.25,552.85,556.75,3660,60160,9.906823,83900,83519.67
2025-07-09 14:44:00,ATM+5,CALL,258.95,265,258.05,263.15,14300,366680,9.589901,84000,83519.67
2025-07-09 14:44:00,ATM+5,PUT,627.8,630.4,614.3,615.8,3580,106280,9.860784,84000,83519.67
2025-07-09 14:44:00,ATM+6,CALL,223.4,229.6,222.95,227.5,4180,94040,9.571768,84100,83519.67
2025-07-09 14:44:00,ATM+6,PUT,690.85,694,677,680.9,360,14060,9.875605,84100,83519.67
2025-07-09 14:44:00,ATM+7,CALL,192.85,197,192,196.05,5220,146860,9.570796,84200,83519.67
2025-07-09 14:44:00,ATM+7,PUT,759.15,764.35,746.3,753.2,440,12300,9.99179,84200,83519.67
2025-07-09 14:44:00,ATM+8,CALL,165.8,169.1,164.55,168.95,3620,88180,9.598288,84300,83519.67
2025-07-09 14:44:00,ATM+8,PUT,830.3,830.3,819.1,819.1,200,7400,9.851185,84300,83519.67
2025-07-09 14:44:00,ATM+9,CALL,141.25,144.5,140.25,143.5,2560,110980,9.584265,84400,83519.67
2025-07-09 14:44:00,ATM+9,PUT,911.9,911.9,902.75,909.8,100,6240,10.331577,84400,83519.67
2025-07-09 14:44:00,ATM+10,CALL,119.5,123,119.1,122.2,9140,246800,9.607023,84500,83519.67
2025-07-09 14:44:00,ATM+10,PUT,985.5,989.95,973.4,973.4,100,35540,9.93898,84500,83519.67
2025-07-09 14:45:00,ATM-10,CALL,1221,1221,1221,1221,20,11300,10.054309,82500,83506.12
2025-07-09 14:45:00,ATM-10,PUT,93.4,97.1,93.4,96.9,6460,193720,10.782082,82500,83506.12
2025-07-09 14:45:00,ATM-9,CALL,1145.05,1145.05,1141.9,1141.9,260,3180,10.247968,82600,83506.12
2025-07-09 14:45:00,ATM-9,PUT,108.35,111.65,108.35,111.15,3740,76480,10.675014,82600,83506.12
2025-07-09 14:45:00,ATM-8,CALL,1068,1068,1068,1068,0,2540,10.130044,82700,83506.12
2025-07-09 14:45:00,ATM-8,PUT,122.65,128.05,122.65,127.75,2780,72340,10.584128,82700,83506.12
2025-07-09 14:45:00,ATM-7,CALL,980.2,980.2,980.2,980.2,0,3640,9.935193,82800,83506.12
2025-07-09 14:45:00,ATM-7,PUT,140.75,146.6,140.75,146.45,2140,90340,10.492569,82800,83506.12
2025-07-09 14:45:00,ATM-6,CALL,895.6,895.6,890.15,890.15,40,4780,9.797186,82900,83506.12
2025-07-09 14:45:00,ATM-6,PUT,161.65,168,161.2,167.3,2760,65880,10.39612,82900,83506.12
2025-07-09 14:45:00,ATM-5,CALL,830.4,830.4,816.5,818.4,1700,77860,9.868169,83000,83506.12
2025-07-09 14:45:00,ATM-5,PUT,185.1,192.3,185.1,191.55,13860,231440,10.324671,83000,83506.12
2025-07-09 14:45:00,ATM-4,CALL,751.85,751.85,742.2,742.2,880,11000,9.727616,83100,83506.12
2025-07-09 14:45:00,ATM-4,PUT,211.75,220,211.4,219.9,3560,67540,10.287811,83100,83506.12
2025-07-09 14:45:00,ATM-3,CALL,688,688,673.6,673.6,4220,21460,9.709164,83200,83506.12
2025-07-09 14:45:00,ATM-3,PUT,241.75,250.95,241.75,250.8,5080,89740,10.237175,83200,83506.12
2025-07-09 14:45:00,ATM-2,CALL,623.35,623.35,608,608,2580,46820,9.679604,83300,83506.12
2025-07-09 14:45:00,ATM-2,PUT,276.7,285.5,276.6,285.5,8380,252940,10.201018,83300,83506.12
2025-07-09 14:45:00,ATM-1,CALL,560.05,560.05,547.4,547.65,5220,60060,9.690554,83400,83506.12
2025-07-09 14:45:00,ATM-1,PUT,312.55,323.25,312.55,323.25,12700,114600,10.156716,83400,83506.12
2025-07-09 14:45:00,ATM,CALL,500.25,500.25,487.2,487.8,46920,406700,9.624732,83500,83506.12
2025-07-09 14:45:00,ATM,PUT,353.85,365.25,353.35,363.45,45380,465300,10.087833,83500,83506.12
2025-07-09 14:45:00,ATM+1,CALL,444.45,444.45,433.25,433.25,13440,333140,9.59537,83600,83506.12
2025-07-09 14:45:00,ATM+1,PUT,399.15,411,398.75,410.55,33720,312480,10.096754,83600,83506.12
2025-07-09 14:45:00,ATM+2,CALL,394,394.25,384,384,15060,365480,9.600024,83700,83506.12
2025-07-09 14:45:00,ATM+2,PUT,447.75,460,447.55,460,14340,206700,10.074837,83700,83506.12
2025-07-09 14:45:00,ATM+3,CALL,347.4,347.9,338.5,338.6,13080,332600,9.604814,83800,83506.12
2025-07-09 14:45:00,ATM+3,PUT,500.15,514.75,500.15,514.75,10520,171460,10.091265,83800,83506.12
2025-07-09 14:45:00,ATM+4,CALL,303.65,303.95,295.6,296,6820,167760,9.585709,83900,83506.12
2025-07-09 14:45:00,ATM+4,PUT,556.25,572.25,556.25,571.65,3000,59400,10.072862,83900,83506.12
2025-07-09 14:45:00,ATM+5,CALL,263.6,264.6,255.45,256.85,15900,374100,9.558821,84000,83506.12
2025-07-09 14:45:00,ATM+5,PUT,617.75,633.05,617.75,631.3,3640,106280,10.033793,84000,83506.12
2025-07-09 14:45:00,ATM+6,CALL,228.4,229,222.4,222.4,4640,95180,9.557709,84100,83506.12
2025-07-09 14:45:00,ATM+6,PUT,679.9,699,679.9,699,3180,14240,10.108765,84100,83506.12
2025-07-09 14:45:00,ATM+7,CALL,196,197,191.35,191.35,4120,147760,9.554244,84200,83506.12
2025-07-09 14:45:00,ATM+7,PUT,752.65,768.65,752.65,766.2,520,12260,10.088104,84200,83506.12
2025-07-09 14:45:00,ATM+8,CALL,168.45,169.05,164.05,164.05,3600,88660,9.562716,84300,83506.12
2025-07-09 14:45:00,ATM+8,PUT,828.6,840.05,828.6,840.05,200,7160,10.161841,84300,83506.12
2025-07-09 14:45:00,ATM+9,CALL,144,144.35,139.95,139.95,4780,112460,9.574482,84400,83506.12
2025-07-09 14:45:00,ATM+9,PUT,910,913.55,909.95,912.1,340,6220,10.101986,84400,83506.12
2025-07-09 14:45:00,ATM+10,CALL,122.45,122.9,118.9,118.95,8260,244280,9.593836,84500,83506.12
2025-07-09 14:45:00,ATM+10,PUT,988.95,992.55,988.95,992,200,35560,10.191935,84500,83506.12
2025-07-09 14:46:00,ATM-10,CALL,1210.35,1210.35,1210.35,1210.35,40,11300,10.011124,82500,83494.95
2025-07-09 14:46:00,ATM-10,PUT,96.5,100.8,96.3,99.65,17580,193720,10.819441,82500,83494.95
2025-07-09 14:46:00,ATM-9,CALL,1141.9,1141.9,1141.9,1141.9,0,3180,10.247968,82600,83494.95
2025-07-09 14:46:00,ATM-9,PUT,111.35,115.75,109.95,114.3,9080,76480,10.71604,82600,83494.95
2025-07-09 14:46:00,ATM-8,CALL,1044.7,1044.7,1035,1039.55,120,2740,9.842431,82700,83494.95
2025-07-09 14:46:00,ATM-8,PUT,127.25,132.25,126.35,130.55,6740,72340,10.602747,82700,83494.95
2025-07-09 14:46:00,ATM-7,CALL,959.6,959.6,954.7,954.7,40,3840,9.673229,82800,83494.95
2025-07-09 14:46:00,ATM-7,PUT,146.8,151.85,145,150.2,4120,90340,10.531101,82800,83494.95
2025-07-09 14:46:00,ATM-6,CALL,888,888,878.8,882.1,220,4780,9.811706,82900,83494.95
2025-07-09 14:46:00,ATM-6,PUT,166.4,174,166.4,171.55,6660,65880,10.438622,82900,83494.95
2025-07-09 14:46:00,ATM-5,CALL,818.65,818.65,800,806.15,2500,77860,9.753687,83000,83494.95
2025-07-09 14:46:00,ATM-5,PUT,191.8,198.95,190,196.9,20800,231440,10.3866,83000,83494.95
2025-07-09 14:46:00,ATM-4,CALL,742.15,742.15,730.2,735.4,180,11000,9.755516,83100,83494.95
2025-07-09 14:46:00,ATM-4,PUT,219.45,227.4,217.15,225,9580,67540,10.331298,83100,83494.95
2025-07-09 14:46:00,ATM-3,CALL,674.3,677.45,660,665.2,2780,21460,9.685311,83200,83494.95
2025-07-09 14:46:00,ATM-3,PUT,250.75,259,248,257.6,9640,89740,10.312918,83200,83494.95
2025-07-09 14:46:00,ATM-2,CALL,608,612.1,595,600.95,4000,46820,9.68013,83300,83494.95
2025-07-09 14:46:00,ATM-2,PUT,283.8,294.75,282.5,293.8,17100,252940,10.301905,83300,83494.95
2025-07-09 14:46:00,ATM-1,CALL,549,549,535.25,538,6960,60060,9.618777,83400,83494.95
2025-07-09 14:46:00,ATM-1,PUT,321,333.2,319.85,329.6,22800,114600,10.199273,83400,83494.95
2025-07-09 14:46:00,ATM,CALL,487.7,490.9,475.35,481.65,46020,406700,9.626858,83500,83494.95
2025-07-09 14:46:00,ATM,PUT,362.95,375.15,361.7,372.55,67040,465300,10.185086,83500,83494.95
2025-07-09 14:46:00,ATM+1,CALL,434.65,436.5,422.5,428.85,24720,333140,9.62835,83600,83494.95
2025-07-09 14:46:00,ATM+1,PUT,410.1,422.15,407,418.35,40500,312480,10.153303,83600,83494.95
2025-07-09 14:46:00,ATM+2,CALL,385.3,385.65,373.75,380,34180,365480,9.632283,83700,83494.95
2025-07-09 14:46:00,ATM+2,PUT,458.95,473.45,456.65,467.55,26040,206700,10.115959,83700,83494.95
2025-07-09 14:46:00,ATM+3,CALL,339.8,340.25,328.45,333.15,17980,332600,9.592984,83800,83494.95
2025-07-09 14:46:00,ATM+3,PUT,514.2,527.45,509.45,522.9,12900,171460,10.137292,83800,83494.95
2025-07-09 14:46:00,ATM+4,CALL,295.65,296.35,286.75,291.55,13980,167760,9.587502,83900,83494.95
2025-07-09 14:46:00,ATM+4,PUT,569.25,585,567.3,583.65,11360,59400,10.202469,83900,83494.95
2025-07-09 14:46:00,ATM+5,CALL,257.2,258.15,249,253.5,34300,374100,9.577608,84000,83494.95
2025-07-09 14:46:00,ATM+5,PUT,632.4,646.6,628.7,642.65,5440,106280,10.140952,84000,83494.95
2025-07-09 14:46:00,ATM+6,CALL,222.3,223.2,215.1,218.65,6800,95180,9.556566,84100,83494.95
2025-07-09 14:46:00,ATM+6,PUT,695.9,710.4,695.9,710.4,980,14240,10.211357,84100,83494.95
2025-07-09 14:46:00,ATM+7,CALL,192,192.1,185.35,189.25,9700,147760,9.5873,84200,83494.95
2025-07-09 14:46:00,ATM+7,PUT,767.65,780.25,767.65,777.9,180,12260,10.193277,84200,83494.95
2025-07-09 14:46:00,ATM+8,CALL,164.6,164.6,158.55,161.85,6900,88660,9.584472,84300,83494.95
2025-07-09 14:46:00,ATM+8,PUT,847.65,851.5,847.65,851.5,120,7160,10.25589,84300,83494.95
2025-07-09 14:46:00,ATM+9,CALL,140.05,140.5,135.3,137.3,7400,112460,9.573576,84400,83494.95
2025-07-09 14:46:00,ATM+9,PUT,914.8,931.15,913.85,930.95,120,6220,10.409921,84400,83494.95
2025-07-09 14:46:00,ATM+10,CALL,118.8,119,114.9,117.45,20420,244280,9.620426,84500,83494.95
2025-07-09 14:46:00,ATM+10,PUT,1000,1011.9,1000,1007.9,340,35560,10.417923,84500,83494.95
2025-07-09 14:47:00,ATM-10,CALL,1215.05,1215.05,1215.05,1215.05,20,11300,9.666614,82500,83509.85
2025-07-09 14:47:00,ATM-10,PUT,99,100.9,95,96.6,16300,193720,10.79432,82500,83509.85
2025-07-09 14:47:00,ATM-9,CALL,1135.75,1135.75,1135.75,1135.75,20,3180,9.900799,82600,83509.85
2025-07-09 14:47:00,ATM-9,PUT,113.9,115.45,108.8,110.9,4220,76480,10.690834,82600,83509.85
2025-07-09 14:47:00,ATM-8,CALL,1039.55,1039.55,1039.55,1039.55,0,2740,9.842431,82700,83509.85
2025-07-09 14:47:00,ATM-8,PUT,130.6,132.5,125,126.7,6660,72340,10.574946,82700,83509.85
2025-07-09 14:47:00,ATM-7,CALL,954.7,954.7,954.7,954.7,0,3840,9.673229,82800,83509.85
2025-07-09 14:47:00,ATM-7,PUT,149.8,151.9,143.05,144.8,8300,90340,10.468044,82800,83509.85
2025-07-09 14:47:00,ATM-6,CALL,882.1,895,882.1,894.6,120,4780,9.847439,82900,83509.85
2025-07-09 14:47:00,ATM-6,PUT,171.7,173.5,164.25,166.9,6200,65880,10.412644,82900,83509.85
2025-07-09 14:47:00,ATM-5,CALL,813.1,825,813.1,823.25,1340,77860,9.929895,83000,83509.85
2025-07-09 14:47:00,ATM-5,PUT,196.7,198.8,187.75,190.6,21120,231440,10.32796,83000,83509.85
2025-07-09 14:47:00,ATM-4,CALL,749.9,752.35,749.35,749.35,120,11000,9.851023,83100,83509.85
2025-07-09 14:47:00,ATM-4,PUT,224.6,226.95,215.1,218.05,7360,67540,10.270129,83100,83509.85
2025-07-09 14:47:00,ATM-3,CALL,669.45,681.25,668.65,680,1260,21460,9.811109,83200,83509.85
2025-07-09 14:47:00,ATM-3,PUT,255.9,257.9,244.9,248.7,9840,89740,10.216889,83200,83509.85
2025-07-09 14:47:00,ATM-2,CALL,605.25,615.2,603,614.85,2680,46820,9.792267,83300,83509.85
2025-07-09 14:47:00,ATM-2,PUT,290.65,293.35,279.3,283.8,11260,252940,10.19434,83300,83509.85
2025-07-09 14:47:00,ATM-1,CALL,542.05,554.25,540.65,552.95,5760,60060,9.76615,83400,83509.85
2025-07-09 14:47:00,ATM-1,PUT,329.1,331.95,316.7,320.85,26240,114600,10.136511,83400,83509.85
2025-07-09 14:47:00,ATM,CALL,480.9,493.55,480.9,492.6,29840,406700,9.690397,83500,83509.85
2025-07-09 14:47:00,ATM,PUT,371.35,373.55,357.65,360.7,47860,465300,10.062835,83500,83509.85
2025-07-09 14:47:00,ATM+1,CALL,428.75,439.2,428.45,438.45,14400,333140,9.67308,83600,83509.85
2025-07-09 14:47:00,ATM+1,PUT,417.75,420.35,402.65,407,27620,312480,10.056453,83600,83509.85
2025-07-09 14:47:00,ATM+2,CALL,379.6,389.55,379.15,388,17000,365480,9.652992,83700,83509.85
2025-07-09 14:47:00,ATM+2,PUT,467.6,471,451.9,455.25,23440,206700,10.009682,83700,83509.85
2025-07-09 14:47:00,ATM+3,CALL,334.7,344,334.35,342,13100,332600,9.647445,83800,83509.85
2025-07-09 14:47:00,ATM+3,PUT,522.9,525,505.6,509.75,13180,171460,10.022863,83800,83509.85
2025-07-09 14:47:00,ATM+4,CALL,293,300,292.2,298.05,10020,167760,9.600056,83900,83509.85
2025-07-09 14:47:00,ATM+4,PUT,579.3,581.6,562,566.5,2840,59400,10.002902,83900,83509.85
2025-07-09 14:47:00,ATM+5,CALL,253.8,261.1,253.8,260.7,16300,374100,9.621404,84000,83509.85
2025-07-09 14:47:00,ATM+5,PUT,641.8,644,621.85,628.2,5340,106280,10.01564,84000,83509.85
2025-07-09 14:47:00,ATM+6,CALL,220.15,225.6,219.75,224.35,4000,95180,9.577323,84100,83509.85
2025-07-09 14:47:00,ATM+6,PUT,705.25,705.25,692.95,693.45,600,14240,10.030864,84100,83509.85
2025-07-09 14:47:00,ATM+7,CALL,189.35,194.1,189.35,193.1,6540,147760,9.572786,84200,83509.85
2025-07-09 14:47:00,ATM+7,PUT,776.45,777.95,766.6,766.6,140,12260,10.167552,84200,83509.85
2025-07-09 14:47:00,ATM+8,CALL,162.2,166.35,162.1,166,4040,88660,9.591325,84300,83509.85
2025-07-09 14:47:00,ATM+8,PUT,851.5,851.5,851.5,851.5,0,7160,10.25589,84300,83509.85
2025-07-09 14:47:00,ATM+9,CALL,138.4,142,137.95,141.05,4480,112460,9.58259,84400,83509.85
2025-07-09 14:47:00,ATM+9,PUT,911.45,911.45,911.45,911.45,60,6220,10.166005,84400,83509.85
2025-07-09 14:47:00,ATM+10,CALL,117.5,120.7,117.5,120.2,12840,244280,9.610729,84500,83509.85
2025-07-09 14:47:00,ATM+10,PUT,1003,1003,984.4,985.6,420,35560,10.082442,84500,83509.85
2025-07-09 14:48:00,ATM-10,CALL,1215.05,1215.05,1215.05,1215.05,0,11300,9.666614,82500,83493.67
2025-07-09 14:48:00,ATM-10,PUT,96,100.3,95.8,99.45,9000,199040,10.805009,82500,83493.67
2025-07-09 14:48:00,ATM-9,CALL,1135.75,1135.75,1135.75,1135.75,700,2920,10.403481,82600,83493.67
2025-07-09 14:48:00,ATM-9,PUT,110.5,114.7,109.9,114.4,3240,74340,10.712387,82600,83493.67
2025-07-09 14:48:00,ATM-8,CALL,1054.25,1054.25,1054.25,1054.25,20,2820,10.380709,82700,83493.67
2025-07-09 14:48:00,ATM-8,PUT,126.55,131.6,126,131,3340,72880,10.609997,82700,83493.67
2025-07-09 14:48:00,ATM-7,CALL,979.95,979.95,968.45,968.45,260,3840,10.146719,82800,83493.67
2025-07-09 14:48:00,ATM-7,PUT,144.6,151.1,144.3,149.95,9480,91300,10.515378,82800,83493.67
2025-07-09 14:48:00,ATM-6,CALL,894.6,896.7,879.65,879.65,160,5100,9.769289,82900,83493.67
2025-07-09 14:48:00,ATM-6,PUT,166.25,172.8,165.65,171.75,4320,65660,10.435953,82900,83493.67
2025-07-09 14:48:00,ATM-5,CALL,823.3,823.3,805.5,808.7,580,78880,9.853357,83000,83493.67
2025-07-09 14:48:00,ATM-5,PUT,190.05,198,189.55,196,12100,232660,10.352766,83000,83493.67
2025-07-09 14:48:00,ATM-4,CALL,746.45,746.45,735,735,200,11420,9.770342,83100,83493.67
2025-07-09 14:48:00,ATM-4,PUT,217.45,226.45,216.9,225.8,5500,68580,10.342727,83100,83493.67
2025-07-09 14:48:00,ATM-3,CALL,682.55,682.55,665,666.3,1620,25900,9.736715,83200,83493.67
2025-07-09 14:48:00,ATM-3,PUT,248.15,257.75,247.4,255.4,6480,90660,10.247013,83200,83493.67
2025-07-09 14:48:00,ATM-2,CALL,616.5,617,598.25,603.6,1600,49400,9.766759,83300,83493.67
2025-07-09 14:48:00,ATM-2,PUT,282.4,293.3,281.6,291.15,8300,247480,10.225997,83300,83493.67
2025-07-09 14:48:00,ATM-1,CALL,552.15,552.25,538.5,541.9,3260,65860,9.732012,83400,83493.67
2025-07-09 14:48:00,ATM-1,PUT,319.3,332.1,319.3,330.9,24620,119840,10.21857,83400,83493.67
2025-07-09 14:48:00,ATM,CALL,492.95,494,480,482.85,23980,436840,9.673351,83500,83493.67
2025-07-09 14:48:00,ATM,PUT,361.35,373.95,360.9,372.15,46820,461660,10.162959,83500,83493.67
2025-07-09 14:48:00,ATM+1,CALL,438,439.2,425.25,429.55,14180,329560,9.661607,83600,83493.67
2025-07-09 14:48:00,ATM+1,PUT,406.5,420.7,406,418,19660,304020,10.1314,83600,83493.67
2025-07-09 14:48:00,ATM+2,CALL,388.65,389.55,375.45,380.9,10160,364120,9.669074,83700,83493.67
2025-07-09 14:48:00,ATM+2,PUT,455.25,470,454.4,468.15,10740,198900,10.115131,83700,83493.67
2025-07-09 14:48:00,ATM+3,CALL,343.8,343.8,332,335.6,10400,332800,9.665602,83800,83493.67
2025-07-09 14:48:00,ATM+3,PUT,508.35,525,508.35,522.2,11620,169120,10.104621,83800,83493.67
2025-07-09 14:48:00,ATM+4,CALL,299.6,300,289.9,291.25,7920,166680,9.594027,83900,83493.67
2025-07-09 14:48:00,ATM+4,PUT,566.5,583.15,564.55,580.2,2260,59480,10.101997,83900,83493.67
2025-07-09 14:48:00,ATM+5,CALL,260.05,260.85,251.7,254,14960,372280,9.602958,84000,83493.67
2025-07-09 14:48:00,ATM+5,PUT,626.1,645,625.45,641.35,3160,106820,10.089661,84000,83493.67
2025-07-09 14:48:00,ATM+6,CALL,225.7,225.9,217.5,220,4100,94700,9.603597,84100,83493.67
2025-07-09 14:48:00,ATM+6,PUT,693.75,710,693.75,710,240,16040,10.180168,84100,83493.67
2025-07-09 14:48:00,ATM+7,CALL,194.1,194.4,187.05,189.45,4740,148180,9.604243,84200,83493.67
2025-07-09 14:48:00,ATM+7,PUT,758.55,777.4,758.55,775.4,420,12200,10.103561,84200,83493.67
2025-07-09 14:48:00,ATM+8,CALL,165.75,166.7,160.6,161.45,4240,87140,9.583934,84300,83493.67
2025-07-09 14:48:00,ATM+8,PUT,850.6,850.6,850.6,850.6,20,7140,10.205351,84300,83493.67
2025-07-09 14:48:00,ATM+9,CALL,142.15,142.2,137.3,138.55,5220,110520,9.622199,84400,83493.67
2025-07-09 14:48:00,ATM+9,PUT,911.7,923.25,911.7,923.25,40,6100,10.154538,84400,83493.67
2025-07-09 14:48:00,ATM+10,CALL,120.75,120.9,116.05,117.5,4920,251960,9.631977,84500,83493.67
2025-07-09 14:48:00,ATM+10,PUT,1004,1007.65,1004,1007.65,80,35740,10.379326,84500,83493.67
2025-07-09 14:49:00,ATM-10,CALL,1214.6,1214.6,1214.6,1214.6,20,11440,10.683177,82500,83480.01
2025-07-09 14:49:00,ATM-10,PUT,99.15,100.55,97.8,98.85,10460,199040,10.698667,82500,83480.01
2025-07-09 14:49:00,ATM-9,CALL,1128.15,1128.15,1128.15,1128.15,100,2920,10.534385,82600,83480.01
2025-07-09 14:49:00,ATM-9,PUT,113.5,115.1,111.6,112,3180,74340,10.540491,82600,83480.01
2025-07-09 14:49:00,ATM-8,CALL,1054.25,1054.25,1054.25,1054.25,0,2820,10.380709,82700,83480.01
2025-07-09 14:49:00,ATM-8,PUT,130.55,132.2,128,128.3,2900,72880,10.429955,82700,83480.01
2025-07-09 14:49:00,ATM-7,CALL,968.45,968.45,968.45,968.45,0,3840,10.146719,82800,83480.01
2025-07-09 14:49:00,ATM-7,PUT,149.65,151.15,147.1,148.75,13180,91300,10.382775,82800,83480.01
2025-07-09 14:49:00,ATM-6,CALL,880,881.05,880,881.05,260,5100,10.116547,82900,83480.01
2025-07-09 14:49:00,ATM-6,PUT,172.2,173.25,168.6,168.6,3840,65660,10.243906,82900,83480.01
2025-07-09 14:49:00,ATM-5,CALL,806.95,814,806.95,814,860,78880,10.274652,83000,83480.01
2025-07-09 14:49:00,ATM-5,PUT,195.8,198.5,192.75,193.2,14980,232660,10.169656,83000,83480.01
2025-07-09 14:49:00,ATM-4,CALL,735,743.8,735,743.8,140,11420,10.25271,83100,83480.01
2025-07-09 14:49:00,ATM-4,PUT,223.95,226.4,219.8,222.45,5260,68580,10.142501,83100,83480.01
2025-07-09 14:49:00,ATM-3,CALL,668.85,676.8,666.25,674.25,600,25900,10.166752,83200,83480.01
2025-07-09 14:49:00,ATM-3,PUT,255.5,257.7,251,252.35,4700,90660,10.051003,83200,83480.01
2025-07-09 14:49:00,ATM-2,CALL,604.3,611.35,599.7,609.95,1260,49400,10.131602,83300,83480.01
2025-07-09 14:49:00,ATM-2,PUT,290.95,293.25,285.4,285.75,16740,247480,9.967239,83300,83480.01
2025-07-09 14:49:00,ATM-1,CALL,542,548,538.25,545.1,4080,65860,10.001085,83400,83480.01
2025-07-09 14:49:00,ATM-1,PUT,330,332.25,322.2,326.3,24300,119840,9.973446,83400,83480.01
2025-07-09 14:49:00,ATM,CALL,482.9,488.5,480,486.1,13960,436840,9.927442,83500,83480.01
2025-07-09 14:49:00,ATM,PUT,371.3,374.4,365.55,367.55,36620,461660,9.909982,83500,83480.01
2025-07-09 14:49:00,ATM+1,CALL,428.2,435,425.8,431.35,9020,329560,9.867878,83600,83480.01
2025-07-09 14:49:00,ATM+1,PUT,416.3,420.7,410.25,413.15,17540,304020,9.862569,83600,83480.01
2025-07-09 14:49:00,ATM+2,CALL,379.75,385,377.85,383.45,11300,364120,9.881099,83700,83480.01
2025-07-09 14:49:00,ATM+2,PUT,466.4,471.1,461.1,464.4,11840,198900,9.859734,83700,83480.01
2025-07-09 14:49:00,ATM+3,CALL,335.9,340.15,332.45,337,4760,332800,9.840462,83800,83480.01
2025-07-09 14:49:00,ATM+3,PUT,523.95,525,514.4,517.25,7960,169120,9.806182,83800,83480.01
2025-07-09 14:49:00,ATM+4,CALL,292.5,297,290.4,296.25,4000,166680,9.846957,83900,83480.01
2025-07-09 14:49:00,ATM+4,PUT,581.9,583.15,570,572.3,6260,59480,9.714415,83900,83480.01
2025-07-09 14:49:00,ATM+5,CALL,254.05,257.65,252.3,256.3,10800,372280,9.783803,84000,83480.01
2025-07-09 14:49:00,ATM+5,PUT,641.35,645.55,631.5,633.75,3040,106820,9.686225,84000,83480.01
2025-07-09 14:49:00,ATM+6,CALL,220,222.45,218.3,221.9,3340,94700,9.768707,84100,83480.01
2025-07-09 14:49:00,ATM+6,PUT,703.8,705.4,698.75,698.75,60,16040,9.655974,84100,83480.01
2025-07-09 14:49:00,ATM+7,CALL,189.35,192.1,187.95,191.4,4840,148180,9.766224,84200,83480.01
2025-07-09 14:49:00,ATM+7,PUT,772.7,778.35,763.65,763.65,580,12200,9.526962,84200,83480.01
2025-07-09 14:49:00,ATM+8,CALL,162.75,164.75,160.8,163.7,1480,87140,9.751353,84300,83480.01
2025-07-09 14:49:00,ATM+8,PUT,850.6,850.6,850.6,850.6,0,7140,10.205351,84300,83480.01
2025-07-09 14:49:00,ATM+9,CALL,139.05,140.9,137.5,139.65,2760,110520,9.753188,84400,83480.01
2025-07-09 14:49:00,ATM+9,PUT,926.45,926.45,926.45,926.45,20,6100,9.938922,84400,83480.01
2025-07-09 14:49:00,ATM+10,CALL,117.9,119.65,116.7,118.4,8040,251960,9.753868,84500,83480.01
2025-07-09 14:49:00,ATM+10,PUT,999,1003.6,999,1003.6,120,35740,9.906724,84500,83480.01
2025-07-09 14:50:00,ATM-10,CALL,1224,1224,1224,1224,300,11440,11.595875,82500,83461.04
2025-07-09 14:50:00,ATM-10,PUT,98.6,101.1,94.75,100.55,15340,199040,10.646209,82500,83461.04
2025-07-09 14:50:00,ATM-9,CALL,1135.25,1145,1135.25,1145,1000,2920,11.622354,82600,83461.04
2025-07-09 14:50:00,ATM-9,PUT,113.45,115.9,108.9,114.6,6460,74340,10.51034,82600,83461.04
2025-07-09 14:50:00,ATM-8,CALL,1054.6,1054.6,1054.6,1054.6,660,2820,11.221989,82700,83461.04
2025-07-09 14:50:00,ATM-8,PUT,129.5,132.75,124.75,131.75,10000,72880,10.415794,82700,83461.04
2025-07-09 14:50:00,ATM-7,CALL,970.5,972.8,962.75,972.8,700,3840,11.04226,82800,83461.04
2025-07-09 14:50:00,ATM-7,PUT,148.4,152.25,143.3,151.05,12720,91300,10.319692,82800,83461.04
2025-07-09 14:50:00,ATM-6,CALL,889.2,905.5,889.2,905.5,960,5100,11.210793,82900,83461.04
2025-07-09 14:50:00,ATM-6,PUT,170.25,174.2,164.95,173.2,6140,65660,10.236522,82900,83461.04
2025-07-09 14:50:00,ATM-5,CALL,811,830.4,805.75,811.75,1880,78880,10.580564,83000,83461.04
2025-07-09 14:50:00,ATM-5,PUT,194.7,198.9,188,197.95,29120,232660,10.151735,83000,83461.04
2025-07-09 14:50:00,ATM-4,CALL,735,756.95,735,735,1760,11420,10.360342,83100,83461.04
2025-07-09 14:50:00,ATM-4,PUT,222.85,228,215.8,225.8,8840,68580,10.073242,83100,83461.04
2025-07-09 14:50:00,ATM-3,CALL,674,684.75,668,668.7,2020,25900,10.336574,83200,83461.04
2025-07-09 14:50:00,ATM-3,PUT,252.15,259.25,245.3,258.6,11620,90660,10.041721,83200,83461.04
2025-07-09 14:50:00,ATM-2,CALL,608.65,621.75,602.25,604.25,5380,49400,10.277081,83300,83461.04
2025-07-09 14:50:00,ATM-2,PUT,287.4,295.2,279.15,294.4,18660,247480,10.000904,83300,83461.04
2025-07-09 14:50:00,ATM-1,CALL,545.4,559.3,540,541.4,12680,65860,10.175451,83400,83461.04
2025-07-09 14:50:00,ATM-1,PUT,326.25,333.2,316.35,331.8,32040,119840,9.914991,83400,83461.04
2025-07-09 14:50:00,ATM,CALL,486.15,498.85,480.65,482.4,39600,436840,10.083258,83500,83461.04
2025-07-09 14:50:00,ATM,PUT,367.25,375.85,357.7,374.95,61640,461660,9.880627,83500,83461.04
2025-07-09 14:50:00,ATM+1,CALL,433.2,442.95,427.65,430.1,19900,329560,10.063632,83600,83461.04
2025-07-09 14:50:00,ATM+1,PUT,413,421.25,402.45,418.6,30020,304020,9.771188,83600,83461.04
2025-07-09 14:50:00,ATM+2,CALL,383.4,394,379,379.85,29500,364120,10.005761,83700,83461.04
2025-07-09 14:50:00,ATM+2,PUT,463.45,471.6,450.6,470,25880,198900,9.754752,83700,83461.04
2025-07-09 14:50:00,ATM+3,CALL,337.6,346.9,334.2,336.5,19160,332800,10.023441,83800,83461.04
2025-07-09 14:50:00,ATM+3,PUT,518.45,527.4,504.6,526.25,20900,169120,9.763633,83800,83461.04
2025-07-09 14:50:00,ATM+4,CALL,295,303.5,292,293.35,13740,166680,9.958766,83900,83461.04
2025-07-09 14:50:00,ATM+4,PUT,575,585.25,561,582,10220,59480,9.670417,83900,83461.04
2025-07-09 14:50:00,ATM+5,CALL,256.15,264.15,253.75,255.2,28480,372280,9.926765,84000,83461.04
2025-07-09 14:50:00,ATM+5,PUT,637.35,646.25,623.3,645,11960,106820,9.662272,84000,83461.04
2025-07-09 14:50:00,ATM+6,CALL,222.55,230,219.15,221.65,10520,94700,9.922282,84100,83461.04
2025-07-09 14:50:00,ATM+6,PUT,706.75,710.1,689.3,710.1,3080,16040,9.615958,84100,83461.04
2025-07-09 14:50:00,ATM+7,CALL,191.4,198.05,188.5,190.25,12360,148180,9.885576,84200,83461.04
2025-07-09 14:50:00,ATM+7,PUT,770.25,778,761.35,761.35,740,12200,9.084846,84200,83461.04
2025-07-09 14:50:00,ATM+8,CALL,164.2,169.95,161.7,162.8,8380,87140,9.867542,84300,83461.04
2025-07-09 14:50:00,ATM+8,PUT,837.95,837.95,829.55,829.55,720,7140,8.887359,84300,83461.04
2025-07-09 14:50:00,ATM+9,CALL,139.6,145.2,138,139.9,7560,110520,9.895411,84400,83461.04
2025-07-09 14:50:00,ATM+9,PUT,926.9,926.9,915.25,915.25,300,6100,9.127472,84400,83461.04
2025-07-09 14:50:00,ATM+10,CALL,118.95,124,117.4,118.65,12260,251960,9.889686,84500,83461.04
2025-07-09 14:50:00,ATM+10,PUT,992.85,1009,982.9,1009,800,35740,9.581681,84500,83461.04
2025-07-09 14:51:00,ATM-10,CALL,1224,1224,1224,1224,40,11460,11.121894,82500,83477.24
2025-07-09 14:51:00,ATM-10,PUT,101.45,102.1,95,95.6,16260,201300,10.558587,82500,83477.24
2025-07-09 14:51:00,ATM-9,CALL,1145,1145,1145,1145,0,2920,11.622354,82600,83477.24
2025-07-09 14:51:00,ATM-9,PUT,115.75,117.65,108.9,110.15,4360,74220,10.458165,82600,83477.24
2025-07-09 14:51:00,ATM-8,CALL,1054.6,1054.6,1054.6,1054.6,0,2820,11.221989,82700,83477.24
2025-07-09 14:51:00,ATM-8,PUT,133.25,134.3,124.55,125.6,9940,71980,10.323131,82700,83477.24
2025-07-09 14:51:00,ATM-7,CALL,949.7,949.7,949.7,949.7,100,4020,9.962797,82800,83477.24
2025-07-09 14:51:00,ATM-7,PUT,151.65,153.7,143,143.55,11920,94540,10.203496,82800,83477.24
2025-07-09 14:51:00,ATM-6,CALL,874.65,895.8,874.65,895.8,100,5340,10.604583,82900,83477.24
2025-07-09 14:51:00,ATM-6,PUT,173.45,177.5,164.25,165.45,6880,65900,10.132649,82900,83477.24
2025-07-09 14:51:00,ATM-5,CALL,805,825,802.4,822.2,1940,78140,10.554473,83000,83477.24
2025-07-09 14:51:00,ATM-5,PUT,198.85,202.05,188,188.55,36020,233760,10.020683,83000,83477.24
2025-07-09 14:51:00,ATM-4,CALL,730.9,750.95,730.9,750.95,180,11460,10.490479,83100,83477.24
2025-07-09 14:51:00,ATM-4,PUT,228,230.15,214.5,215.95,9500,67880,9.949609,83100,83477.24
2025-07-09 14:51:00,ATM-3,CALL,671.55,684,671.55,681.2,980,25840,10.38861,83200,83477.24
2025-07-09 14:51:00,ATM-3,PUT,258.4,263.15,245.4,246.6,12080,90720,9.882318,83200,83477.24
2025-07-09 14:51:00,ATM-2,CALL,601.85,616,598.55,616,3640,50060,10.322564,83300,83477.24
2025-07-09 14:51:00,ATM-2,PUT,294.1,298.75,279.1,280.5,13280,242420,9.813794,83300,83477.24
2025-07-09 14:51:00,ATM-1,CALL,543.35,555,536.8,553.45,10060,67440,10.240424,83400,83477.24
2025-07-09 14:51:00,ATM-1,PUT,333,337.4,316,317.25,42480,119960,9.730475,83400,83477.24
2025-07-09 14:51:00,ATM,CALL,483.5,494.3,478.75,493.2,30700,440700,10.131545,83500,83477.24
2025-07-09 14:51:00,ATM,PUT,374.75,381.2,358,358.2,94540,467760,9.661246,83500,83477.24
2025-07-09 14:51:00,ATM+1,CALL,430.95,439.75,425.4,437.95,20040,328120,10.056587,83600,83477.24
2025-07-09 14:51:00,ATM+1,PUT,421.25,426.6,402.1,403.9,38320,301560,9.615337,83600,83477.24
2025-07-09 14:51:00,ATM+2,CALL,380,390,376.65,388.2,18060,362740,10.02446,83700,83477.24
2025-07-09 14:51:00,ATM+2,PUT,472.8,477.45,451.85,453.5,27000,196360,9.570721,83700,83477.24
2025-07-09 14:51:00,ATM+3,CALL,335.4,344,332.2,344,13700,332200,10.03624,83800,83477.24
2025-07-09 14:51:00,ATM+3,PUT,525.5,532.1,505.15,506.7,14060,159800,9.519481,83800,83477.24
2025-07-09 14:51:00,ATM+4,CALL,293.4,301.05,291.15,298.2,8380,165140,9.922136,83900,83477.24
2025-07-09 14:51:00,ATM+4,PUT,583.5,590,561.1,561.1,3660,59660,9.402996,83900,83477.24
2025-07-09 14:51:00,ATM+5,CALL,254.95,261.25,252.95,260.55,15760,372260,9.915892,84000,83477.24
2025-07-09 14:51:00,ATM+5,PUT,645.3,651.2,622.15,622.15,8160,107460,9.352212,84000,83477.24
2025-07-09 14:51:00,ATM+6,CALL,220.15,226.2,218.8,226.15,7580,94680,9.903357,84100,83477.24
2025-07-09 14:51:00,ATM+6,PUT,709.9,714.9,690.1,690.1,600,16060,9.382318,84100,83477.24
2025-07-09 14:51:00,ATM+7,CALL,189.25,195.45,188.9,195.45,3840,146680,9.899333,84200,83477.24
2025-07-09 14:51:00,ATM+7,PUT,785,785,757.55,757.55,640,11960,9.305468,84200,83477.24
2025-07-09 14:51:00,ATM+8,CALL,162.75,167.9,162,167.55,3720,87160,9.883799,84300,83477.24
2025-07-09 14:51:00,ATM+8,PUT,856.05,856.05,831.3,831.3,100,7120,9.306595,84300,83477.24
2025-07-09 14:51:00,ATM+9,CALL,139.2,145.95,138.25,143.15,5360,111320,9.881144,84400,83477.24
2025-07-09 14:51:00,ATM+9,PUT,930.25,930.25,906.45,906.45,100,6120,9.253615,84400,83477.24
2025-07-09 14:51:00,ATM+10,CALL,118.45,122,117.4,121.05,7020,255760,9.861007,84500,83477.24
2025-07-09 14:51:00,ATM+10,PUT,1010,1014.3,987.6,987.6,100,35660,9.29818,84500,83477.24
2025-07-09 14:52:00,ATM-10,CALL,1224,1224,1224,1224,0,11460,11.121894,82500,83476.03
2025-07-09 14:52:00,ATM-10,PUT,95.6,98.45,95.6,97.7,7400,201300,10.631979,82500,83476.03
2025-07-09 14:52:00,ATM-9,CALL,1145,1145,1145,1145,0,2920,11.622354,82600,83476.03
2025-07-09 14:52:00,ATM-9,PUT,109.85,112.65,109.45,111,2920,74220,10.481089,82600,83476.03
2025-07-09 14:52:00,ATM-8,CALL,1054.6,1054.6,1054.6,1054.6,0,2820,11.221989,82700,83476.03
2025-07-09 14:52:00,ATM-8,PUT,125.5,129.1,125.1,128.2,6520,71980,10.401454,82700,83476.03
2025-07-09 14:52:00,ATM-7,CALL,949.7,949.7,949.7,949.7,0,4020,9.962797,82800,83476.03
2025-07-09 14:52:00,ATM-7,PUT,143.5,147.9,143.3,147,5120,94540,10.302263,82800,83476.03
2025-07-09 14:52:00,ATM-6,CALL,896.1,896.4,896.1,896.4,40,5340,10.648197,82900,83476.03
2025-07-09 14:52:00,ATM-6,PUT,164.75,169.95,164.75,167.6,5040,65900,10.186818,82900,83476.03
2025-07-09 14:52:00,ATM-5,CALL,816.65,821.5,813.75,815,940,78140,10.382533,83000,83476.03
2025-07-09 14:52:00,ATM-5,PUT,188.85,194.55,188.2,193.25,12300,233760,10.141366,83000,83476.03
2025-07-09 14:52:00,ATM-4,CALL,748.15,750.35,740.9,747.75,480,11460,10.429417,83100,83476.03
2025-07-09 14:52:00,ATM-4,PUT,215.8,222.3,215.4,221,4940,67880,10.072905,83100,83476.03
2025-07-09 14:52:00,ATM-3,CALL,681.6,681.6,672.55,679.25,520,25840,10.360178,83200,83476.03
2025-07-09 14:52:00,ATM-3,PUT,246.25,253.15,246.25,251.1,4540,90720,9.985891,83200,83476.03
2025-07-09 14:52:00,ATM-2,CALL,613.85,615.6,607,608.85,2360,50060,10.16714,83300,83476.03
2025-07-09 14:52:00,ATM-2,PUT,279.7,287.9,279.7,285,10520,242420,9.913064,83300,83476.03
2025-07-09 14:52:00,ATM-1,CALL,551.45,553.4,545,548.75,4220,67440,10.145866,83400,83476.03
2025-07-09 14:52:00,ATM-1,PUT,317.25,325.5,317.25,323.1,15340,119960,9.858602,83400,83476.03
2025-07-09 14:52:00,ATM,CALL,493.45,493.45,485.3,488.55,27000,440700,10.038476,83500,83476.03
2025-07-09 14:52:00,ATM,PUT,358.05,368,358.05,365.5,32360,467760,9.820453,83500,83476.03
2025-07-09 14:52:00,ATM+1,CALL,438.75,438.75,430.95,434.4,12040,328120,9.988743,83600,83476.03
2025-07-09 14:52:00,ATM+1,PUT,403.7,413.9,403.25,408.95,16900,301560,9.719832,83600,83476.03
2025-07-09 14:52:00,ATM+2,CALL,389.05,389.3,382.95,385.6,10040,362740,9.977639,83700,83476.03
2025-07-09 14:52:00,ATM+2,PUT,453.3,463.65,453.3,459.9,8960,196360,9.70603,83700,83476.03
2025-07-09 14:52:00,ATM+3,CALL,342.3,343.25,336.3,339.65,6420,332200,9.946356,83800,83476.03
2025-07-09 14:52:00,ATM+3,PUT,506.85,517.45,506.85,512.8,5900,159800,9.648199,83800,83476.03
2025-07-09 14:52:00,ATM+4,CALL,299.4,301.2,294.2,297.2,12320,165140,9.910295,83900,83476.03
2025-07-09 14:52:00,ATM+4,PUT,563.2,573.95,563.2,572.05,1020,59660,9.651035,83900,83476.03
2025-07-09 14:52:00,ATM+5,CALL,260.4,260.75,255.6,258.2,10080,372260,9.868984,84000,83476.03
2025-07-09 14:52:00,ATM+5,PUT,625.2,636.85,625.2,633.9,2800,107460,9.627121,84000,83476.03
2025-07-09 14:52:00,ATM+6,CALL,225.6,226.5,221.9,223.9,6400,94680,9.856101,84100,83476.03
2025-07-09 14:52:00,ATM+6,PUT,702.6,702.6,693.95,693.95,240,16060,9.461605,84100,83476.03
2025-07-09 14:52:00,ATM+7,CALL,194.25,194.25,191,193.05,3760,146680,9.844625,84200,83476.03
2025-07-09 14:52:00,ATM+7,PUT,769.25,769.25,760.5,760.5,380,11960,9.363102,84200,83476.03
2025-07-09 14:52:00,ATM+8,CALL,166.9,166.9,163.95,165.3,2740,87160,9.829097,84300,83476.03
2025-07-09 14:52:00,ATM+8,PUT,840,841.75,840,841.75,60,7120,9.585348,84300,83476.03
2025-07-09 14:52:00,ATM+9,CALL,142.5,142.5,139.6,141.2,3740,111320,9.830838,84400,83476.03
2025-07-09 14:52:00,ATM+9,PUT,906.45,906.45,906.45,906.45,0,6120,9.253615,84400,83476.03
2025-07-09 14:52:00,ATM+10,CALL,121.3,121.3,118.5,120.2,5920,255760,9.841877,84500,83476.03
2025-07-09 14:52:00,ATM+10,PUT,996.95,996.95,987,987,60,35660,9.243961,84500,83476.03
2025-07-09 14:53:00,ATM-10,CALL,1265,1265,1260.2,1260.2,100,800,12.158215,82400,83386.4
2025-07-09 14:53:00,ATM-10,PUT,85.1,96.3,85.1,94.75,17180,71500,10.594641,82400,83386.4
2025-07-09 14:53:00,ATM-9,CALL,1190.5,1190.5,1163.75,1163.75,400,11460,11.597541,82500,83386.4
2025-07-09 14:53:00,ATM-9,PUT,97.7,110.65,97.7,107.75,40640,201300,10.443377,82500,83386.4
2025-07-09 14:53:00,ATM-8,CALL,1120.05,1120.05,1081.4,1081.4,140,3020,11.464702,82600,83386.4
2025-07-09 14:53:00,ATM-8,PUT,111.35,126.95,111.35,123.85,19960,74220,10.338283,82600,83386.4
2025-07-09 14:53:00,ATM-7,CALL,1000.4,1000.4,1000.4,1000.4,40,2820,11.313437,82700,83386.4
2025-07-09 14:53:00,ATM-7,PUT,126.95,143.8,126.9,141.05,19560,71980,10.201621,82700,83386.4
2025-07-09 14:53:00,ATM-6,CALL,935.5,935.5,918.05,931.95,380,4020,11.456435,82800,83386.4
2025-07-09 14:53:00,ATM-6,PUT,145.75,165.95,145.75,161.15,19540,94540,10.085784,82800,83386.4
2025-07-09 14:53:00,ATM-5,CALL,874.2,874.2,844.85,844.85,820,5340,11.010994,82900,83386.4
2025-07-09 14:53:00,ATM-5,PUT,167.15,187.9,167.15,185,17440,65900,10.004824,82900,83386.4
2025-07-09 14:53:00,ATM-4,CALL,818.7,818.7,769.5,778.2,6660,78140,11.054734,83000,83386.4
2025-07-09 14:53:00,ATM-4,PUT,191.75,214.7,191.45,211.45,66080,233760,9.91724,83000,83386.4
2025-07-09 14:53:00,ATM-3,CALL,746.8,746.8,699.75,710,2540,11460,10.979635,83100,83386.4
2025-07-09 14:53:00,ATM-3,PUT,218.9,244.7,218.9,242.15,19740,67880,9.860493,83100,83386.4
2025-07-09 14:53:00,ATM-2,CALL,672,672,633,640,3600,25840,10.787436,83200,83386.4
2025-07-09 14:53:00,ATM-2,PUT,250.3,278.8,250.3,273.9,44720,90720,9.747775,83200,83386.4
2025-07-09 14:53:00,ATM-1,CALL,610.5,610.5,569.7,579.15,10840,50060,10.743425,83300,83386.4
2025-07-09 14:53:00,ATM-1,PUT,284.55,315.65,284.55,308.65,42360,242420,9.626067,83300,83386.4
2025-07-09 14:53:00,ATM,CALL,547.85,548.15,510.05,519.3,24060,67440,10.644373,83400,83386.4
2025-07-09 14:53:00,ATM,PUT,323.3,356,323.25,349.45,85240,119960,9.56304,83400,83386.4
2025-07-09 14:53:00,ATM+1,CALL,490,490,453.15,458.35,79440,440700,10.440295,83500,83386.4
2025-07-09 14:53:00,ATM+1,PUT,364.75,400,364,395.35,143980,467760,9.53062,83500,83386.4
2025-07-09 14:53:00,ATM+2,CALL,434.1,434.85,400,409,63900,328120,10.425838,83600,83386.4
2025-07-09 14:53:00,ATM+2,PUT,409.8,449.8,409.8,443.25,84560,301560,9.454031,83600,83386.4
2025-07-09 14:53:00,ATM+3,CALL,385.7,385.75,352.5,361.65,70980,362740,10.37468,83700,83386.4
2025-07-09 14:53:00,ATM+3,PUT,459.85,504.95,459.85,498.45,60480,196360,9.456918,83700,83386.4
2025-07-09 14:53:00,ATM+4,CALL,340.65,340.65,312.55,317.8,55920,332200,10.321638,83800,83386.4
2025-07-09 14:53:00,ATM+4,PUT,514.1,560,514.1,550.35,37300,159800,9.286496,83800,83386.4
2025-07-09 14:53:00,ATM+5,CALL,297.7,297.7,271.3,277.75,43460,165140,10.274458,83900,83386.4
2025-07-09 14:53:00,ATM+5,PUT,574.55,617.9,574.55,612,15540,59660,9.255011,83900,83386.4
2025-07-09 14:53:00,ATM+6,CALL,258.85,258.85,236,241.4,64340,372260,10.232407,84000,83386.4
2025-07-09 14:53:00,ATM+6,PUT,637.05,683.65,637.05,671.5,15160,107460,9.067502,84000,83386.4
2025-07-09 14:53:00,ATM+7,CALL,223.35,223.35,204.2,208.95,28740,94680,10.203703,84100,83386.4
2025-07-09 14:53:00,ATM+7,PUT,707.4,748.8,707.4,740.4,1520,16060,9.021127,84100,83386.4
2025-07-09 14:53:00,ATM+8,CALL,192.55,192.55,175.15,179.05,22580,146680,10.155613,84200,83386.4
2025-07-09 14:53:00,ATM+8,PUT,772.2,821.9,772.2,815.75,4560,11960,9.05884,84200,83386.4
2025-07-09 14:53:00,ATM+9,CALL,165.5,165.5,150,153.4,17520,87160,10.139771,84300,83386.4
2025-07-09 14:53:00,ATM+9,PUT,844.15,890.85,843.2,876.2,600,7120,8.513991,84300,83386.4
2025-07-09 14:53:00,ATM+10,CALL,140.95,140.95,127.9,130.8,14100,111320,10.129607,84400,83386.4
2025-07-09 14:53:00,ATM+10,PUT,965.5,970.2,965.5,970.2,360,6120,8.959365,84400,83386.4
2025-07-09 14:54:00,ATM-10,CALL,1286.75,1286.75,1286.75,1286.75,60,700,11.375221,82400,83445.14
2025-07-09 14:54:00,ATM-10,PUT,95.1,97.1,87.15,87.15,15640,68200,10.649074,82400,83445.14
2025-07-09 14:54:00,ATM-9,CALL,1187.2,1197.8,1187.2,1197.8,40,11540,11.134841,82500,83445.14
2025-07-09 14:54:00,ATM-9,PUT,108.75,112,100.15,100.15,34560,203120,10.534595,82500,83445.14
2025-07-09 14:54:00,ATM-8,CALL,1082.1,1110.05,1082.1,1110.05,40,3240,10.890606,82600,83445.14
2025-07-09 14:54:00,ATM-8,PUT,124.15,126.65,115.5,115.5,12540,74120,10.440701,82600,83445.14
2025-07-09 14:54:00,ATM-7,CALL,1000.4,1000.4,1000.4,1000.4,0,2820,11.313437,82700,83445.14
2025-07-09 14:54:00,ATM-7,PUT,142,145,131.1,131.1,12020,73520,10.288926,82700,83445.14
2025-07-09 14:54:00,ATM-6,CALL,922.75,949.6,922.25,949.6,260,4600,10.7143,82800,83445.14
2025-07-09 14:54:00,ATM-6,PUT,163.55,167.3,149.9,149.9,29020,93900,10.173563,82800,83445.14
2025-07-09 14:54:00,ATM-5,CALL,853.5,882.1,853.5,882.1,680,5400,10.88307,82900,83445.14
2025-07-09 14:54:00,ATM-5,PUT,185.75,190.3,172.85,173.55,15560,65500,10.129409,82900,83445.14
2025-07-09 14:54:00,ATM-4,CALL,776.95,806,774.1,806,5860,77740,10.728657,83000,83445.14
2025-07-09 14:54:00,ATM-4,PUT,212.7,216.5,197.8,198.3,47580,230900,10.03748,83000,83445.14
2025-07-09 14:54:00,ATM-3,CALL,702.8,735,702.8,735,2120,11380,10.639127,83100,83445.14
2025-07-09 14:54:00,ATM-3,PUT,242.05,246.8,224.4,224.4,24680,69180,9.905656,83100,83445.14
2025-07-09 14:54:00,ATM-2,CALL,639.8,665,637.4,665,4800,25540,10.501086,83200,83445.14
2025-07-09 14:54:00,ATM-2,PUT,274.8,280,255.9,255.9,23540,89480,9.834537,83200,83445.14
2025-07-09 14:54:00,ATM-1,CALL,575.2,601,574.15,600.3,5920,49460,10.418188,83300,83445.14
2025-07-09 14:54:00,ATM-1,PUT,312.5,318,290.7,290.7,42260,248760,9.762058,83300,83445.14
2025-07-09 14:54:00,ATM,CALL,515.9,539.4,513.65,539.2,22520,69020,10.34228,83400,83445.14
2025-07-09 14:54:00,ATM,PUT,351.9,358,329.1,329.95,114460,117320,9.711608,83400,83445.14
2025-07-09 14:54:00,ATM+1,CALL,459.5,481.25,457.6,481.25,58600,450760,10.259357,83500,83445.14
2025-07-09 14:54:00,ATM+1,PUT,396.8,402.35,373.35,374.7,97360,468440,9.70348,83500,83445.14
2025-07-09 14:54:00,ATM+2,CALL,406.95,427.85,406.7,427.5,44060,328600,10.191501,83600,83445.14
2025-07-09 14:54:00,ATM+2,PUT,444.55,450.2,418.2,418.2,60640,295960,9.577108,83600,83445.14
2025-07-09 14:54:00,ATM+3,CALL,359.6,379.05,359.6,378.65,36840,357380,10.153256,83700,83445.14
2025-07-09 14:54:00,ATM+3,PUT,496.15,503,469,469,34880,188560,9.531187,83700,83445.14
2025-07-09 14:54:00,ATM+4,CALL,316.2,333.85,316.2,333.3,38400,328100,10.111396,83800,83445.14
2025-07-09 14:54:00,ATM+4,PUT,554.55,559,522.75,522.75,19480,151480,9.462669,83800,83445.14
2025-07-09 14:54:00,ATM+5,CALL,275.2,291.5,275.2,291.5,19880,170380,10.067303,83900,83445.14
2025-07-09 14:54:00,ATM+5,PUT,615.35,618.3,581.05,581.05,10220,58740,9.40933,83900,83445.14
2025-07-09 14:54:00,ATM+6,CALL,239.65,253.35,239.55,253.35,35580,375360,10.024387,84000,83445.14
2025-07-09 14:54:00,ATM+6,PUT,680.25,684.5,642,642,11400,105800,9.325196,84000,83445.14
2025-07-09 14:54:00,ATM+7,CALL,207,219.45,207,219.45,22100,95860,10.000394,84100,83445.14
2025-07-09 14:54:00,ATM+7,PUT,745.1,749.75,718.5,718.5,780,14720,9.550675,84100,83445.14
2025-07-09 14:54:00,ATM+8,CALL,178.15,189.1,177.95,189.1,14820,151720,9.981794,84200,83445.14
2025-07-09 14:54:00,ATM+8,PUT,818.8,823.95,780.05,782.3,8940,11380,9.349093,84200,83445.14
2025-07-09 14:54:00,ATM+9,CALL,152.7,162.05,152.7,162,14200,89000,9.965013,84300,83445.14
2025-07-09 14:54:00,ATM+9,PUT,878.2,878.2,857.1,857.1,300,6520,9.353506,84300,83445.14
2025-07-09 14:54:00,ATM+10,CALL,130.2,138.65,130.2,138.65,7360,110820,9.971189,84400,83445.14
2025-07-09 14:54:00,ATM+10,PUT,967.35,969.8,936.55,936.55,360,6140,9.410456,84400,83445.14
2025-07-09 14:55:00,ATM-10,CALL,1286.75,1286.75,1286.75,1286.75,0,700,11.375221,82400,83435.97
2025-07-09 14:55:00,ATM-10,PUT,88.25,93.15,88.25,93.15,2920,68200,10.834453,82400,83435.97
2025-07-09 14:55:00,ATM-9,CALL,1204.2,1204.2,1204.2,1204.2,40,11540,11.620485,82500,83435.97
2025-07-09 14:55:00,ATM-9,PUT,101.15,106,101.15,106,12180,203120,10.694474,82500,83435.97
2025-07-09 14:55:00,ATM-8,CALL,1110.05,1110.05,1110.05,1110.05,0,3240,10.890606,82600,83435.97
2025-07-09 14:55:00,ATM-8,PUT,114.7,120.1,114.7,120.1,4520,74120,10.539877,82600,83435.97
2025-07-09 14:55:00,ATM-7,CALL,1000.4,1000.4,1000.4,1000.4,0,2820,11.313437,82700,83435.97
2025-07-09 14:55:00,ATM-7,PUT,131.15,139.6,131.15,139.6,5180,73520,10.500028,82700,83435.97
2025-07-09 14:55:00,ATM-6,CALL,948,948.15,948,948.15,80,4600,10.875977,82800,83435.97
2025-07-09 14:55:00,ATM-6,PUT,150.3,158.8,150.3,158.8,6320,93900,10.377155,82800,83435.97
2025-07-09 14:55:00,ATM-5,CALL,875,875,865.2,865.2,280,5400,10.59742,82900,83435.97
2025-07-09 14:55:00,ATM-5,PUT,172.45,181.65,172.45,181.65,8360,65500,10.291331,82900,83435.97
2025-07-09 14:55:00,ATM-4,CALL,800,803,793.2,797.35,1860,77740,10.669039,83000,83435.97
2025-07-09 14:55:00,ATM-4,PUT,197.4,206.4,197.4,206.25,28660,230900,10.180122,83000,83435.97
2025-07-09 14:55:00,ATM-3,CALL,730.45,732.2,724.65,725.4,920,11380,10.550449,83100,83435.97
2025-07-09 14:55:00,ATM-3,PUT,228.45,236.6,228,236.6,9400,69180,10.144749,83100,83435.97
2025-07-09 14:55:00,ATM-2,CALL,662.85,662.85,658.2,659.25,1900,25540,10.503569,83200,83435.97
2025-07-09 14:55:00,ATM-2,PUT,256.45,268.4,256.45,268.4,11900,89480,10.064829,83200,83435.97
2025-07-09 14:55:00,ATM-1,CALL,598.5,599.8,591.1,591.1,3340,49460,10.329954,83300,83435.97
2025-07-09 14:55:00,ATM-1,PUT,294.65,304.8,294.65,304.8,14120,248760,10.016731,83300,83435.97
2025-07-09 14:55:00,ATM,CALL,539.05,539.05,530.8,532.35,14400,69020,10.303857,83400,83435.97
2025-07-09 14:55:00,ATM,PUT,332.95,343.5,332.95,342.6,30700,117320,9.91872,83400,83435.97
2025-07-09 14:55:00,ATM+1,CALL,480,480,472.7,475.55,26720,450760,10.240665,83500,83435.97
2025-07-09 14:55:00,ATM+1,PUT,372.2,387.15,372.2,387,47380,468440,9.89179,83500,83435.97
2025-07-09 14:55:00,ATM+2,CALL,427,427,420.25,424.05,22740,328600,10.217687,83600,83435.97
2025-07-09 14:55:00,ATM+2,PUT,419.4,433.95,419.4,433.25,31240,295960,9.820963,83600,83435.97
2025-07-09 14:55:00,ATM+3,CALL,377.7,378.75,372.6,372.6,17900,357380,10.110532,83700,83435.97
2025-07-09 14:55:00,ATM+3,PUT,470,484.5,470,484.5,14640,188560,9.778803,83700,83435.97
2025-07-09 14:55:00,ATM+4,CALL,332.85,332.9,327.45,327.45,10720,328100,10.064827,83800,83435.97
2025-07-09 14:55:00,ATM+4,PUT,528.5,540,526.75,540,5060,151480,9.747554,83800,83435.97
2025-07-09 14:55:00,ATM+5,CALL,291.05,291.05,286.35,286.35,6780,170380,10.028635,83900,83435.97
2025-07-09 14:55:00,ATM+5,PUT,586.7,598.15,586.5,598.15,2080,58740,9.689288,83900,83435.97
2025-07-09 14:55:00,ATM+6,CALL,253.2,253.2,248.65,248.65,14420,375360,9.987598,84000,83435.97
2025-07-09 14:55:00,ATM+6,PUT,644.8,660.95,644.8,660.8,3820,105800,9.649745,84000,83435.97
2025-07-09 14:55:00,ATM+7,CALL,219.4,219.4,215,217.25,8700,95860,10.01952,84100,83435.97
2025-07-09 14:55:00,ATM+7,PUT,708.3,729,708.3,729,400,14720,9.661201,84100,83435.97
2025-07-09 14:55:00,ATM+8,CALL,189,189,185.65,185.7,4880,151720,9.960491,84200,83435.97
2025-07-09 14:55:00,ATM+8,PUT,787.7,798.85,786.35,798.85,1740,11380,9.626459,84200,83435.97
2025-07-09 14:55:00,ATM+9,CALL,161.9,161.9,159.2,159.2,3260,89000,9.951658,84300,83435.97
2025-07-09 14:55:00,ATM+9,PUT,858,866.1,858,866.1,60,6520,9.414586,84300,83435.97
2025-07-09 14:55:00,ATM+10,CALL,138,138,135.75,135.75,2200,110820,9.945553,84400,83435.97
2025-07-09 14:55:00,ATM+10,PUT,938.6,938.6,938.6,938.6,20,6140,9.241551,84400,83435.97
2025-07-09 14:56:00,ATM-10,CALL,1199.3,1199.3,1199.3,1199.3,20,11540,10.436886,82500,83469.69
2025-07-09 14:56:00,ATM-10,PUT,106.3,106.3,97.9,98.95,21840,203120,10.642453,82500,83469.69
2025-07-09 14:56:00,ATM-9,CALL,1204.2,1204.2,1204.2,1204.2,0,11540,11.620485,82600,83469.69
2025-07-09 14:56:00,ATM-9,PUT,121.25,121.25,112.25,113.05,8180,74120,10.514786,82600,83469.69
2025-07-09 14:56:00,ATM-8,CALL,1050,1050,1050,1050,20,3140,10.870632,82700,83469.69
2025-07-09 14:56:00,ATM-8,PUT,138.2,139.2,128.5,129.35,4740,73520,10.398645,82700,83469.69
2025-07-09 14:56:00,ATM-7,CALL,969,970.2,969,970.2,40,4600,10.775815,82800,83469.69
2025-07-09 14:56:00,ATM-7,PUT,158.5,158.5,146.95,148.6,9580,93900,10.308774,82800,83469.69
2025-07-09 14:56:00,ATM-6,CALL,879.3,884.9,879.3,884.9,140,5400,10.456686,82900,83469.69
2025-07-09 14:56:00,ATM-6,PUT,181.55,181.55,168.95,169.85,7420,65500,10.207039,82900,83469.69
2025-07-09 14:56:00,ATM-5,CALL,800.6,821.4,800.6,820.3,3400,77740,10.652333,83000,83469.69
2025-07-09 14:56:00,ATM-5,PUT,206.2,206.75,192.3,193.9,24680,230900,10.111506,83000,83469.69
2025-07-09 14:56:00,ATM-4,CALL,730,745.2,730,741.7,540,11380,10.38748,83100,83469.69
2025-07-09 14:56:00,ATM-4,PUT,236,236,220.2,222.55,10800,69180,10.062877,83100,83469.69
2025-07-09 14:56:00,ATM-3,CALL,664,679.05,662.45,677.15,1760,25540,10.413714,83200,83469.69
2025-07-09 14:56:00,ATM-3,PUT,267.65,267.65,251.55,252.6,11700,89480,9.969803,83200,83469.69
2025-07-09 14:56:00,ATM-2,CALL,596.1,613.85,596.1,612.85,6700,49460,10.36274,83300,83469.69
2025-07-09 14:56:00,ATM-2,PUT,304.8,304.9,286.5,287.4,17500,248760,9.914127,83300,83469.69
2025-07-09 14:56:00,ATM-1,CALL,535.4,551.8,534.4,549.4,15340,69020,10.252089,83400,83469.69
2025-07-09 14:56:00,ATM-1,PUT,342.55,342.65,324.2,325.5,35300,117320,9.854181,83400,83469.69
2025-07-09 14:56:00,ATM,CALL,476.35,491.95,476.25,490,44540,450760,10.156679,83500,83469.69
2025-07-09 14:56:00,ATM,PUT,386.25,386.35,365.3,366.95,60580,468440,9.788194,83500,83469.69
2025-07-09 14:56:00,ATM+1,CALL,423.65,438,423.65,435.85,27560,328600,10.100772,83600,83469.69
2025-07-09 14:56:00,ATM+1,PUT,432.3,433.1,410,413,29460,295960,9.742885,83600,83469.69
2025-07-09 14:56:00,ATM+2,CALL,375.1,389,375.1,386.8,32240,357380,10.078559,83700,83469.69
2025-07-09 14:56:00,ATM+2,PUT,484.3,484.3,461,462.3,15820,188560,9.684706,83700,83469.69
2025-07-09 14:56:00,ATM+3,CALL,329.85,342.35,329.85,340.6,20400,328100,10.036869,83800,83469.69
2025-07-09 14:56:00,ATM+3,PUT,538.6,539.5,514.05,516.4,9560,151480,9.649239,83800,83469.69
2025-07-09 14:56:00,ATM+4,CALL,288.85,299.75,288.85,299,11620,170380,10.017523,83900,83469.69
2025-07-09 14:56:00,ATM+4,PUT,598.4,598.4,572.9,574.5,5380,58740,9.61831,83900,83469.69
2025-07-09 14:56:00,ATM+5,CALL,251.7,260.85,251.65,259.35,26640,375360,9.957387,84000,83469.69
2025-07-09 14:56:00,ATM+5,PUT,660.2,660.2,633.2,636.75,3820,105800,9.597398,84000,83469.69
2025-07-09 14:56:00,ATM+6,CALL,218.4,225.9,218.4,224.75,3780,95860,9.934346,84100,83469.69
2025-07-09 14:56:00,ATM+6,PUT,719.8,721.35,702,702.8,160,14720,9.580991,84100,83469.69
2025-07-09 14:56:00,ATM+7,CALL,188.15,195,187.65,194.75,9860,151720,9.943843,84200,83469.69
2025-07-09 14:56:00,ATM+7,PUT,799.75,799.75,769,770.55,1240,11380,9.515666,84200,83469.69
2025-07-09 14:56:00,ATM+8,CALL,160.95,167.5,160.95,167.2,7380,89000,9.933833,84300,83469.69
2025-07-09 14:56:00,ATM+8,PUT,853.4,853.4,847.25,847.25,100,6520,9.608685,84300,83469.69
2025-07-09 14:56:00,ATM+9,CALL,137.85,143.6,137.45,142.95,7460,110820,9.932011,84400,83469.69
2025-07-09 14:56:00,ATM+9,PUT,920.6,920.6,920,920,200,6140,9.495726,84400,83469.69
2025-07-09 14:56:00,ATM+10,CALL,117.4,122.2,117.4,121.75,15800,253760,9.938145,84500,83469.69
2025-07-09 14:56:00,ATM+10,PUT,1019.9,1019.9,991.5,998,1380,35540,9.445524,84500,83469.69
2025-07-09 14:57:00,ATM-10,CALL,1199.3,1199.3,1199.3,1199.3,0,11540,10.436886,82500,83469.48
2025-07-09 14:57:00,ATM-10,PUT,99.55,101,97.05,98.4,9740,197960,10.620825,82500,83469.48
2025-07-09 14:57:00,ATM-9,CALL,1204.2,1204.2,1204.2,1204.2,0,11540,11.620485,82600,83469.48
2025-07-09 14:57:00,ATM-9,PUT,114.5,115.4,111.45,112.5,4780,73620,10.494572,82600,83469.48
2025-07-09 14:57:00,ATM-8,CALL,1050,1050,1050,1050,20,3100,10.876906,82700,83469.48
2025-07-09 14:57:00,ATM-8,PUT,130.5,132.3,127.7,128.9,4220,75340,10.382949,82700,83469.48
2025-07-09 14:57:00,ATM-7,CALL,970.2,972.15,970.2,972.15,40,4700,10.840064,82800,83469.48
2025-07-09 14:57:00,ATM-7,PUT,149.65,151.25,146.45,147.7,4780,87180,10.280097,82800,83469.48
2025-07-09 14:57:00,ATM-6,CALL,884.9,884.9,884.9,884.9,0,5400,10.456686,82900,83469.48
2025-07-09 14:57:00,ATM-6,PUT,171.1,172.8,167.35,170.15,5520,64680,10.214637,82900,83469.48
2025-07-09 14:57:00,ATM-5,CALL,814,821,811.8,814.65,2040,80200,10.504167,83000,83469.48
2025-07-09 14:57:00,ATM-5,PUT,195.7,197.4,191.4,194,16560,228020,10.113066,83000,83469.48
2025-07-09 14:57:00,ATM-4,CALL,745,747.35,739.25,744.3,460,11800,10.459664,83100,83469.48
2025-07-09 14:57:00,ATM-4,PUT,223.8,225.5,219,221.25,5100,68600,10.027511,83100,83469.48
2025-07-09 14:57:00,ATM-3,CALL,671.6,679.6,671.6,676.1,2680,27940,10.391655,83200,83469.48
2025-07-09 14:57:00,ATM-3,PUT,253.95,257.3,250,252.2,7540,80800,9.958307,83200,83469.48
2025-07-09 14:57:00,ATM-2,CALL,608.75,612.6,605.75,609.9,2080,53400,10.29489,83300,83469.48
2025-07-09 14:57:00,ATM-2,PUT,289.95,292.65,284.95,287.1,8460,241940,9.905253,83300,83469.48
2025-07-09 14:57:00,ATM-1,CALL,546.35,551,544.3,547.45,7080,77480,10.209318,83400,83469.48
2025-07-09 14:57:00,ATM-1,PUT,328.2,330.85,322.45,325.9,15640,145160,9.86203,83400,83469.48
2025-07-09 14:57:00,ATM,CALL,488.95,492.45,487.15,489.05,27120,460080,10.137807,83500,83469.48
2025-07-09 14:57:00,ATM,PUT,367.15,371.3,362.75,366.75,41340,438220,9.781628,83500,83469.48
2025-07-09 14:57:00,ATM+1,CALL,434.65,437,432.2,434.25,12720,328580,10.066613,83600,83469.48
2025-07-09 14:57:00,ATM+1,PUT,414.9,418.4,409.05,411.2,16600,278860,9.698748,83600,83469.48
2025-07-09 14:57:00,ATM+2,CALL,385.2,387.6,382.85,385,22000,364800,10.039407,83700,83469.48
2025-07-09 14:57:00,ATM+2,PUT,464.05,468.1,458.45,462.25,8520,170960,9.681266,83700,83469.48
2025-07-09 14:57:00,ATM+3,CALL,339.7,341.85,337.55,339.35,9740,313780,10.010101,83800,83469.48
2025-07-09 14:57:00,ATM+3,PUT,520.15,521.9,512.35,516.15,6420,142040,9.640788,83800,83469.48
2025-07-09 14:57:00,ATM+4,CALL,297.9,299,295,297,6800,161600,9.971827,83900,83469.48
2025-07-09 14:57:00,ATM+4,PUT,576.4,580,568.9,573.85,3740,57420,9.599731,83900,83469.48
2025-07-09 14:57:00,ATM+5,CALL,258.1,260.3,256.7,258.4,16200,369260,9.936287,84000,83469.48
2025-07-09 14:57:00,ATM+5,PUT,639.55,641.85,630.75,634.6,3040,102800,9.540365,84000,83469.48
2025-07-09 14:57:00,ATM+6,CALL,224.2,225.8,222.7,224.1,4260,97140,9.919972,84100,83469.48
2025-07-09 14:57:00,ATM+6,PUT,703.55,703.55,699.05,699.05,240,14260,9.479434,84100,83469.48
2025-07-09 14:57:00,ATM+7,CALL,194.15,194.6,192,193.25,3500,153940,9.905468,84200,83469.48
2025-07-09 14:57:00,ATM+7,PUT,774,774.85,764.1,770.05,200,17220,9.497987,84200,83469.48
2025-07-09 14:57:00,ATM+8,CALL,165.75,166.8,164.75,165.7,3860,86300,9.89302,84300,83469.48
2025-07-09 14:57:00,ATM+8,PUT,845.1,845.1,845.1,845.1,60,6120,9.541635,84300,83469.48
2025-07-09 14:57:00,ATM+9,CALL,141.9,143,141,141.9,4060,109060,9.902042,84400,83469.48
2025-07-09 14:57:00,ATM+9,PUT,922.15,924.65,914.95,916.5,140,6100,9.38048,84400,83469.48
2025-07-09 14:57:00,ATM+10,CALL,121,121.8,120,120.4,9820,243080,9.8958,84500,83469.48
2025-07-09 14:57:00,ATM+10,PUT,994.8,994.8,991.65,991.65,40,35340,9.221167,84500,83469.48
2025-07-09 14:58:00,ATM-10,CALL,1199.3,1199.3,1199.3,1199.3,0,11540,10.436886,82500,83472.81
2025-07-09 14:58:00,ATM-10,PUT,98.3,99.4,96.6,98.7,19180,197960,10.653256,82500,83472.81
2025-07-09 14:58:00,ATM-9,CALL,1204.2,1204.2,1204.2,1204.2,0,11540,11.620485,82600,83472.81
2025-07-09 14:58:00,ATM-9,PUT,112.2,113.55,110.3,113.1,3420,73620,10.53763,82600,83472.81
2025-07-09 14:58:00,ATM-8,CALL,1050,1050,1050,1050,0,3100,10.876906,82700,83472.81
2025-07-09 14:58:00,ATM-8,PUT,128.5,129.75,126.35,129.15,2760,75340,10.414048,82700,83472.81
2025-07-09 14:58:00,ATM-7,CALL,971.65,971.65,963.15,963.15,160,4700,10.492242,82800,83472.81
2025-07-09 14:58:00,ATM-7,PUT,148.05,149.9,145.5,147.35,4640,87180,10.293274,82800,83472.81
2025-07-09 14:58:00,ATM-6,CALL,884.9,884.9,884.9,884.9,0,5400,10.456686,82900,83472.81
2025-07-09 14:58:00,ATM-6,PUT,169.45,169.75,166.5,169.5,3740,64680,10.220985,82900,83472.81
2025-07-09 14:58:00,ATM-5,CALL,817.5,817.65,809.6,811.2,540,80200,10.346745,83000,83472.81
2025-07-09 14:58:00,ATM-5,PUT,193.8,194.55,190.2,194,9620,228020,10.139588,83000,83472.81
2025-07-09 14:58:00,ATM-4,CALL,740.35,740.35,737.8,740.1,100,11800,10.292262,83100,83472.81
2025-07-09 14:58:00,ATM-4,PUT,221.2,222.15,218,221.5,4360,68600,10.06209,83100,83472.81
2025-07-09 14:58:00,ATM-3,CALL,675.4,678,668.25,670.8,440,27940,10.205371,83200,83472.81
2025-07-09 14:58:00,ATM-3,PUT,252.15,253.6,248.55,253,4140,80800,10.008191,83200,83472.81
2025-07-09 14:58:00,ATM-2,CALL,610.35,613,603.6,607.4,3320,53400,10.185022,83300,83472.81
2025-07-09 14:58:00,ATM-2,PUT,287,288.9,284,287.95,7900,241940,9.957629,83300,83472.81
2025-07-09 14:58:00,ATM-1,CALL,549.85,551,542.5,542.5,5180,77480,10.046125,83400,83472.81
2025-07-09 14:58:00,ATM-1,PUT,325.55,327.9,321.2,324,11840,145160,9.850404,83400,83472.81
2025-07-09 14:58:00,ATM,CALL,490,491.3,484,488.4,18140,460080,10.080826,83500,83472.81
2025-07-09 14:58:00,ATM,PUT,365.3,369,362,368,23960,438220,9.847157,83500,83472.81
2025-07-09 14:58:00,ATM+1,CALL,434.3,437.45,427.9,431.2,8400,328580,9.956677,83600,83472.81
2025-07-09 14:58:00,ATM+1,PUT,410.95,414.95,406.75,412.2,8740,278860,9.760972,83600,83472.81
2025-07-09 14:58:00,ATM+2,CALL,385.85,386.95,378.65,380.8,25700,364800,9.905063,83700,83472.81
2025-07-09 14:58:00,ATM+2,PUT,462.05,464,456.85,463.05,11480,170960,9.741962,83700,83472.81
2025-07-09 14:58:00,ATM+3,CALL,339.35,342,334.35,337.2,10600,313780,9.925712,83800,83472.81
2025-07-09 14:58:00,ATM+3,PUT,515.8,519.45,512.25,517.55,5620,142040,9.719483,83800,83472.81
2025-07-09 14:58:00,ATM+4,CALL,297.35,299.25,292.85,296.35,6080,161600,9.924932,83900,83472.81
2025-07-09 14:58:00,ATM+4,PUT,569.75,576.4,569.75,572.8,1280,57420,9.623748,83900,83472.81
2025-07-09 14:58:00,ATM+5,CALL,258.75,260.5,255.2,256.05,12660,369260,9.848527,84000,83472.81
2025-07-09 14:58:00,ATM+5,PUT,633.1,638.75,630,638.4,1820,102800,9.689642,84000,83472.81
2025-07-09 14:58:00,ATM+6,CALL,224.7,225.75,220.55,221.3,3940,97140,9.820047,84100,83472.81
2025-07-09 14:58:00,ATM+6,PUT,699.95,703.45,696.85,703.45,100,14260,9.65381,84100,83472.81
2025-07-09 14:58:00,ATM+7,CALL,193.2,194.6,190,192,7880,153940,9.845802,84200,83472.81
2025-07-09 14:58:00,ATM+7,PUT,766.7,773.55,766.7,773.55,80,17220,9.659572,84200,83472.81
2025-07-09 14:58:00,ATM+8,CALL,165.9,166.95,162.5,163.25,2600,86300,9.798331,84300,83472.81
2025-07-09 14:58:00,ATM+8,PUT,847.5,847.5,847.5,847.5,20,6120,9.683801,84300,83472.81
2025-07-09 14:58:00,ATM+9,CALL,141.85,142.55,139.3,140.3,2400,109060,9.830103,84400,83472.81
2025-07-09 14:58:00,ATM+9,PUT,915,920,915,920,40,6100,9.57186,84400,83472.81
2025-07-09 14:58:00,ATM+10,CALL,120.95,121.5,118.45,120.4,13360,243080,9.874125,84500,83472.81
2025-07-09 14:58:00,ATM+10,PUT,995.45,1002.1,994.05,1002.1,120,35340,9.668875,84500,83472.81
2025-07-09 14:59:00,ATM-10,CALL,1232,1235.3,1232,1235.3,80,11480,11.369608,82500,83482.96
2025-07-09 14:59:00,ATM-10,PUT,98.4,98.75,92,92,30840,197960,10.458299,82500,83482.96
2025-07-09 14:59:00,ATM-9,CALL,1204.2,1204.2,1204.2,1204.2,0,11540,11.620485,82600,83482.96
2025-07-09 14:59:00,ATM-9,PUT,112.55,112.95,106.15,107.4,14460,73620,10.400416,82600,83482.96
2025-07-09 14:59:00,ATM-8,CALL,1050,1050,1050,1050,0,3100,10.876906,82700,83482.96
2025-07-09 14:59:00,ATM-8,PUT,129.35,129.35,122.15,123.25,6820,75340,10.286965,82700,83482.96
2025-07-09 14:59:00,ATM-7,CALL,963.15,963.15,963.15,963.15,0,4700,10.492242,82800,83482.96
2025-07-09 14:59:00,ATM-7,PUT,147.8,148.15,137.1,142.9,8620,87180,10.227106,82800,83482.96
2025-07-09 14:59:00,ATM-6,CALL,889.8,902.5,889.8,902.5,280,5440,10.683105,82900,83482.96
2025-07-09 14:59:00,ATM-6,PUT,168.75,169.4,160.4,161.25,7620,64680,10.055409,82900,83482.96
2025-07-09 14:59:00,ATM-5,CALL,814,829,814,829,2120,80200,10.636401,83000,83482.96
2025-07-09 14:59:00,ATM-5,PUT,192.8,193.85,183.3,183.3,22100,228020,9.922937,83000,83482.96
2025-07-09 14:59:00,ATM-4,CALL,745.55,750.45,742.8,750.45,400,11800,10.382803,83100,83482.96
2025-07-09 14:59:00,ATM-4,PUT,220.7,221.3,209.65,209.65,7700,68600,9.833534,83100,83482.96
2025-07-09 14:59:00,ATM-3,CALL,677,685.25,675.5,685.25,1500,27940,10.403979,83200,83482.96
2025-07-09 14:59:00,ATM-3,PUT,251.9,252.2,241,243.55,7660,80800,9.858334,83200,83482.96
2025-07-09 14:59:00,ATM-2,CALL,606.8,621.6,606.8,616,5440,53400,10.243176,83300,83482.96
2025-07-09 14:59:00,ATM-2,PUT,286.85,286.85,274.8,277.85,14000,241940,9.805281,83300,83482.96
2025-07-09 14:59:00,ATM-1,CALL,545.85,558.6,545.85,553.2,10980,77480,10.161499,83400,83482.96
2025-07-09 14:59:00,ATM-1,PUT,325.35,325.45,311.6,315,31460,145160,9.736636,83400,83482.96
2025-07-09 14:59:00,ATM,CALL,487.4,498.55,486.05,498.25,29080,460080,10.183219,83500,83482.96
2025-07-09 14:59:00,ATM,PUT,365.45,366,352,354,40840,438220,9.626341,83500,83482.96
2025-07-09 14:59:00,ATM+1,CALL,433.3,443.95,432.25,443.95,15420,328580,10.134917,83600,83482.96
2025-07-09 14:59:00,ATM+1,PUT,411.25,412.15,395,395,23940,278860,9.475795,83600,83482.96
2025-07-09 14:59:00,ATM+2,CALL,383.25,393.65,383.25,392.6,32140,364800,10.070277,83700,83482.96
2025-07-09 14:59:00,ATM+2,PUT,460.8,462,445,445.45,22160,170960,9.455838,83700,83482.96
2025-07-09 14:59:00,ATM+3,CALL,337.95,346.7,337.95,343.3,15820,313780,9.966594,83800,83482.96
2025-07-09 14:59:00,ATM+3,PUT,515.95,517,499,502.2,29560,142040,9.492493,83800,83482.96
2025-07-09 14:59:00,ATM+4,CALL,295.6,302.7,295.6,300.75,10440,161600,9.934482,83900,83482.96
2025-07-09 14:59:00,ATM+4,PUT,571.85,572.4,554.7,561.1,3580,57420,9.489646,83900,83482.96
2025-07-09 14:59:00,ATM+5,CALL,257.6,263.55,257.45,261,13860,369260,9.881235,84000,83482.96
2025-07-09 14:59:00,ATM+5,PUT,634.15,634.15,615.15,621.75,7320,102800,9.436833,84000,83482.96
2025-07-09 14:59:00,ATM+6,CALL,222.75,229.05,222.75,229.05,5500,97140,9.935372,84100,83482.96
2025-07-09 14:59:00,ATM+6,PUT,699.9,699.9,684.5,688.5,420,14260,9.444199,84100,83482.96
2025-07-09 14:59:00,ATM+7,CALL,192.4,197.95,192.15,197.95,7560,153940,9.926832,84200,83482.96
2025-07-09 14:59:00,ATM+7,PUT,767.7,767.7,750,750,860,17220,9.212144,84200,83482.96
2025-07-09 14:59:00,ATM+8,CALL,165,169.55,164.85,169.55,5240,86300,9.903387,84300,83482.96
2025-07-09 14:59:00,ATM+8,PUT,834.4,834.4,820.15,820.15,40,6120,9.106168,84300,83482.96
2025-07-09 14:59:00,ATM+9,CALL,140.7,145.05,140.7,143.65,3960,109060,9.861158,84400,83482.96
2025-07-09 14:59:00,ATM+9,PUT,902.9,902.9,902.9,902.9,20,6100,9.28369,84400,83482.96
2025-07-09 14:59:00,ATM+10,CALL,120.1,123.7,119.95,122.3,8800,243080,9.868818,84500,83482.96
2025-07-09 14:59:00,ATM+10,PUT,992,995.15,972.25,972.25,1380,35340,8.927046,84500,83482.96
2025-07-09 15:00:00,ATM-10,CALL,1242.8,1259.3,1242.8,1259.1,500,11500,10.960318,82500,83524.76
2025-07-09 15:00:00,ATM-10,PUT,91.1,91.8,84.2,88,33560,203880,10.552868,82500,83524.76
2025-07-09 15:00:00,ATM-9,CALL,1170,1170,1165.5,1165.5,680,3160,10.563522,82600,83524.76
2025-07-09 15:00:00,ATM-9,PUT,105.3,105.3,97.2,100.35,20220,73180,10.406687,82600,83524.76
2025-07-09 15:00:00,ATM-8,CALL,1084.4,1084.4,1081.85,1081.85,1180,3120,10.480657,82700,83524.76
2025-07-09 15:00:00,ATM-8,PUT,121,121.45,112,116,19280,75820,10.316947,82700,83524.76
2025-07-09 15:00:00,ATM-7,CALL,994,1003.65,992.7,992.7,1600,4780,10.154087,82800,83524.76
2025-07-09 15:00:00,ATM-7,PUT,139.05,139.45,128.5,133.4,14620,88060,10.216123,82800,83524.76
2025-07-09 15:00:00,ATM-6,CALL,922.4,929.3,909,909,1660,5500,9.950577,82900,83524.76
2025-07-09 15:00:00,ATM-6,PUT,158.55,158.55,148.6,154.1,18040,65640,10.146674,82900,83524.76
2025-07-09 15:00:00,ATM-5,CALL,833.65,859.55,832.5,843,4940,77800,10.191541,83000,83524.76
2025-07-09 15:00:00,ATM-5,PUT,181.9,182.65,170.1,176.45,36580,233200,10.050364,83000,83524.76
2025-07-09 15:00:00,ATM-4,CALL,759,784.5,759,765.3,2480,11260,10.009827,83100,83524.76
2025-07-09 15:00:00,ATM-4,PUT,209.2,209.2,195.9,202.6,19700,68260,9.983556,83100,83524.76
2025-07-09 15:00:00,ATM-3,CALL,690,710.95,690,697.5,7040,26380,10.015575,83200,83524.76
2025-07-09 15:00:00,ATM-3,PUT,239.35,239.35,224.8,231.45,21580,81060,9.908471,83200,83524.76
2025-07-09 15:00:00,ATM-2,CALL,620.85,643.25,620.85,630.7,14980,53740,9.961392,83300,83524.76
2025-07-09 15:00:00,ATM-2,PUT,273.5,274,257.15,265,30180,244860,9.870889,83300,83524.76
2025-07-09 15:00:00,ATM-1,CALL,557.85,578.95,557.85,568.85,35420,77380,9.944766,83400,83524.76
2025-07-09 15:00:00,ATM-1,PUT,311.7,311.75,292.1,301.5,49840,154700,9.820928,83400,83524.76
2025-07-09 15:00:00,ATM,CALL,497.85,518.95,497.85,507.95,103520,446140,9.865473,83500,83524.76
2025-07-09 15:00:00,ATM,PUT,348.5,348.5,331.5,342,89740,436680,9.781052,83500,83524.76
2025-07-09 15:00:00,ATM+1,CALL,444.7,462.35,444.7,452.4,85120,318580,9.826665,83600,83524.76
2025-07-09 15:00:00,ATM+1,PUT,395.9,395.9,374.55,385.25,51040,272200,9.718902,83600,83524.76
2025-07-09 15:00:00,ATM+2,CALL,393,408.95,393,400.45,76380,338080,9.784438,83700,83524.76
2025-07-09 15:00:00,ATM+2,PUT,442,442.3,421.95,433.85,48060,170780,9.693573,83700,83524.76
2025-07-09 15:00:00,ATM+3,CALL,347.75,361.55,346.65,354.5,66760,305180,9.794241,83800,83524.76
2025-07-09 15:00:00,ATM+3,PUT,497,497,472.7,485.7,37700,134200,9.654773,83800,83524.76
2025-07-09 15:00:00,ATM+4,CALL,303.2,317.35,302.95,310.15,39720,160500,9.753045,83900,83524.76
2025-07-09 15:00:00,ATM+4,PUT,555.1,555.1,527.15,542.6,10980,59200,9.645115,83900,83524.76
2025-07-09 15:00:00,ATM+5,CALL,265,276.9,265,270.4,65620,368200,9.732525,84000,83524.76
2025-07-09 15:00:00,ATM+5,PUT,614.1,614.1,588.4,604.25,13320,102020,9.660226,84000,83524.76
2025-07-09 15:00:00,ATM+6,CALL,229.3,240,229.3,234.05,23040,95260,9.705845,84100,83524.76
2025-07-09 15:00:00,ATM+6,PUT,680,680,653.75,666.45,2660,14460,9.5982,84100,83524.76
2025-07-09 15:00:00,ATM+7,CALL,197.8,207.45,197.8,202.3,34320,153240,9.70702,84200,83524.76
2025-07-09 15:00:00,ATM+7,PUT,747.7,747.7,720.85,733.65,1500,16180,9.570888,84200,83524.76
2025-07-09 15:00:00,ATM+8,CALL,169.8,178.75,169.8,174.15,19620,86280,9.716353,84300,83524.76
2025-07-09 15:00:00,ATM+8,PUT,820.15,820.15,791.55,810,1320,6220,9.7038,84300,83524.76
2025-07-09 15:00:00,ATM+9,CALL,145.95,153.25,145.85,148.85,18220,109500,9.718374,84400,83524.76
2025-07-09 15:00:00,ATM+9,PUT,891.45,891.45,870.5,878,860,6060,9.509236,84400,83524.76
2025-07-09 15:00:00,ATM+10,CALL,123.35,130.9,123.35,127.05,37860,239920,9.738602,84500,83524.76
2025-07-09 15:00:00,ATM+10,PUT,961.4,962.5,945,960.25,1220,35320,9.649966,84500,83524.76
2025-07-09 15:01:00,ATM-10,CALL,1259.1,1259.1,1259.1,1259.1,0,11500,10.960318,82500,83530.95
2025-07-09 15:01:00,ATM-10,PUT,87.4,89,86.8,88,6600,203880,10.590431,82500,83530.95
2025-07-09 15:01:00,ATM-9,CALL,1168.7,1168.7,1168.7,1168.7,20,3160,10.493139,82600,83530.95
2025-07-09 15:01:00,ATM-9,PUT,100.8,102.35,100.15,101.4,1640,73180,10.484768,82600,83530.95
2025-07-09 15:01:00,ATM-8,CALL,1083.6,1083.6,1083.6,1083.6,40,3120,10.370208,82700,83530.95
2025-07-09 15:01:00,ATM-8,PUT,115.8,118,115.2,116.55,3300,75820,10.37672,82700,83530.95
2025-07-09 15:01:00,ATM-7,CALL,1000,1001.5,1000,1001.5,60,4780,10.281222,82800,83530.95
2025-07-09 15:01:00,ATM-7,PUT,133.25,135.45,132.5,134.65,4060,88060,10.298995,82800,83530.95
2025-07-09 15:01:00,ATM-6,CALL,912,921.5,912,918.45,160,5500,10.094455,82900,83530.95
2025-07-09 15:01:00,ATM-6,PUT,153.85,156.1,152.85,155.3,5820,65640,10.227674,82900,83530.95
2025-07-09 15:01:00,ATM-5,CALL,848.65,848.65,832.2,842.45,2580,77800,10.048324,83000,83530.95
2025-07-09 15:01:00,ATM-5,PUT,175.5,179.6,175.1,178.3,16800,233200,10.150135,83000,83530.95
2025-07-09 15:01:00,ATM-4,CALL,767.75,772.95,765.5,772.75,300,11260,10.094168,83100,83530.95
2025-07-09 15:01:00,ATM-4,PUT,202.2,206.1,201.75,204.8,5100,68260,10.092775,83100,83530.95
2025-07-09 15:01:00,ATM-3,CALL,699.25,701.95,695,698.65,960,26380,9.939074,83200,83530.95
2025-07-09 15:01:00,ATM-3,PUT,230.9,235.45,230.9,234.35,13960,81060,10.036133,83200,83530.95
2025-07-09 15:01:00,ATM-2,CALL,633.3,636.7,625.45,633,2980,53740,9.921458,83300,83530.95
2025-07-09 15:01:00,ATM-2,PUT,264.3,268.85,264,267.6,11680,244860,9.991755,83300,83530.95
2025-07-09 15:01:00,ATM-1,CALL,570,572.45,562.8,568.65,7700,77380,9.850858,83400,83530.95
2025-07-09 15:01:00,ATM-1,PUT,301.1,305.6,300,303.55,13040,154700,9.930434,83400,83530.95
2025-07-09 15:01:00,ATM,CALL,509.65,511.6,502.25,508.45,30680,446140,9.795289,83500,83530.95
2025-07-09 15:01:00,ATM,PUT,340.05,346,340,344.25,31260,436680,9.898519,83500,83530.95
2025-07-09 15:01:00,ATM+1,CALL,454.45,456.5,447.05,453.2,22600,318580,9.769698,83600,83530.95
2025-07-09 15:01:00,ATM+1,PUT,384.5,390.6,383.75,388.8,15480,272200,9.870952,83600,83530.95
2025-07-09 15:01:00,ATM+2,CALL,402.9,405.1,396.25,402.7,20520,338080,9.76695,83700,83530.95
2025-07-09 15:01:00,ATM+2,PUT,432.45,439.2,431.3,437.05,15900,170780,9.842609,83700,83530.95
2025-07-09 15:01:00,ATM+3,CALL,356.15,357.7,350.45,355.85,16820,305180,9.760936,83800,83530.95
2025-07-09 15:01:00,ATM+3,PUT,483.6,491,483.6,490.1,7440,134200,9.838628,83800,83530.95
2025-07-09 15:01:00,ATM+4,CALL,310.9,313.3,307.2,311.05,15280,160500,9.713991,83900,83530.95
2025-07-09 15:01:00,ATM+4,PUT,539.7,547.6,539.7,546.7,2260,59200,9.830329,83900,83530.95
2025-07-09 15:01:00,ATM+5,CALL,272,273.6,267.15,271.35,21260,368200,9.69927,84000,83530.95
2025-07-09 15:01:00,ATM+5,PUT,605.15,607.4,601.3,603.85,1380,102020,9.745398,84000,83530.95
2025-07-09 15:01:00,ATM+6,CALL,236.15,237.1,232.15,236.15,5920,95260,9.706229,84100,83530.95
2025-07-09 15:01:00,ATM+6,PUT,664.65,671.1,664.65,669.9,360,14460,9.78981,84100,83530.95
2025-07-09 15:01:00,ATM+7,CALL,203,205.05,199.75,203.55,15960,153240,9.690471,84200,83530.95
2025-07-09 15:01:00,ATM+7,PUT,737.25,737.25,734.8,735.6,140,16180,9.737124,84200,83530.95
2025-07-09 15:01:00,ATM+8,CALL,175,176.35,172,174.8,7000,86280,9.687721,84300,83530.95
2025-07-09 15:01:00,ATM+8,PUT,803.1,803.1,803.1,803.1,20,6220,9.63671,84300,83530.95
2025-07-09 15:01:00,ATM+9,CALL,150.25,150.85,146.6,150,13480,109500,9.708374,84400,83530.95
2025-07-09 15:01:00,ATM+9,PUT,886.7,886.7,885.4,885.4,40,6060,9.869209,84400,83530.95
2025-07-09 15:01:00,ATM+10,CALL,128,128.65,125.05,127.85,11380,239920,9.722269,84500,83530.95
2025-07-09 15:01:00,ATM+10,PUT,960.25,962.15,960.25,962.15,400,35320,9.864934,84500,83530.95
2025-07-09 15:02:00,ATM-10,CALL,1247.9,1247.9,1246.85,1246.85,100,11500,9.842615,82500,83542.27
2025-07-09 15:02:00,ATM-10,PUT,87.8,90.6,86.35,89.4,11620,203880,10.714889,82500,83542.27
2025-07-09 15:02:00,ATM-9,CALL,1168.7,1168.7,1168.7,1168.7,0,3160,10.493139,82600,83542.27
2025-07-09 15:02:00,ATM-9,PUT,100.9,104.1,99.7,102.95,3140,73180,10.613371,82600,83542.27
2025-07-09 15:02:00,ATM-8,CALL,1077.05,1077.05,1077.05,1077.05,40,3120,9.811688,82700,83542.27
2025-07-09 15:02:00,ATM-8,PUT,116.8,120,115.4,118.5,3900,75820,10.518116,82700,83542.27
2025-07-09 15:02:00,ATM-7,CALL,994.1,994.1,990.35,990.35,40,4780,9.617811,82800,83542.27
2025-07-09 15:02:00,ATM-7,PUT,134.3,138.6,132.4,136.85,4940,88060,10.447381,82800,83542.27
2025-07-09 15:02:00,ATM-6,CALL,917.55,917.55,917.55,917.55,40,5500,9.801642,82900,83542.27
2025-07-09 15:02:00,ATM-6,PUT,155.05,159.45,152.6,157.7,4360,65640,10.381587,82900,83542.27
2025-07-09 15:02:00,ATM-5,CALL,842.45,843.1,832.05,836.7,2040,77800,9.64206,83000,83542.27
2025-07-09 15:02:00,ATM-5,PUT,177.9,182.55,175.25,180.95,15240,233200,10.311415,83000,83542.27
2025-07-09 15:02:00,ATM-4,CALL,767.75,768.55,764.15,764.15,220,11260,9.643147,83100,83542.27
2025-07-09 15:02:00,ATM-4,PUT,204.75,209.7,202.1,207.4,9440,68260,10.253788,83100,83542.27
2025-07-09 15:02:00,ATM-3,CALL,697.95,700.1,686.85,693.2,720,26380,9.599336,83200,83542.27
2025-07-09 15:02:00,ATM-3,PUT,234.15,240.4,231,237.45,10200,81060,10.212412,83200,83542.27
2025-07-09 15:02:00,ATM-2,CALL,631.65,634.05,620,624.9,3600,53740,9.538265,83300,83542.27
2025-07-09 15:02:00,ATM-2,PUT,267.2,273.65,263.6,270.85,6820,244860,10.17493,83300,83542.27
2025-07-09 15:02:00,ATM-1,CALL,567.9,569.7,557.9,563.5,10840,77380,9.560517,83400,83542.27
2025-07-09 15:02:00,ATM-1,PUT,303.9,311.35,300,308,32660,154700,10.147076,83400,83542.27
2025-07-09 15:02:00,ATM,CALL,507.15,510.05,499.75,504.95,34000,446140,9.56019,83500,83542.27
2025-07-09 15:02:00,ATM,PUT,344.15,351.75,340,348.3,39120,436680,10.111075,83500,83542.27
2025-07-09 15:02:00,ATM+1,CALL,452.7,454.6,444.45,450.8,25380,318580,9.573313,83600,83542.27
2025-07-09 15:02:00,ATM+1,PUT,388.7,397.6,384.15,393.6,23360,272200,10.108439,83600,83542.27
2025-07-09 15:02:00,ATM+2,CALL,402.3,403.3,394.8,399.6,30760,338080,9.564909,83700,83542.27
2025-07-09 15:02:00,ATM+2,PUT,436.55,445.9,432.1,442,16020,170780,10.092776,83700,83542.27
2025-07-09 15:02:00,ATM+3,CALL,355.95,356.3,347.85,352.9,29360,305180,9.5713,83800,83542.27
2025-07-09 15:02:00,ATM+3,PUT,488.9,500.05,484.3,494.9,21580,134200,10.096632,83800,83542.27
2025-07-09 15:02:00,ATM+4,CALL,311.3,312.25,304.6,308.25,13280,160500,9.535219,83900,83542.27
2025-07-09 15:02:00,ATM+4,PUT,544,556.65,542.2,551.75,3260,59200,10.10799,83900,83542.27
2025-07-09 15:02:00,ATM+5,CALL,270.9,272,265.1,269.25,24300,368200,9.543399,84000,83542.27
2025-07-09 15:02:00,ATM+5,PUT,606.65,616.9,602.25,610.95,4900,102020,10.08991,84000,83542.27
2025-07-09 15:02:00,ATM+6,CALL,235.8,236.05,230.65,232.65,10160,95260,9.519743,84100,83542.27
2025-07-09 15:02:00,ATM+6,PUT,669.3,677.3,665.75,677.3,880,14460,10.162588,84100,83542.27
2025-07-09 15:02:00,ATM+7,CALL,203.1,203.75,198.45,201.9,5120,153240,9.555013,84200,83542.27
2025-07-09 15:02:00,ATM+7,PUT,739.75,742.95,733.95,742.55,460,16180,10.124098,84200,83542.27
2025-07-09 15:02:00,ATM+8,CALL,174.95,175.45,171.05,172.9,5180,86280,9.548334,84300,83542.27
2025-07-09 15:02:00,ATM+8,PUT,806,807.35,806,807.35,40,6220,9.981005,84300,83542.27
2025-07-09 15:02:00,ATM+9,CALL,150.1,150.15,146.2,147.5,17680,109500,9.552677,84400,83542.27
2025-07-09 15:02:00,ATM+9,PUT,885.6,896,885.6,896,400,6060,10.420806,84400,83542.27
2025-07-09 15:02:00,ATM+10,CALL,127.75,128.4,124.3,126.7,12840,239920,9.608537,84500,83542.27
2025-07-09 15:02:00,ATM+10,PUT,962.75,969.7,962.75,969.2,1220,35320,10.354288,84500,83542.27
2025-07-09 15:03:00,ATM-10,CALL,1242.3,1242.3,1242.3,1242.3,20,11360,10.040343,82500,83531.81
2025-07-09 15:03:00,ATM-10,PUT,88.55,92.1,88.55,90.9,23180,196280,10.712488,82500,83531.81
2025-07-09 15:03:00,ATM-9,CALL,1168.7,1168.7,1168.7,1168.7,0,3160,10.493139,82600,83531.81
2025-07-09 15:03:00,ATM-9,PUT,103,106.05,102.5,104.55,4820,75940,10.607461,82600,83531.81
2025-07-09 15:03:00,ATM-8,CALL,1074.7,1074.7,1074.7,1074.7,20,3000,10.037164,82700,83531.81
2025-07-09 15:03:00,ATM-8,PUT,118.65,122.5,118.2,121.55,5740,71300,10.55448,82700,83531.81
2025-07-09 15:03:00,ATM-7,CALL,992.45,992.45,975,975,300,4420,9.383647,82800,83531.81
2025-07-09 15:03:00,ATM-7,PUT,136.4,140.7,136.3,139.75,6700,87820,10.468669,82800,83531.81
2025-07-09 15:03:00,ATM-6,CALL,908.9,908.9,896,896,140,5320,9.383372,82900,83531.81
2025-07-09 15:03:00,ATM-6,PUT,157.5,162.35,156.8,160.55,10500,61700,10.392036,82900,83531.81
2025-07-09 15:03:00,ATM-5,CALL,840,840,818.7,819.15,2520,76040,9.358684,83000,83531.81
2025-07-09 15:03:00,ATM-5,PUT,179.75,186,179.75,183.5,20940,229500,10.304679,83000,83531.81
2025-07-09 15:03:00,ATM-4,CALL,763.65,763.65,745,746.05,1460,11060,9.352145,83100,83531.81
2025-07-09 15:03:00,ATM-4,PUT,206.6,213.3,206.5,212,11720,63440,10.294013,83100,83531.81
2025-07-09 15:03:00,ATM-3,CALL,695.2,695.2,675.65,676.65,1840,24580,9.354051,83200,83531.81
2025-07-09 15:03:00,ATM-3,PUT,237.4,243.65,236.4,242.8,10700,81960,10.261684,83200,83531.81
2025-07-09 15:03:00,ATM-2,CALL,629.55,629.55,608.45,611.1,5480,50760,9.36259,83300,83531.81
2025-07-09 15:03:00,ATM-2,PUT,269.6,277.85,269.6,277.65,10660,241360,10.249808,83300,83531.81
2025-07-09 15:03:00,ATM-1,CALL,565.35,565.5,545.05,548.1,9840,71820,9.342083,83400,83531.81
2025-07-09 15:03:00,ATM-1,PUT,306.15,315.8,306.15,313.5,22800,150980,10.179824,83400,83531.81
2025-07-09 15:03:00,ATM,CALL,506.25,507.25,487.4,490.4,42340,438520,9.357257,83500,83531.81
2025-07-09 15:03:00,ATM,PUT,347.95,357.05,346.4,355.65,62060,443500,10.17818,83500,83531.81
2025-07-09 15:03:00,ATM+1,CALL,451.15,451.55,433.15,436.1,41280,313320,9.359862,83600,83531.81
2025-07-09 15:03:00,ATM+1,PUT,390.15,403.7,390.15,401.85,26060,268220,10.186966,83600,83531.81
2025-07-09 15:03:00,ATM+2,CALL,400.2,401.05,384,385.8,30800,321980,9.363536,83700,83531.81
2025-07-09 15:03:00,ATM+2,PUT,439.9,452.9,439.9,452.25,19260,165800,10.208881,83700,83531.81
2025-07-09 15:03:00,ATM+3,CALL,352.65,353.1,338,339.9,29600,292580,9.377783,83800,83531.81
2025-07-09 15:03:00,ATM+3,PUT,492.5,507,492.25,503.8,18280,123720,10.172672,83800,83531.81
2025-07-09 15:03:00,ATM+4,CALL,308.2,309.25,295.55,297.95,18900,156220,9.393396,83900,83531.81
2025-07-09 15:03:00,ATM+4,PUT,548.95,563.7,548.95,560.5,2820,58140,10.172519,83900,83531.81
2025-07-09 15:03:00,ATM+5,CALL,270,270,256.8,258,40540,377220,9.364771,84000,83531.81
2025-07-09 15:03:00,ATM+5,PUT,610.95,625.6,610.95,622.45,4540,102680,10.213915,84000,83531.81
2025-07-09 15:03:00,ATM+6,CALL,234.9,234.9,223.1,224.25,12060,95300,9.397395,84100,83531.81
2025-07-09 15:03:00,ATM+6,PUT,673.65,690,673.65,685.2,540,14440,10.190978,84100,83531.81
2025-07-09 15:03:00,ATM+7,CALL,202,202,192,193.55,19100,148220,9.418819,84200,83531.81
2025-07-09 15:03:00,ATM+7,PUT,738.65,755.95,737.5,755.95,8800,16280,10.288226,84200,83531.81
2025-07-09 15:03:00,ATM+8,CALL,174,174,164.5,165.9,10440,85760,9.432658,84300,83531.81
2025-07-09 15:03:00,ATM+8,PUT,825.9,826,825.75,826,100,5960,10.287803,84300,83531.81
2025-07-09 15:03:00,ATM+9,CALL,149,149,140.8,141.8,7800,109340,9.458609,84400,83531.81
2025-07-09 15:03:00,ATM+9,PUT,902.25,905.6,901.45,905.6,80,5720,10.47495,84400,83531.81
2025-07-09 15:03:00,ATM+10,CALL,126.55,126.55,119.9,120.85,26260,244680,9.493417,84500,83531.81
2025-07-09 15:03:00,ATM+10,PUT,985,985,978.25,985,720,35840,10.591101,84500,83531.81
2025-07-09 15:04:00,ATM-10,CALL,1242.3,1242.3,1242.3,1242.3,0,11360,10.040343,82500,83541.64
2025-07-09 15:04:00,ATM-10,PUT,91.15,91.15,87.6,89.55,7940,196280,10.718171,82500,83541.64
2025-07-09 15:04:00,ATM-9,CALL,1168.7,1168.7,1168.7,1168.7,0,3160,10.493139,82600,83541.64
2025-07-09 15:04:00,ATM-9,PUT,105.2,105.2,101.25,102.35,2320,75940,10.588218,82600,83541.64
2025-07-09 15:04:00,ATM-8,CALL,1074.7,1074.7,1074.7,1074.7,0,3000,10.037164,82700,83541.64
2025-07-09 15:04:00,ATM-8,PUT,120.55,120.55,116.4,118.2,2720,71300,10.504693,82700,83541.64
2025-07-09 15:04:00,ATM-7,CALL,975,975,975,975,0,4420,9.383647,82800,83541.64
2025-07-09 15:04:00,ATM-7,PUT,139.45,139.45,134,136.55,6180,87820,10.434445,82800,83541.64
2025-07-09 15:04:00,ATM-6,CALL,896,896,896,896,0,5320,9.383372,82900,83541.64
2025-07-09 15:04:00,ATM-6,PUT,160.6,160.6,155,157,2760,61700,10.356987,82900,83541.64
2025-07-09 15:04:00,ATM-5,CALL,823.35,831.55,823.35,827.7,620,76040,9.393853,83000,83541.64
2025-07-09 15:04:00,ATM-5,PUT,184.5,184.5,178.5,180.6,13520,229500,10.297666,83000,83541.64
2025-07-09 15:04:00,ATM-4,CALL,750.75,756.15,750.75,756.15,340,11060,9.436942,83100,83541.64
2025-07-09 15:04:00,ATM-4,PUT,211.95,211.95,205.1,207.4,3200,63440,10.24968,83100,83541.64
2025-07-09 15:04:00,ATM-3,CALL,680.3,687.75,680.3,684.7,400,24580,9.389651,83200,83541.64
2025-07-09 15:04:00,ATM-3,PUT,242.3,242.3,235,237.6,3820,81960,10.211856,83200,83541.64
2025-07-09 15:04:00,ATM-2,CALL,614,621.95,613.3,620.95,1560,50760,9.450942,83300,83541.64
2025-07-09 15:04:00,ATM-2,PUT,277.2,277.2,268.65,272.55,5500,241360,10.212442,83300,83541.64
2025-07-09 15:04:00,ATM-1,CALL,549.25,559.65,549.25,555.65,4180,71820,9.380597,83400,83541.64
2025-07-09 15:04:00,ATM-1,PUT,314.6,314.6,305,308.4,6540,150980,10.15158,83400,83541.64
2025-07-09 15:04:00,ATM,CALL,492.1,499.95,492.1,497.8,15860,438520,9.400402,83500,83541.64
2025-07-09 15:04:00,ATM,PUT,355.1,355.1,345.25,349.15,32440,443500,10.125622,83500,83541.64
2025-07-09 15:04:00,ATM+1,CALL,436.4,445.5,436.4,443.2,22100,313320,9.404472,83600,83541.64
2025-07-09 15:04:00,ATM+1,PUT,400.8,400.8,390.35,394.85,14920,268220,10.131641,83600,83541.64
2025-07-09 15:04:00,ATM+2,CALL,387.4,394.8,387.4,392.3,16260,321980,9.403062,83700,83541.64
2025-07-09 15:04:00,ATM+2,PUT,450.6,450.9,439.7,443.95,13180,165800,10.131698,83700,83541.64
2025-07-09 15:04:00,ATM+3,CALL,340.9,347.75,340.9,345.05,11620,292580,9.394909,83800,83541.64
2025-07-09 15:04:00,ATM+3,PUT,502.55,502.55,492.15,497.1,5540,123720,10.141061,83800,83541.64
2025-07-09 15:04:00,ATM+4,CALL,297.05,304.6,297.05,302.85,5980,156220,9.413914,83900,83541.64
2025-07-09 15:04:00,ATM+4,PUT,558.75,558.75,549.75,553.35,1900,58140,10.138157,83900,83541.64
2025-07-09 15:04:00,ATM+5,CALL,261.2,264.9,259.3,262.9,18940,377220,9.395056,84000,83541.64
2025-07-09 15:04:00,ATM+5,PUT,619.8,620.6,609.45,613.05,2380,102680,10.132329,84000,83541.64
2025-07-09 15:04:00,ATM+6,CALL,225.7,229.35,225.35,227.4,3220,95300,9.39335,84100,83541.64
2025-07-09 15:04:00,ATM+6,PUT,685.55,685.75,680,680,180,14440,10.220738,84100,83541.64
2025-07-09 15:04:00,ATM+7,CALL,192.9,197.7,192.9,196.65,7660,148220,9.422326,84200,83541.64
2025-07-09 15:04:00,ATM+7,PUT,755.35,755.35,743.55,745,300,16280,10.177416,84200,83541.64
2025-07-09 15:04:00,ATM+8,CALL,166.2,169.95,166.2,168.65,5040,85760,9.435638,84300,83541.64
2025-07-09 15:04:00,ATM+8,PUT,826,826,826,826,0,5960,10.287803,84300,83541.64
2025-07-09 15:04:00,ATM+9,CALL,142.05,145.3,142.05,144.35,2260,109340,9.46481,84400,83541.64
2025-07-09 15:04:00,ATM+9,PUT,904.5,904.5,892.9,892.9,60,5720,10.319298,84400,83541.64
2025-07-09 15:04:00,ATM+10,CALL,121.3,123.4,121.05,122.7,8520,244680,9.486542,84500,83541.64
2025-07-09 15:04:00,ATM+10,PUT,980,980,967.05,970.1,360,35840,10.367426,84500,83541.64
2025-07-09 15:05:00,ATM-10,CALL,1242.3,1242.3,1242.3,1242.3,0,11360,10.040343,82500,83548.52
2025-07-09 15:05:00,ATM-10,PUT,89.25,89.85,88.1,88.85,4440,196280,10.731752,82500,83548.52
2025-07-09 15:05:00,ATM-9,CALL,1168.7,1168.7,1168.7,1168.7,0,3160,10.493139,82600,83548.52
2025-07-09 15:05:00,ATM-9,PUT,102.8,103.5,101.35,102.55,1840,75940,10.63905,82600,83548.52
2025-07-09 15:05:00,ATM-8,CALL,1071.2,1071.2,1067.6,1067.6,60,3000,9.265597,82700,83548.52
2025-07-09 15:05:00,ATM-8,PUT,118.6,119.4,117.2,117.6,2140,71300,10.529326,82700,83548.52
2025-07-09 15:05:00,ATM-7,CALL,983.7,983.7,983.7,983.7,20,4420,9.216023,82800,83548.52
2025-07-09 15:05:00,ATM-7,PUT,136.6,137.8,134.75,136,1940,87820,10.464255,82800,83548.52
2025-07-09 15:05:00,ATM-6,CALL,906.5,906.5,906.5,906.5,20,5320,9.30273,82900,83548.52
2025-07-09 15:05:00,ATM-6,PUT,157,158.05,155.3,157.3,3140,61700,10.415863,82900,83548.52
2025-07-09 15:05:00,ATM-5,CALL,831.85,836.6,830,833.45,1180,76040,9.411512,83000,83548.52
2025-07-09 15:05:00,ATM-5,PUT,180.3,181.7,178,179.7,11100,229500,10.324531,83000,83548.52
2025-07-09 15:05:00,ATM-4,CALL,760,760,755,759,260,11060,9.37936,83100,83548.52
2025-07-09 15:05:00,ATM-4,PUT,207.2,209.25,205.6,207.55,5180,63440,10.309118,83100,83548.52
2025-07-09 15:05:00,ATM-3,CALL,688.3,691.75,686,688,680,24580,9.352967,83200,83548.52
2025-07-09 15:05:00,ATM-3,PUT,238.05,239.8,235.05,237.9,7100,81960,10.278244,83200,83548.52
2025-07-09 15:05:00,ATM-2,CALL,621.9,625.25,620.2,622.35,2080,50760,9.374407,83300,83548.52
2025-07-09 15:05:00,ATM-2,PUT,271.7,273.35,268.6,270.85,4500,241360,10.232385,83300,83548.52
2025-07-09 15:05:00,ATM-1,CALL,557,563,556.25,558.95,3740,71820,9.359006,83400,83548.52
2025-07-09 15:05:00,ATM-1,PUT,309.4,310.9,305,309,9180,150980,10.232376,83400,83548.52
2025-07-09 15:05:00,ATM,CALL,498,503.3,497,499.5,18440,438520,9.347586,83500,83548.52
2025-07-09 15:05:00,ATM,PUT,349.3,351.35,346,349.7,17960,443500,10.20942,83500,83548.52
2025-07-09 15:05:00,ATM+1,CALL,444,448.6,442.85,445,23300,313320,9.36106,83600,83548.52
2025-07-09 15:05:00,ATM+1,PUT,393.65,397,391.45,394.9,18060,268220,10.20858,83600,83548.52
2025-07-09 15:05:00,ATM+2,CALL,393.35,398.35,392.55,394.55,26540,321980,9.376676,83700,83548.52
2025-07-09 15:05:00,ATM+2,PUT,442.75,446.6,439.8,443.45,15740,165800,10.201381,83700,83548.52
2025-07-09 15:05:00,ATM+3,CALL,347,349.85,345,346.75,11600,292580,9.361802,83800,83548.52
2025-07-09 15:05:00,ATM+3,PUT,495.6,499.6,493.55,496.05,3840,123720,10.204041,83800,83548.52
2025-07-09 15:05:00,ATM+4,CALL,304.5,306.45,302.8,304.5,6960,156220,9.385441,83900,83548.52
2025-07-09 15:05:00,ATM+4,PUT,552.7,556.2,549.5,549.5,1280,58140,10.14126,83900,83548.52
2025-07-09 15:05:00,ATM+5,CALL,264,267.35,263.95,264.45,9580,377220,9.369819,84000,83548.52
2025-07-09 15:05:00,ATM+5,PUT,612.9,615.2,609.9,613.5,1680,102680,10.245887,84000,83548.52
2025-07-09 15:05:00,ATM+6,CALL,228.55,231.85,228.55,229.6,3220,95300,9.390097,84100,83548.52
2025-07-09 15:05:00,ATM+6,PUT,678,681.6,676.6,677.6,440,14440,10.272044,84100,83548.52
2025-07-09 15:05:00,ATM+7,CALL,197,199.95,197,198.35,5160,148220,9.412002,84200,83548.52
2025-07-09 15:05:00,ATM+7,PUT,745.65,750.25,741.15,742.5,680,16280,10.234127,84200,83548.52
2025-07-09 15:05:00,ATM+8,CALL,169.85,172,169.4,170.1,1640,85760,9.424122,84300,83548.52
2025-07-09 15:05:00,ATM+8,PUT,816.35,816.75,816.35,816.75,60,5960,10.359302,84300,83548.52
2025-07-09 15:05:00,ATM+9,CALL,144.55,147.1,144.55,144.9,2320,109340,9.432077,84400,83548.52
2025-07-09 15:05:00,ATM+9,PUT,892.45,892.45,892.45,892.45,20,5720,10.451433,84400,83548.52
2025-07-09 15:05:00,ATM+10,CALL,123,125.1,122.95,124.15,15660,244680,9.486418,84500,83548.52
2025-07-09 15:05:00,ATM+10,PUT,974.35,974.35,970.1,970.1,120,35840,10.526456,84500,83548.52
2025-07-09 15:06:00,ATM-10,CALL,1238,1238,1238,1238,40,11460,9.312102,82500,83545.46
2025-07-09 15:06:00,ATM-10,PUT,89.8,90.2,88.25,88.65,9000,197060,10.705934,82500,83545.46
2025-07-09 15:06:00,ATM-9,CALL,1168.7,1168.7,1168.7,1168.7,0,3160,10.493139,82600,83545.46
2025-07-09 15:06:00,ATM-9,PUT,101.95,104.1,101.9,102.4,1660,75840,10.614918,82600,83545.46
2025-07-09 15:06:00,ATM-8,CALL,1067.6,1067.6,1067.6,1067.6,0,3000,9.265597,82700,83545.46
2025-07-09 15:06:00,ATM-8,PUT,118.65,119.95,117.6,118.25,1520,71640,10.532321,82700,83545.46
2025-07-09 15:06:00,ATM-7,CALL,983.7,983.7,983.7,983.7,0,4420,9.216023,82800,83545.46
2025-07-09 15:06:00,ATM-7,PUT,137,138.55,135.95,136.6,2520,87600,10.463139,82800,83545.46
2025-07-09 15:06:00,ATM-6,CALL,907.7,909.55,899.3,909.55,220,5260,9.477353,82900,83545.46
2025-07-09 15:06:00,ATM-6,PUT,156.85,159.5,156.15,157,2060,62740,10.385368,82900,83545.46
2025-07-09 15:06:00,ATM-5,CALL,835,835,833.1,833.1,140,75960,9.470104,83000,83545.46
2025-07-09 15:06:00,ATM-5,PUT,181.05,183.1,179.35,180,13780,233080,10.310444,83000,83545.46
2025-07-09 15:06:00,ATM-4,CALL,757.25,759.9,754.7,759.9,200,11060,9.466384,83100,83545.46
2025-07-09 15:06:00,ATM-4,PUT,207.55,210.6,206.2,207.85,2880,65000,10.293262,83100,83545.46
2025-07-09 15:06:00,ATM-3,CALL,687.95,690,684.5,690,380,25040,9.46172,83200,83545.46
2025-07-09 15:06:00,ATM-3,PUT,238.7,241.3,237.3,237.5,11880,81960,10.242506,83200,83545.46
2025-07-09 15:06:00,ATM-2,CALL,620,624.4,617.15,624.2,3100,50760,9.471941,83300,83545.46
2025-07-09 15:06:00,ATM-2,PUT,272.65,275,271,272.1,4540,239700,10.236495,83300,83545.46
2025-07-09 15:06:00,ATM-1,CALL,558.4,563.25,555,560.5,6060,73200,9.443276,83400,83545.46
2025-07-09 15:06:00,ATM-1,PUT,309,313,307.2,308,7680,150980,10.179343,83400,83545.46
2025-07-09 15:06:00,ATM,CALL,499.65,502.6,495,501.75,13340,438520,9.443736,83500,83545.46
2025-07-09 15:06:00,ATM,PUT,349.9,352.7,348.35,349.15,21000,441740,10.165545,83500,83545.46
2025-07-09 15:06:00,ATM+1,CALL,446,447.95,441.4,446.7,20800,304420,9.440161,83600,83545.46
2025-07-09 15:06:00,ATM+1,PUT,396,399,393.1,394,20440,268220,10.154413,83600,83545.46
2025-07-09 15:06:00,ATM+2,CALL,395.9,397.75,391.25,394.35,12720,313740,9.408224,83700,83545.46
2025-07-09 15:06:00,ATM+2,PUT,444.25,448.05,442.4,443.6,9420,156780,10.169323,83700,83545.46
2025-07-09 15:06:00,ATM+3,CALL,348.15,350.55,344.7,349.8,9100,275240,9.467076,83800,83545.46
2025-07-09 15:06:00,ATM+3,PUT,496.9,500,494.45,495.6,3180,109300,10.155107,83800,83545.46
2025-07-09 15:06:00,ATM+4,CALL,304.15,306.95,301.5,306.2,6640,154750,9.457275,83900,83545.46
2025-07-09 15:06:00,ATM+4,PUT,553.3,557.2,552.25,552.7,1640,56200,10.175867,83900,83545.46
2025-07-09 15:06:00,ATM+5,CALL,266.05,267.1,262.5,266.25,9120,380400,9.443051,84000,83545.46
2025-07-09 15:06:00,ATM+5,PUT,615.2,619,613.45,613.45,740,100780,10.199648,84000,83545.46
2025-07-09 15:06:00,ATM+6,CALL,230.35,232.25,228.1,231.15,7280,91600,9.4567,84100,83545.46
2025-07-09 15:06:00,ATM+6,PUT,681.6,685,678.6,678.6,140,14220,10.248099,84100,83545.46
2025-07-09 15:06:00,ATM+7,CALL,198.6,199.8,195.8,199.35,4400,146440,9.464153,84200,83545.46
2025-07-09 15:06:00,ATM+7,PUT,746.7,751.8,744.95,746.6,280,10820,10.287108,84200,83545.46
2025-07-09 15:06:00,ATM+8,CALL,171,171.8,168.3,170.5,2260,83120,9.459472,84300,83545.46
2025-07-09 15:06:00,ATM+8,PUT,816.75,816.75,816.75,816.75,0,5960,10.359302,84300,83545.46
2025-07-09 15:06:00,ATM+9,CALL,145.3,146.5,143.5,146.5,8240,99100,9.50249,84400,83545.46
2025-07-09 15:06:00,ATM+9,PUT,899.95,899.95,891.55,891.55,80,5640,10.36188,84400,83545.46
2025-07-09 15:06:00,ATM+10,CALL,124.1,124.8,122.4,124.8,17640,244680,9.528799,84500,83545.46
2025-07-09 15:06:00,ATM+10,PUT,970.1,970.1,970.1,970.1,0,35840,10.526456,84500,83545.46
2025-07-09 15:07:00,ATM-10,CALL,1238,1238,1238,1238,0,11460,9.312102,82600,83562.37
2025-07-09 15:07:00,ATM-10,PUT,102,102.7,99,99.85,4040,75840,10.625083,82600,83562.37
2025-07-09 15:07:00,ATM-9,CALL,1168.7,1168.7,1168.7,1168.7,0,3160,10.493139,82700,83562.37
2025-07-09 15:07:00,ATM-9,PUT,118.15,118.9,114.1,114.85,1820,71640,10.524632,82700,83562.37
2025-07-09 15:07:00,ATM-8,CALL,1067.6,1067.6,1067.6,1067.6,0,3000,9.265597,82800,83562.37
2025-07-09 15:07:00,ATM-8,PUT,136.05,137,132.1,132.35,4420,87600,10.441278,82800,83562.37
2025-07-09 15:07:00,ATM-7,CALL,909.5,915,902.65,915,340,5260,9.225587,82900,83562.37
2025-07-09 15:07:00,ATM-7,PUT,157.1,157.65,152.25,152.9,3940,62740,10.382479,82900,83562.37
2025-07-09 15:07:00,ATM-6,CALL,833.05,840,829.35,839.7,1420,75960,9.286675,83000,83562.37
2025-07-09 15:07:00,ATM-6,PUT,180.2,181,175,176,14060,233080,10.323835,83000,83562.37
2025-07-09 15:07:00,ATM-5,CALL,760,764.8,760,764.8,180,11060,9.262041,83100,83562.37
2025-07-09 15:07:00,ATM-5,PUT,207.6,208.1,202.15,202.75,2740,65000,10.289951,83100,83562.37
2025-07-09 15:07:00,ATM-4,CALL,686.25,695.35,686.25,695.25,1680,25040,9.293035,83200,83562.37
2025-07-09 15:07:00,ATM-4,PUT,237.3,239,231.35,232.7,3320,81960,10.260901,83200,83562.37
2025-07-09 15:07:00,ATM-3,CALL,624.2,630.55,621.8,630.55,880,50760,9.354099,83300,83562.37
2025-07-09 15:07:00,ATM-3,PUT,270.45,272.55,265.2,266,4160,239700,10.235824,83300,83562.37
2025-07-09 15:07:00,ATM-2,CALL,561.45,565.2,558.8,565,4800,73200,9.299391,83400,83562.37
2025-07-09 15:07:00,ATM-2,PUT,308.5,310.3,301.3,303.1,11940,150980,10.221855,83400,83562.37
2025-07-09 15:07:00,ATM-1,CALL,501,506,499.15,505,16940,438520,9.289063,83500,83562.37
2025-07-09 15:07:00,ATM-1,PUT,348.9,351,341,342.1,22560,441740,10.170301,83500,83562.37
2025-07-09 15:07:00,ATM,CALL,447.9,451.35,444.4,451.35,17980,304420,9.336223,83600,83562.37
2025-07-09 15:07:00,ATM,PUT,393.7,396.55,386,387.6,13740,268220,10.188733,83600,83562.37
2025-07-09 15:07:00,ATM+1,CALL,396.65,401,394.5,401,10840,313740,9.367109,83700,83562.37
2025-07-09 15:07:00,ATM+1,PUT,442,445.8,434.4,436.9,7060,156780,10.21089,83700,83562.37
2025-07-09 15:07:00,ATM+2,CALL,350.35,353.7,347.45,352.5,10380,275240,9.348592,83800,83562.37
2025-07-09 15:07:00,ATM+2,PUT,495.25,498.2,487.2,488.7,6120,109300,10.206584,83800,83562.37
2025-07-09 15:07:00,ATM+3,CALL,306.55,310.05,304.45,310.05,7540,154750,9.380071,83900,83562.37
2025-07-09 15:07:00,ATM+3,PUT,552.25,554.05,545.45,546,3340,56200,10.247114,83900,83562.37
2025-07-09 15:07:00,ATM+4,CALL,266.45,269.2,264.15,269,14980,380400,9.352855,84000,83562.37
2025-07-09 15:07:00,ATM+4,PUT,612.85,614.8,605.3,605.95,1840,100780,10.267331,84000,83562.37
2025-07-09 15:07:00,ATM+5,CALL,231.3,234.35,230,233.9,5140,91600,9.37904,84100,83562.37
2025-07-09 15:07:00,ATM+5,PUT,678.05,678.05,671.1,672.25,340,14220,10.360428,84100,83562.37
2025-07-09 15:07:00,ATM+6,CALL,199.5,202.45,198.55,202,4060,146440,9.396106,84200,83562.37
2025-07-09 15:07:00,ATM+6,PUT,745.7,745.7,736.45,737,340,10820,10.333878,84200,83562.37
2025-07-09 15:07:00,ATM+7,CALL,171.35,174.2,169.65,174.2,5800,83120,9.432639,84300,83562.37
2025-07-09 15:07:00,ATM+7,PUT,816.9,819.05,816,816,280,5940,10.601188,84300,83562.37
2025-07-09 15:07:00,ATM+8,CALL,146.45,148.8,145.65,148.3,2360,99100,9.43333,84400,83562.37
2025-07-09 15:07:00,ATM+8,PUT,888,888,888,888,20,5640,10.612091,84400,83562.37
2025-07-09 15:07:00,ATM+9,CALL,125,126.6,124.1,126.3,7440,244680,9.460608,84500,83562.37
2025-07-09 15:07:00,ATM+9,PUT,968.55,968.55,963.6,963.6,120,34940,10.64611,84500,83562.37
2025-07-09 15:07:00,ATM+10,CALL,106,107.65,105.3,107.6,4560,83380,9.507921,84600,83562.37
2025-07-09 15:07:00,ATM+10,PUT,1045.85,1045.85,1045,1045,40,2920,10.781943,84600,83562.37
2025-07-09 15:08:00,ATM-10,CALL,1238,1238,1238,1238,0,11460,9.312102,82600,83556.3
2025-07-09 15:08:00,ATM-10,PUT,99.35,103,97.5,102.85,6240,75840,10.700222,82600,83556.3
2025-07-09 15:08:00,ATM-9,CALL,1168.7,1168.7,1168.7,1168.7,0,3160,10.493139,82700,83556.3
2025-07-09 15:08:00,ATM-9,PUT,114,118.55,112.4,118.15,3820,71640,10.600446,82700,83556.3
2025-07-09 15:08:00,ATM-8,CALL,996.65,996.65,989.8,989.8,40,4260,9.209476,82800,83556.3
2025-07-09 15:08:00,ATM-8,PUT,132.4,137.2,129.85,137.2,5300,87600,10.557402,82800,83556.3
2025-07-09 15:08:00,ATM-7,CALL,918.2,921.7,903.5,903.5,220,5260,9.007579,82900,83556.3
2025-07-09 15:08:00,ATM-7,PUT,151.8,158,150.6,158,2820,62740,10.494183,82900,83556.3
2025-07-09 15:08:00,ATM-6,CALL,843.8,846.9,825.9,825.9,660,75960,9.010429,83000,83556.3
2025-07-09 15:08:00,ATM-6,PUT,175.4,181.2,172.85,181.2,14600,233080,10.427332,83000,83556.3
2025-07-09 15:08:00,ATM-5,CALL,767.85,771.35,760,760,220,11060,9.252277,83100,83556.3
2025-07-09 15:08:00,ATM-5,PUT,202.3,209.45,199.25,209.45,3060,65000,10.423879,83100,83556.3
2025-07-09 15:08:00,ATM-4,CALL,698,701,683.55,684.6,860,25040,9.122704,83200,83556.3
2025-07-09 15:08:00,ATM-4,PUT,232.5,239.85,229.1,239.85,7920,81960,10.395717,83200,83556.3
2025-07-09 15:08:00,ATM-3,CALL,630.75,635.1,617.45,618,1940,50760,9.137715,83300,83556.3
2025-07-09 15:08:00,ATM-3,PUT,265.35,273.75,262.1,273.25,9040,239700,10.363287,83300,83556.3
2025-07-09 15:08:00,ATM-2,CALL,566.9,570.5,555.05,555.05,5780,73200,9.148704,83400,83556.3
2025-07-09 15:08:00,ATM-2,PUT,301.7,311,298.55,311,20340,150980,10.356399,83400,83556.3
2025-07-09 15:08:00,ATM-1,CALL,507.8,509.05,495.3,496.55,26500,438520,9.172357,83500,83556.3
2025-07-09 15:08:00,ATM-1,PUT,341.1,350.9,337.7,350.55,28900,441740,10.310115,83500,83556.3
2025-07-09 15:08:00,ATM,CALL,452.35,455,442,442.5,30940,304420,9.206229,83600,83556.3
2025-07-09 15:08:00,ATM,PUT,387.45,397.2,382.75,397.2,25260,268220,10.348621,83600,83556.3
2025-07-09 15:08:00,ATM+1,CALL,401.95,404.6,392,392.85,20560,313740,9.248486,83700,83556.3
2025-07-09 15:08:00,ATM+1,PUT,435.65,446.85,430.5,446.85,11020,156780,10.37311,83700,83556.3
2025-07-09 15:08:00,ATM+2,CALL,353.65,355.6,345,345.2,13720,275240,9.243668,83800,83556.3
2025-07-09 15:08:00,ATM+2,PUT,488.1,499.05,483.4,499.05,7180,109300,10.373646,83800,83556.3
2025-07-09 15:08:00,ATM+3,CALL,310.75,312.4,302.65,302.65,12800,154750,9.265538,83900,83556.3
2025-07-09 15:08:00,ATM+3,PUT,541.55,556.3,538.45,555,2420,56200,10.378982,83900,83556.3
2025-07-09 15:08:00,ATM+4,CALL,269.3,272.6,262.85,263.6,30080,380400,9.278554,84000,83556.3
2025-07-09 15:08:00,ATM+4,PUT,600.7,617.95,598.4,617.95,2900,100780,10.469314,84000,83556.3
2025-07-09 15:08:00,ATM+5,CALL,235,236.9,228.8,228.8,5140,91600,9.304053,84100,83556.3
2025-07-09 15:08:00,ATM+5,PUT,666,666,666,666,180,14220,10.108161,84100,83556.3
2025-07-09 15:08:00,ATM+6,CALL,203,204.5,197.3,197.6,5120,146440,9.330552,84200,83556.3
2025-07-09 15:08:00,ATM+6,PUT,735.75,748,730.95,748,340,10820,10.512689,84200,83556.3
2025-07-09 15:08:00,ATM+7,CALL,175,176,169.6,169.75,5980,83120,9.356509,84300,83556.3
2025-07-09 15:08:00,ATM+7,PUT,803.05,812,803.05,812,60,5940,10.380016,84300,83556.3
2025-07-09 15:08:00,ATM+8,CALL,148.9,150.9,145.05,145.2,6560,99100,9.38653,84400,83556.3
2025-07-09 15:08:00,ATM+8,PUT,888,888,888,888,0,5640,10.612091,84400,83556.3
2025-07-09 15:08:00,ATM+9,CALL,127.6,128.8,124.15,124.55,24460,244680,9.447655,84500,83556.3
2025-07-09 15:08:00,ATM+9,PUT,956.4,956.4,953.85,953.85,60,34940,10.215625,84500,83556.3
2025-07-09 15:08:00,ATM+10,CALL,107.7,109.05,105.4,105.4,7260,83380,9.472912,84600,83556.3
2025-07-09 15:08:00,ATM+10,PUT,1045,1045,1045,1045,0,2920,10.781943,84600,83556.3
2025-07-09 15:09:00,ATM-10,CALL,1238,1238,1238,1238,0,11460,9.312102,82500,83547.88
2025-07-09 15:09:00,ATM-10,PUT,89.2,91.8,88.4,90.25,7000,194480,10.786226,82500,83547.88
2025-07-09 15:09:00,ATM-9,CALL,1168.7,1168.7,1168.7,1168.7,0,3160,10.493139,82600,83547.88
2025-07-09 15:09:00,ATM-9,PUT,103.45,105.9,102.3,103.75,6460,76180,10.681631,82600,83547.88
2025-07-09 15:09:00,ATM-8,CALL,989.8,989.8,989.8,989.8,0,4260,9.209476,82700,83547.88
2025-07-09 15:09:00,ATM-8,PUT,119.25,122,117.8,119.7,3340,71700,10.599499,82700,83547.88
2025-07-09 15:09:00,ATM-7,CALL,986.35,986.35,983.5,983.5,220,4260,9.231321,82800,83547.88
2025-07-09 15:09:00,ATM-7,PUT,136.85,140.5,135.85,137.65,2220,87160,10.514847,82800,83547.88
2025-07-09 15:09:00,ATM-6,CALL,903.8,906.3,887.85,895.95,340,5220,8.980595,82900,83547.88
2025-07-09 15:09:00,ATM-6,PUT,158.3,161.8,156.15,158.55,3860,63000,10.450837,82900,83547.88
2025-07-09 15:09:00,ATM-5,CALL,830.95,832.35,816.15,826.15,2260,76220,9.212342,83000,83547.88
2025-07-09 15:09:00,ATM-5,PUT,181.75,185.8,178.3,182.6,27880,232840,10.404007,83000,83547.88
2025-07-09 15:09:00,ATM-4,CALL,752.8,757.1,745.9,749.9,560,11060,9.14157,83100,83547.88
2025-07-09 15:09:00,ATM-4,PUT,209,213.35,206.2,210.6,6640,65700,10.388151,83100,83547.88
2025-07-09 15:09:00,ATM-3,CALL,686.3,688.6,673.35,675.65,760,25100,9.041031,83200,83547.88
2025-07-09 15:09:00,ATM-3,PUT,239.1,244.3,237.05,239.95,7300,71360,10.327608,83200,83547.88
2025-07-09 15:09:00,ATM-2,CALL,621.75,621.9,610,618,4540,49580,9.278354,83300,83547.88
2025-07-09 15:09:00,ATM-2,PUT,273.3,280,271.3,275.6,8400,239880,10.346726,83300,83547.88
2025-07-09 15:09:00,ATM-1,CALL,555,559.1,546.75,553.7,6080,70680,9.243641,83400,83547.88
2025-07-09 15:09:00,ATM-1,PUT,310.75,317.3,307.95,312.05,25060,152040,10.301861,83400,83547.88
2025-07-09 15:09:00,ATM,CALL,497.5,500,487.15,494.2,20140,434080,9.2332,83500,83547.88
2025-07-09 15:09:00,ATM,PUT,350.05,357.65,348.35,352.55,38460,444320,10.272234,83500,83547.88
2025-07-09 15:09:00,ATM+1,CALL,443.4,446.2,434.6,442,38760,297300,9.301662,83600,83547.88
2025-07-09 15:09:00,ATM+1,PUT,395.3,403.95,394.15,398.95,21880,257760,10.298232,83600,83547.88
2025-07-09 15:09:00,ATM+2,CALL,391.9,395.45,385,391.7,19720,306980,9.320392,83700,83547.88
2025-07-09 15:09:00,ATM+2,PUT,446.05,454.35,442.65,448.4,12740,151440,10.31116,83700,83547.88
2025-07-09 15:09:00,ATM+3,CALL,347,348.65,338.8,344.25,14620,274520,9.312749,83800,83547.88
2025-07-09 15:09:00,ATM+3,PUT,500,507.3,496.3,500.25,8480,109020,10.296114,83800,83547.88
2025-07-09 15:09:00,ATM+4,CALL,303.3,305.45,296,302.55,11460,151800,9.348073,83900,83547.88
2025-07-09 15:09:00,ATM+4,PUT,557.75,566,551.75,556.65,3860,55460,10.304065,83900,83547.88
2025-07-09 15:09:00,ATM+5,CALL,264.6,265.5,257.9,262.5,21060,381200,9.330763,84000,83547.88
2025-07-09 15:09:00,ATM+5,PUT,618.25,626.8,613.95,619.6,4760,101720,10.385951,84000,83547.88
2025-07-09 15:09:00,ATM+6,CALL,229.8,230.95,223.9,228.9,6420,91600,9.380637,84100,83547.88
2025-07-09 15:09:00,ATM+6,PUT,682.95,692.85,681.65,685,360,14140,10.447942,84100,83547.88
2025-07-09 15:09:00,ATM+7,CALL,197.25,199.2,193,196.8,11780,146540,9.378832,84200,83547.88
2025-07-09 15:09:00,ATM+7,PUT,752,760,748.5,754.2,560,10360,10.527159,84200,83547.88
2025-07-09 15:09:00,ATM+8,CALL,169.55,171.2,165.85,169.15,4160,84920,9.405136,84300,83547.88
2025-07-09 15:09:00,ATM+8,PUT,824.85,824.85,821.7,821.7,100,5940,10.482093,84300,83547.88
2025-07-09 15:09:00,ATM+9,CALL,145.95,147.05,141.85,145.4,6720,98760,9.454226,84400,83547.88
2025-07-09 15:09:00,ATM+9,PUT,899.1,908,897.1,903,100,5680,10.737693,84400,83547.88
2025-07-09 15:09:00,ATM+10,CALL,124.25,125.05,120.9,123.9,9360,247380,9.485459,84500,83547.88
2025-07-09 15:09:00,ATM+10,PUT,974.75,982.75,974.75,982.75,100,34960,10.890013,84500,83547.88
2025-07-09 15:10:00,ATM-10,CALL,1238,1238,1238,1238,0,11460,9.312102,82600,83560.97
2025-07-09 15:10:00,ATM-10,PUT,103.95,104.3,101.85,102.6,4460,76180,10.721009,82600,83560.97
2025-07-09 15:10:00,ATM-9,CALL,1168.7,1168.7,1168.7,1168.7,0,3160,10.493139,82700,83560.97
2025-07-09 15:10:00,ATM-9,PUT,119.5,120,117.5,117.6,3660,71700,10.612765,82700,83560.97
2025-07-09 15:10:00,ATM-8,CALL,989.8,989.8,989.8,989.8,0,4260,9.209476,82800,83560.97
2025-07-09 15:10:00,ATM-8,PUT,137.8,137.85,135.3,136.05,4860,87160,10.553161,82800,83560.97
2025-07-09 15:10:00,ATM-7,CALL,903.45,912.5,903.45,912.5,180,5220,9.18303,82900,83560.97
2025-07-09 15:10:00,ATM-7,PUT,158.55,158.7,155.95,156.75,3380,63000,10.490811,82900,83560.97
2025-07-09 15:10:00,ATM-6,CALL,830,839,830,838,940,76220,9.270286,83000,83560.97
2025-07-09 15:10:00,ATM-6,PUT,181.5,182.2,179,180,34040,232840,10.42924,83000,83560.97
2025-07-09 15:10:00,ATM-5,CALL,764,765.9,764,765.9,80,11060,9.32423,83100,83560.97
2025-07-09 15:10:00,ATM-5,PUT,209.95,209.95,206.15,206.85,5080,65700,10.391604,83100,83560.97
2025-07-09 15:10:00,ATM-4,CALL,685.75,695.8,685.75,695.8,480,25100,9.335932,83200,83560.97
2025-07-09 15:10:00,ATM-4,PUT,239,239.9,236,237.7,2380,71360,10.380318,83200,83560.97
2025-07-09 15:10:00,ATM-3,CALL,621.5,629.85,621.5,628.4,1180,49580,9.325308,83300,83560.97
2025-07-09 15:10:00,ATM-3,PUT,274.45,274.45,270,271.2,6300,239880,10.35476,83300,83560.97
2025-07-09 15:10:00,ATM-2,CALL,557.15,566.6,557.15,565.35,5760,70680,9.331548,83400,83560.97
2025-07-09 15:10:00,ATM-2,PUT,311.65,311.65,306.2,307.8,9640,152040,10.32407,83400,83560.97
2025-07-09 15:10:00,ATM-1,CALL,496.95,505.85,496.95,504.7,20900,434080,9.303601,83500,83560.97
2025-07-09 15:10:00,ATM-1,PUT,351.1,351.1,346,348.1,20960,444320,10.300133,83500,83560.97
2025-07-09 15:10:00,ATM,CALL,442.55,451.5,442.5,450.6,26860,297300,9.338644,83600,83560.97
2025-07-09 15:10:00,ATM,PUT,396.65,397.4,391.05,393.2,16780,257760,10.306297,83600,83560.97
2025-07-09 15:10:00,ATM+1,CALL,393,401,393,398.8,24520,306980,9.334303,83700,83560.97
2025-07-09 15:10:00,ATM+1,PUT,446.4,446.6,439.3,440.65,12720,151440,10.283456,83700,83560.97
2025-07-09 15:10:00,ATM+2,CALL,346.25,353.65,346.25,352.45,11880,274520,9.364753,83800,83560.97
2025-07-09 15:10:00,ATM+2,PUT,499.5,499.5,491.55,493.55,8060,109020,10.303973,83800,83560.97
2025-07-09 15:10:00,ATM+3,CALL,303,309.8,303,309.4,8260,151800,9.380817,83900,83560.97
2025-07-09 15:10:00,ATM+3,PUT,556.75,556.75,548.3,549.75,2220,55460,10.318307,83900,83560.97
2025-07-09 15:10:00,ATM+4,CALL,264.15,270,264.15,268.8,18060,381200,9.363187,84000,83560.97
2025-07-09 15:10:00,ATM+4,PUT,618.8,618.8,609.05,611.85,3560,101720,10.390702,84000,83560.97
2025-07-09 15:10:00,ATM+5,CALL,229.5,234.75,229.5,234.05,5460,91600,9.397157,84100,83560.97
2025-07-09 15:10:00,ATM+5,PUT,683.65,683.65,675.9,675.9,600,14140,10.430004,84100,83560.97
2025-07-09 15:10:00,ATM+6,CALL,199.05,202.75,199.05,201.75,11960,146540,9.403069,84200,83560.97
2025-07-09 15:10:00,ATM+6,PUT,750.8,750.8,748,748,60,10360,10.593596,84200,83560.97
2025-07-09 15:10:00,ATM+7,CALL,169.85,174.4,169.85,173.7,5560,84920,9.431625,84300,83560.97
2025-07-09 15:10:00,ATM+7,PUT,754.2,754.2,754.2,754.2,0,10360,10.527159,84300,83560.97
2025-07-09 15:10:00,ATM+8,CALL,145.65,149.65,145.65,149.05,5960,98760,9.467639,84400,83560.97
2025-07-09 15:10:00,ATM+8,PUT,891.2,891.2,891.2,891.2,20,5680,10.674122,84400,83560.97
2025-07-09 15:10:00,ATM+9,CALL,124.1,127.5,124.1,127.2,10980,247380,9.500673,84500,83560.97
2025-07-09 15:10:00,ATM+9,PUT,977.95,977.95,977.95,977.95,40,34960,11.037731,84500,83560.97
2025-07-09 15:10:00,ATM+10,CALL,105.5,108.3,105.5,107.9,5340,84320,9.529292,84600,83560.97
2025-07-09 15:10:00,ATM+10,PUT,982.75,982.75,982.75,982.75,0,34960,10.890013,84600,83560.97
2025-07-09 15:11:00,ATM-10,CALL,1238,1238,1238,1238,0,11460,9.312102,82600,83563.98
2025-07-09 15:11:00,ATM-10,PUT,102.3,103.45,100.8,102.1,2780,76180,10.721562,82600,83563.98
2025-07-09 15:11:00,ATM-9,CALL,1076.55,1076.55,1076.55,1076.55,100,2980,9.109807,82700,83563.98
2025-07-09 15:11:00,ATM-9,PUT,117.45,119.05,116,117.25,3340,71700,10.620658,82700,83563.98
2025-07-09 15:11:00,ATM-8,CALL,996.95,996.95,988,988,80,4260,8.918752,82800,83563.98
2025-07-09 15:11:00,ATM-8,PUT,136.35,137.2,133.55,135.45,2900,87160,10.554737,82800,83563.98
2025-07-09 15:11:00,ATM-7,CALL,913.05,914.55,909,912.9,220,5220,9.118578,82900,83563.98
2025-07-09 15:11:00,ATM-7,PUT,156.8,158.2,154.5,155.95,2440,63000,10.488559,82900,83563.98
2025-07-09 15:11:00,ATM-6,CALL,836.6,840,833.4,838.5,1540,76220,9.217056,83000,83563.98
2025-07-09 15:11:00,ATM-6,PUT,180.05,181.5,177.5,179.3,17840,232840,10.432338,83000,83563.98
2025-07-09 15:11:00,ATM-5,CALL,760.4,765.05,760.4,762.6,260,11060,9.170136,83100,83563.98
2025-07-09 15:11:00,ATM-5,PUT,207.5,208.85,204,206.45,2680,65700,10.405114,83100,83563.98
2025-07-09 15:11:00,ATM-4,CALL,694.4,697,690.8,695.3,540,25100,9.267897,83200,83563.98
2025-07-09 15:11:00,ATM-4,PUT,237.15,239.25,233.75,236.1,8180,71360,10.364564,83200,83563.98
2025-07-09 15:11:00,ATM-3,CALL,627.6,632.3,624.6,629.05,1680,49580,9.292321,83300,83563.98
2025-07-09 15:11:00,ATM-3,PUT,271.45,273.2,267.25,269.9,5840,239880,10.349553,83300,83563.98
2025-07-09 15:11:00,ATM-2,CALL,565.7,566.85,560.9,564.9,4180,70680,9.275543,83400,83563.98
2025-07-09 15:11:00,ATM-2,PUT,308.05,310.3,304,306.35,5780,152040,10.317847,83400,83563.98
2025-07-09 15:11:00,ATM-1,CALL,505.05,506.85,500.45,504.65,16540,434080,9.261335,83500,83563.98
2025-07-09 15:11:00,ATM-1,PUT,348.15,350.45,342.95,346.9,18000,444320,10.302488,83500,83563.98
2025-07-09 15:11:00,ATM,CALL,450,451.6,447,450.15,17100,297300,9.290443,83600,83563.98
2025-07-09 15:11:00,ATM,PUT,393,395.4,387.3,392.25,21260,257760,10.317014,83600,83563.98
2025-07-09 15:11:00,ATM+1,CALL,400.1,401.2,395.85,398.2,26200,306980,9.285655,83700,83563.98
2025-07-09 15:11:00,ATM+1,PUT,440.6,443.05,435.4,439.25,21800,151440,10.286126,83700,83563.98
2025-07-09 15:11:00,ATM+2,CALL,352.75,354.65,349.35,352,13800,274520,9.322201,83800,83563.98
2025-07-09 15:11:00,ATM+2,PUT,493.75,496.25,488,491.55,8540,109020,10.295106,83800,83563.98
2025-07-09 15:11:00,ATM+3,CALL,309.15,310.75,306.5,309.3,5580,151800,9.348771,83900,83563.98
2025-07-09 15:11:00,ATM+3,PUT,550.5,553.05,545,548.2,2560,55460,10.322531,83900,83563.98
2025-07-09 15:11:00,ATM+4,CALL,269.15,269.95,266.3,268,13720,381200,9.316095,84000,83563.98
2025-07-09 15:11:00,ATM+4,PUT,610,614.4,605.7,609.15,1400,101720,10.369679,84000,83563.98
2025-07-09 15:11:00,ATM+5,CALL,234.75,235,232,233.2,2760,91600,9.349968,84100,83563.98
2025-07-09 15:11:00,ATM+5,PUT,678.15,678.15,672.8,675.35,120,14140,10.464258,84100,83563.98
2025-07-09 15:11:00,ATM+6,CALL,202.15,203.55,200.35,202.4,6620,146540,9.396053,84200,83563.98
2025-07-09 15:11:00,ATM+6,PUT,746,746,736.45,736.45,60,10360,10.348789,84200,83563.98
2025-07-09 15:11:00,ATM+7,CALL,174.2,175.25,172.45,174.5,3440,84920,9.431131,84300,83563.98
2025-07-09 15:11:00,ATM+7,PUT,817.35,817.35,817.35,817.35,100,5940,10.66842,84300,83563.98
2025-07-09 15:11:00,ATM+8,CALL,149.3,150.2,147.8,148.85,3740,98760,9.440405,84400,83563.98
2025-07-09 15:11:00,ATM+8,PUT,891.2,891.55,891.2,891.55,40,5680,10.745239,84400,83563.98
2025-07-09 15:11:00,ATM+9,CALL,127.5,128.2,126,127.3,8560,247380,9.48366,84500,83563.98
2025-07-09 15:11:00,ATM+9,PUT,971.8,971.8,965.55,965.55,160,34960,10.740616,84500,83563.98
2025-07-09 15:11:00,ATM+10,CALL,108.1,109.15,107,108.15,3980,84320,9.518714,84600,83563.98
2025-07-09 15:11:00,ATM+10,PUT,982.75,982.75,982.75,982.75,0,34960,10.890013,84600,83563.98
2025-07-09 15:12:00,ATM-10,CALL,1155.15,1155.15,1155.15,1155.15,20,3040,8.606239,82600,83568.19
2025-07-09 15:12:00,ATM-10,PUT,102.75,104.25,101.8,103.95,1600,74800,10.817298,82600,83568.19
2025-07-09 15:12:00,ATM-9,CALL,1076.55,1076.55,1076.55,1076.55,0,2980,9.109807,82700,83568.19
2025-07-09 15:12:00,ATM-9,PUT,118.05,119.9,117,119.7,5440,73080,10.733389,82700,83568.19
2025-07-09 15:12:00,ATM-8,CALL,988,988,988,988,0,4260,8.918752,82800,83568.19
2025-07-09 15:12:00,ATM-8,PUT,136,138,135.2,138,3300,83300,10.666216,82800,83568.19
2025-07-09 15:12:00,ATM-7,CALL,914.15,917.1,913,917.1,80,5760,9.147426,82900,83568.19
2025-07-09 15:12:00,ATM-7,PUT,156.35,158.75,155.7,158.5,2700,61120,10.596339,82900,83568.19
2025-07-09 15:12:00,ATM-6,CALL,839.3,842.75,838,841,820,75240,9.196194,83000,83568.19
2025-07-09 15:12:00,ATM-6,PUT,180.5,182.05,178.95,182,7640,228880,10.541614,83000,83568.19
2025-07-09 15:12:00,ATM-5,CALL,764.9,764.9,764.9,764.9,60,11060,9.148713,83100,83568.19
2025-07-09 15:12:00,ATM-5,PUT,206.95,209,206.1,209,3680,61140,10.508176,83100,83568.19
2025-07-09 15:12:00,ATM-4,CALL,695.6,698,695.2,695.2,200,23760,9.187725,83200,83568.19
2025-07-09 15:12:00,ATM-4,PUT,236.3,239.65,235.7,239.65,2620,71360,10.492512,83200,83568.19
2025-07-09 15:12:00,ATM-3,CALL,629.65,632.6,627.2,628.75,1160,49580,9.214732,83300,83568.19
2025-07-09 15:12:00,ATM-3,PUT,270.6,273.6,269.3,272.8,5400,237480,10.460061,83300,83568.19
2025-07-09 15:12:00,ATM-2,CALL,566,568.35,564,564,2660,69140,9.189879,83400,83568.19
2025-07-09 15:12:00,ATM-2,PUT,307.9,310.1,305.5,310.1,4400,152040,10.449318,83400,83568.19
2025-07-09 15:12:00,ATM-1,CALL,505,507.95,503.2,503.2,20860,434080,9.168664,83500,83568.19
2025-07-09 15:12:00,ATM-1,PUT,346.1,349.4,345.1,349.25,15520,445540,10.401383,83500,83568.19
2025-07-09 15:12:00,ATM,CALL,452,453.75,449.55,450.55,27160,277780,9.246742,83600,83568.19
2025-07-09 15:12:00,ATM,PUT,393,394.95,389.85,394.95,16160,257760,10.426361,83600,83568.19
2025-07-09 15:12:00,ATM+1,CALL,399.55,402.5,398.2,399.55,20020,290520,9.268345,83700,83568.19
2025-07-09 15:12:00,ATM+1,PUT,439.5,442.8,437.2,442.8,9320,151580,10.418307,83700,83568.19
2025-07-09 15:12:00,ATM+2,CALL,352.85,355.2,352.15,352.8,11200,267340,9.295834,83800,83568.19
2025-07-09 15:12:00,ATM+2,PUT,492.5,495.5,490,495.5,3260,108660,10.440593,83800,83568.19
2025-07-09 15:12:00,ATM+3,CALL,309,311.7,308.55,309.4,8720,144940,9.309289,83900,83568.19
2025-07-09 15:12:00,ATM+3,PUT,549.25,551.5,546.75,551.25,1340,53480,10.451813,83900,83568.19
2025-07-09 15:12:00,ATM+4,CALL,269.35,271.15,268.1,269.25,14480,376900,9.307631,84000,83568.19
2025-07-09 15:12:00,ATM+4,PUT,609.35,612.8,606.75,611.85,3860,100900,10.496429,84000,83568.19
2025-07-09 15:12:00,ATM+5,CALL,234.05,236.15,233.5,234.4,4380,87600,9.343844,84100,83568.19
2025-07-09 15:12:00,ATM+5,PUT,674.9,677.35,672,676.2,860,14240,10.551883,84100,83568.19
2025-07-09 15:12:00,ATM+6,CALL,202.8,204.25,201.8,202.5,8500,143720,9.364618,84200,83568.19
2025-07-09 15:12:00,ATM+6,PUT,742.95,742.95,739.2,742.45,60,10200,10.575308,84200,83568.19
2025-07-09 15:12:00,ATM+7,CALL,174.25,175.8,173.7,174.5,3480,78300,9.399115,84300,83568.19
2025-07-09 15:12:00,ATM+7,PUT,817.35,817.35,817.35,817.35,0,5940,10.66842,84300,83568.19
2025-07-09 15:12:00,ATM+8,CALL,149.25,150.9,149.1,149.45,3220,97040,9.427894,84400,83568.19
2025-07-09 15:12:00,ATM+8,PUT,891.55,891.55,891.55,891.55,0,5680,10.745239,84400,83568.19
2025-07-09 15:12:00,ATM+9,CALL,127.45,128.75,126.9,127.75,8740,254940,9.469322,84500,83568.19
2025-07-09 15:12:00,ATM+9,PUT,965.55,965.55,965.55,965.55,20,34980,10.833759,84500,83568.19
2025-07-09 15:12:00,ATM+10,CALL,107.95,109.5,107.6,107.6,6720,84940,9.473,84600,83568.19
2025-07-09 15:12:00,ATM+10,PUT,1031,1031,1031,1031,1000,3160,10.484831,84600,83568.19
2025-07-09 15:13:00,ATM-10,CALL,1155.15,1155.15,1155.15,1155.15,0,3040,8.606239,82600,83555.35
2025-07-09 15:13:00,ATM-10,PUT,103.5,104.85,102.65,104.75,2740,74800,10.767399,82600,83555.35
2025-07-09 15:13:00,ATM-9,CALL,1076.55,1076.55,1076.55,1076.55,0,2980,9.109807,82700,83555.35
2025-07-09 15:13:00,ATM-9,PUT,119.25,120.55,118.45,120.1,3220,73080,10.664046,82700,83555.35
2025-07-09 15:13:00,ATM-8,CALL,988,988,988,988,0,4260,8.918752,82800,83555.35
2025-07-09 15:13:00,ATM-8,PUT,137.45,138.9,136.3,138.65,3140,83300,10.599993,82800,83555.35
2025-07-09 15:13:00,ATM-7,CALL,915.15,915.15,910,911.8,200,5760,9.307554,82900,83555.35
2025-07-09 15:13:00,ATM-7,PUT,158.15,159.45,156.95,158.8,2340,61120,10.513947,82900,83555.35
2025-07-09 15:13:00,ATM-6,CALL,837.9,840,836,836,560,75240,9.340967,83000,83555.35
2025-07-09 15:13:00,ATM-6,PUT,181.05,183,179.9,182.75,6480,228880,10.466678,83000,83555.35
2025-07-09 15:13:00,ATM-5,CALL,760,760,760,760,20,11060,9.275938,83100,83555.35
2025-07-09 15:13:00,ATM-5,PUT,208.3,210.15,206.9,210.15,8580,61140,10.437587,83100,83555.35
2025-07-09 15:13:00,ATM-4,CALL,695,698.25,692.5,693.4,260,23760,9.377835,83200,83555.35
2025-07-09 15:13:00,ATM-4,PUT,238.7,240.75,236.85,240.5,2480,71360,10.406831,83200,83555.35
2025-07-09 15:13:00,ATM-3,CALL,629,631.55,625.9,627.65,2360,49580,9.402032,83300,83555.35
2025-07-09 15:13:00,ATM-3,PUT,272.75,274.6,270.65,274.4,9540,237480,10.385736,83300,83555.35
2025-07-09 15:13:00,ATM-2,CALL,566.25,567.75,561,563.85,2820,69140,9.382173,83400,83555.35
2025-07-09 15:13:00,ATM-2,PUT,309.2,311.8,307,310.95,6400,152040,10.348354,83400,83555.35
2025-07-09 15:13:00,ATM-1,CALL,505.95,506.8,499.95,504.45,13020,434080,9.377636,83500,83555.35
2025-07-09 15:13:00,ATM-1,PUT,347.95,351.8,346.3,350.95,15680,445540,10.31212,83500,83555.35
2025-07-09 15:13:00,ATM,CALL,451.15,452.85,446.1,450.35,13620,277780,9.406339,83600,83555.35
2025-07-09 15:13:00,ATM,PUT,393.25,396.15,391.35,396,8620,257760,10.312227,83600,83555.35
2025-07-09 15:13:00,ATM+1,CALL,400.95,401.65,396.1,399.45,11220,290520,9.417453,83700,83555.35
2025-07-09 15:13:00,ATM+1,PUT,439.7,444.5,438.8,443.2,8100,151580,10.278751,83700,83555.35
2025-07-09 15:13:00,ATM+2,CALL,354.05,354.65,350,352.95,8160,267340,9.439525,83800,83555.35
2025-07-09 15:13:00,ATM+2,PUT,494,497,491.9,496.8,3200,108660,10.31089,83800,83555.35
2025-07-09 15:13:00,ATM+3,CALL,310.45,310.9,306,309.35,7920,144940,9.438295,83900,83555.35
2025-07-09 15:13:00,ATM+3,PUT,549.75,554.5,548.25,553.5,1280,53480,10.33238,83900,83555.35
2025-07-09 15:13:00,ATM+4,CALL,270.7,270.7,267,268.8,17940,376900,9.417946,84000,83555.35
2025-07-09 15:13:00,ATM+4,PUT,611.6,614.75,609.8,614.35,1280,100900,10.370041,84000,83555.35
2025-07-09 15:13:00,ATM+5,CALL,235.45,235.75,231.7,233.9,4000,87600,9.444704,84100,83555.35
2025-07-09 15:13:00,ATM+5,PUT,677.15,680.8,675.5,680.7,420,14240,10.461283,84100,83555.35
2025-07-09 15:13:00,ATM+6,CALL,203.8,204,200.85,202.8,15100,143720,9.478994,84200,83555.35
2025-07-09 15:13:00,ATM+6,PUT,742.9,742.9,742.9,742.9,20,10200,10.366348,84200,83555.35
2025-07-09 15:13:00,ATM+7,CALL,174.35,175.55,172.25,173.65,4820,78300,9.475727,84300,83555.35
2025-07-09 15:13:00,ATM+7,PUT,817.35,817.35,817.35,817.35,0,5940,10.66842,84300,83555.35
2025-07-09 15:13:00,ATM+8,CALL,150.05,150.5,147.7,149.2,3460,97040,9.515105,84400,83555.35
2025-07-09 15:13:00,ATM+8,PUT,891.55,891.55,891.55,891.55,0,5680,10.745239,84400,83555.35
2025-07-09 15:13:00,ATM+9,CALL,128.2,128.4,126.1,127.2,5580,254940,9.541494,84500,83555.35
2025-07-09 15:13:00,ATM+9,PUT,965.1,965.1,965.1,965.1,40,34980,10.534082,84500,83555.35
2025-07-09 15:13:00,ATM+10,CALL,108.65,109.3,107.4,108.15,4900,84940,9.576638,84600,83555.35
2025-07-09 15:13:00,ATM+10,PUT,1031,1031,1031,1031,0,3160,10.484831,84600,83555.35
2025-07-09 15:14:00,ATM-10,CALL,1155.15,1155.15,1155.15,1155.15,0,3040,8.606239,82600,83560.7
2025-07-09 15:14:00,ATM-10,PUT,103.45,105.55,103.4,105.35,5380,74800,10.823563,82600,83560.7
2025-07-09 15:14:00,ATM-9,CALL,1076.55,1076.55,1076.55,1076.55,0,2980,9.109807,82700,83560.7
2025-07-09 15:14:00,ATM-9,PUT,119.3,121.45,118.7,121.45,3580,73080,10.745888,82700,83560.7
2025-07-09 15:14:00,ATM-8,CALL,988,988,988,988,0,4260,8.918752,82800,83560.7
2025-07-09 15:14:00,ATM-8,PUT,137.65,140,136.95,139.7,3480,83300,10.670754,82800,83560.7
2025-07-09 15:14:00,ATM-7,CALL,914.35,914.9,909,909,60,5760,9.078955,82900,83560.7
2025-07-09 15:14:00,ATM-7,PUT,157.55,160.7,157.55,160.7,2540,61120,10.610048,82900,83560.7
2025-07-09 15:14:00,ATM-6,CALL,840,840,833.1,833.25,1240,75240,9.136671,83000,83560.7
2025-07-09 15:14:00,ATM-6,PUT,180.45,184,180.45,184,5660,228880,10.543121,83000,83560.7
2025-07-09 15:14:00,ATM-5,CALL,764.95,765.45,760,763,220,11060,9.251648,83100,83560.7
2025-07-09 15:14:00,ATM-5,PUT,207.75,211,207.4,211,7120,61140,10.5037,83100,83560.7
2025-07-09 15:14:00,ATM-4,CALL,695,695.5,689.6,689.6,360,23760,9.179284,83200,83560.7
2025-07-09 15:14:00,ATM-4,PUT,237.75,241.35,237.7,241,7420,71360,10.465388,83200,83560.7
2025-07-09 15:14:00,ATM-3,CALL,631.4,631.4,624.25,626.2,800,49580,9.277178,83300,83560.7
2025-07-09 15:14:00,ATM-3,PUT,272.7,276,271.25,276,9820,237480,10.474043,83300,83560.7
2025-07-09 15:14:00,ATM-2,CALL,567.6,567.6,560.75,564.75,3440,69140,9.324063,83400,83560.7
2025-07-09 15:14:00,ATM-2,PUT,310.2,312.25,307.5,312,5560,152040,10.425239,83400,83560.7
2025-07-09 15:14:00,ATM-1,CALL,506.45,506.55,500.45,502.8,13820,434080,9.265012,83500,83560.7
2025-07-09 15:14:00,ATM-1,PUT,348.4,351.95,347.2,351.7,29700,445540,10.384736,83500,83560.7
2025-07-09 15:14:00,ATM,CALL,452,452.45,446.25,447.65,12620,277780,9.275705,83600,83560.7
2025-07-09 15:14:00,ATM,PUT,392,397.4,391.8,397.4,15460,257760,10.403675,83600,83560.7
2025-07-09 15:14:00,ATM+1,CALL,401.4,401.4,395.65,396.85,12760,290520,9.294783,83700,83560.7
2025-07-09 15:14:00,ATM+1,PUT,440.6,445.15,438.35,443.7,15360,151580,10.353238,83700,83560.7
2025-07-09 15:14:00,ATM+2,CALL,354.35,354.5,349.4,353,11980,267340,9.383445,83800,83560.7
2025-07-09 15:14:00,ATM+2,PUT,494,498,492.05,496.9,5000,108660,10.380756,83800,83560.7
2025-07-09 15:14:00,ATM+3,CALL,310.5,310.5,306.45,309.25,7320,144940,9.382769,83900,83560.7
2025-07-09 15:14:00,ATM+3,PUT,549,555,548.9,553.75,1600,53480,10.411103,83900,83560.7
2025-07-09 15:14:00,ATM+4,CALL,270.65,270.65,266.5,269,17000,376900,9.373358,84000,83560.7
2025-07-09 15:14:00,ATM+4,PUT,610.9,616,610.65,616,1420,100900,10.488607,84000,83560.7
2025-07-09 15:14:00,ATM+5,CALL,235.45,235.45,231.4,232.6,8740,87600,9.36566,84100,83560.7
2025-07-09 15:14:00,ATM+5,PUT,677.95,680.45,675.25,680.3,300,14240,10.536431,84100,83560.7
2025-07-09 15:14:00,ATM+6,CALL,204,204,200,200.65,9880,143720,9.378996,84200,83560.7
2025-07-09 15:14:00,ATM+6,PUT,741.9,748.75,741.9,748.75,220,10200,10.609564,84200,83560.7
2025-07-09 15:14:00,ATM+7,CALL,175,175.6,171.9,173.15,4040,78300,9.421121,84300,83560.7
2025-07-09 15:14:00,ATM+7,PUT,815,819.7,815,818.4,60,5780,10.636374,84300,83560.7
2025-07-09 15:14:00,ATM+8,CALL,150.5,150.5,147,149.2,5580,97040,9.476682,84400,83560.7
2025-07-09 15:14:00,ATM+8,PUT,890.8,895.45,890.8,892.6,80,5740,10.708994,84400,83560.7
2025-07-09 15:14:00,ATM+9,CALL,128.75,128.8,125.85,127,11240,254940,9.498857,84500,83560.7
2025-07-09 15:14:00,ATM+9,PUT,971.4,971.4,971.4,971.4,20,34980,10.841083,84500,83560.7
2025-07-09 15:14:00,ATM+10,CALL,109.25,109.25,106.5,108.15,12620,84940,9.542205,84600,83560.7
2025-07-09 15:14:00,ATM+10,PUT,1031,1031,1031,1031,0,3160,10.484831,84600,83560.7
2025-07-09 15:15:00,ATM-10,CALL,1155.15,1155.15,1155.15,1155.15,0,3040,8.606239,82600,83562.13
2025-07-09 15:15:00,ATM-10,PUT,104.35,105.3,102.95,103.7,5280,73240,10.771811,82600,83562.13
2025-07-09 15:15:00,ATM-9,CALL,1076.55,1076.55,1076.55,1076.55,0,2980,9.109807,82700,83562.13
2025-07-09 15:15:00,ATM-9,PUT,120.4,120.95,118.4,119.7,4240,67400,10.695491,82700,83562.13
2025-07-09 15:15:00,ATM-8,CALL,997,1019.15,997,1001.85,1600,4380,9.472811,82800,83562.13
2025-07-09 15:15:00,ATM-8,PUT,138.75,139.2,136.5,137.6,4420,82760,10.613547,82800,83562.13
2025-07-09 15:15:00,ATM-7,CALL,912.45,924.35,911.35,920.8,280,5740,9.427182,82900,83562.13
2025-07-09 15:15:00,ATM-7,PUT,159.05,160.2,156.6,158.35,4300,60260,10.549945,82900,83562.13
2025-07-09 15:15:00,ATM-6,CALL,840,849.5,840,846.95,1020,74900,9.516105,83000,83562.13
2025-07-09 15:15:00,ATM-6,PUT,183.35,183.35,179.55,181,10420,222720,10.468928,83000,83562.13
2025-07-09 15:15:00,ATM-5,CALL,766,774.6,766,770.85,1400,10780,9.443652,83100,83562.13
2025-07-09 15:15:00,ATM-5,PUT,209.8,210.6,206.8,208,8260,58400,10.434362,83100,83562.13
2025-07-09 15:15:00,ATM-4,CALL,695.5,705,695.5,702,1600,23500,9.483145,83200,83562.13
2025-07-09 15:15:00,ATM-4,PUT,240.75,240.95,236.7,238.25,7880,68740,10.406661,83200,83562.13
2025-07-09 15:15:00,ATM-3,CALL,631.05,637.3,627.3,635.95,3840,49140,9.501355,83300,83562.13
2025-07-09 15:15:00,ATM-3,PUT,274.2,274.45,269.5,271.15,9300,236600,10.366139,83300,83562.13
2025-07-09 15:15:00,ATM-2,CALL,566.2,575,564.35,572.1,11900,66980,9.483053,83400,83562.13
2025-07-09 15:15:00,ATM-2,PUT,310.05,311.1,306,308,15740,145280,10.342164,83400,83562.13
2025-07-09 15:15:00,ATM-1,CALL,506.4,514.5,503.85,512.4,49040,428140,9.475077,83500,83562.13
2025-07-09 15:15:00,ATM-1,PUT,350.4,350.9,345.85,346.5,29100,441780,10.275981,83500,83562.13
2025-07-09 15:15:00,ATM,CALL,451.25,459,448.3,456.65,46580,263220,9.469777,83600,83562.13
2025-07-09 15:15:00,ATM,PUT,396.7,396.7,390,390.7,34000,245280,10.262263,83600,83562.13
2025-07-09 15:15:00,ATM+1,CALL,400.2,407.95,399,406.4,41120,280740,9.50197,83700,83562.13
2025-07-09 15:15:00,ATM+1,PUT,442.25,443,437,438.85,22640,158280,10.256908,83700,83562.13
2025-07-09 15:15:00,ATM+2,CALL,353.95,360.65,352.85,357.25,28120,261100,9.468407,83800,83562.13
2025-07-09 15:15:00,ATM+2,PUT,496,497.55,488.6,490.65,19480,109200,10.252432,83800,83562.13
2025-07-09 15:15:00,ATM+3,CALL,310.8,316.45,309.3,314,17080,138360,9.48214,83900,83562.13
2025-07-09 15:15:00,ATM+3,PUT,552.4,553,546.1,547.4,3820,52960,10.280097,83900,83562.13
2025-07-09 15:15:00,ATM+4,CALL,270.85,275,269.05,273.2,24940,368580,9.463024,84000,83562.13
2025-07-09 15:15:00,ATM+4,PUT,614.4,614.4,605,606.6,4900,100760,10.282416,84000,83562.13
2025-07-09 15:15:00,ATM+5,CALL,235.5,239.5,233.95,238,9280,85240,9.489916,84100,83562.13
2025-07-09 15:15:00,ATM+5,PUT,678.1,678.1,669.8,671.6,840,14360,10.3432,84100,83562.13
2025-07-09 15:15:00,ATM+6,CALL,202.7,207.35,201.9,205.2,13480,131360,9.487624,84200,83562.13
2025-07-09 15:15:00,ATM+6,PUT,745.35,745.35,735.3,738.5,320,10120,10.370933,84200,83562.13
2025-07-09 15:15:00,ATM+7,CALL,175.05,178.35,173.7,176.35,10460,75840,9.499367,84300,83562.13
2025-07-09 15:15:00,ATM+7,PUT,816.4,816.4,808.55,808.55,80,5760,10.399466,84300,83562.13
2025-07-09 15:15:00,ATM+8,CALL,149.5,153.95,148.7,151.25,24340,93760,9.527169,84400,83562.13
2025-07-09 15:15:00,ATM+8,PUT,887.15,887.15,887.15,887.15,20,5760,10.58559,84400,83562.13
2025-07-09 15:15:00,ATM+9,CALL,127.75,130.4,126.45,129.05,18080,253540,9.55421,84500,83562.13
2025-07-09 15:15:00,ATM+9,PUT,966.35,966.35,963.15,963.15,140,35120,10.629421,84500,83562.13
2025-07-09 15:15:00,ATM+10,CALL,108.85,110.65,107.7,109.45,14460,82640,9.577699,84600,83562.13
2025-07-09 15:15:00,ATM+10,PUT,1042.35,1042.35,1042.35,1042.35,20,3020,10.694623,84600,83562.13
2025-07-09 15:16:00,ATM-10,CALL,1155.15,1155.15,1155.15,1155.15,0,3040,8.606239,82600,83550.78
2025-07-09 15:16:00,ATM-10,PUT,103.65,106.7,103.65,106.7,1940,73240,10.812223,82600,83550.78
2025-07-09 15:16:00,ATM-9,CALL,1076.55,1076.55,1076.55,1076.55,0,2980,9.109807,82700,83550.78
2025-07-09 15:16:00,ATM-9,PUT,119.4,122.35,118.85,122.35,3100,67400,10.712838,82700,83550.78
2025-07-09 15:16:00,ATM-8,CALL,991.75,994.05,991.75,994.05,140,4380,9.523107,82800,83550.78
2025-07-09 15:16:00,ATM-8,PUT,137,140.3,137,140.3,2500,82760,10.623011,82800,83550.78
2025-07-09 15:16:00,ATM-7,CALL,920.5,920.5,907.6,907.6,420,5740,9.291144,82900,83550.78
2025-07-09 15:16:00,ATM-7,PUT,157.25,161.3,157.25,161.3,1940,60260,10.557715,82900,83550.78
2025-07-09 15:16:00,ATM-6,CALL,848.55,848.55,833,834.8,1360,74900,9.410821,83000,83550.78
2025-07-09 15:16:00,ATM-6,PUT,179.45,185,179.45,185,10800,222720,10.497401,83000,83550.78
2025-07-09 15:16:00,ATM-5,CALL,773,773.3,759.7,759.7,800,10780,9.362785,83100,83550.78
2025-07-09 15:16:00,ATM-5,PUT,207.65,212.25,207.5,211,6080,58400,10.425441,83100,83550.78
2025-07-09 15:16:00,ATM-4,CALL,701.6,701.6,690.05,690.05,880,23500,9.375077,83200,83550.78
2025-07-09 15:16:00,ATM-4,PUT,237.45,243,237.45,243,6680,68740,10.434131,83200,83550.78
2025-07-09 15:16:00,ATM-3,CALL,638,638,624.8,624.8,1000,49140,9.407847,83300,83550.78
2025-07-09 15:16:00,ATM-3,PUT,270.75,276.9,270,276.9,9080,236600,10.408365,83300,83550.78
2025-07-09 15:16:00,ATM-2,CALL,573.1,573.1,560.9,560.9,2880,66980,9.38122,83400,83550.78
2025-07-09 15:16:00,ATM-2,PUT,307.2,313,307.05,313,9060,145280,10.355722,83400,83550.78
2025-07-09 15:16:00,ATM-1,CALL,513,513,501.05,501.05,15220,428140,9.361791,83500,83550.78
2025-07-09 15:16:00,ATM-1,PUT,345.95,353.7,345.95,353.7,28300,441780,10.332172,83500,83550.78
2025-07-09 15:16:00,ATM,CALL,457.6,457.6,446,446.5,19400,263220,9.375914,83600,83550.78
2025-07-09 15:16:00,ATM,PUT,390.1,399,390.1,399,17500,245280,10.334055,83600,83550.78
2025-07-09 15:16:00,ATM+1,CALL,405.3,405.5,394.3,394.3,12720,280740,9.352518,83700,83550.78
2025-07-09 15:16:00,ATM+1,PUT,436.4,445.8,436.4,445.8,10240,158280,10.287258,83700,83550.78
2025-07-09 15:16:00,ATM+2,CALL,358.4,359.35,348.85,348.85,12300,261100,9.394657,83800,83550.78
2025-07-09 15:16:00,ATM+2,PUT,489.2,499.2,489.2,499.2,11160,109200,10.310838,83800,83550.78
2025-07-09 15:16:00,ATM+3,CALL,313.3,313.4,305,305,7320,138360,9.38247,83900,83550.78
2025-07-09 15:16:00,ATM+3,PUT,544.7,555.05,544.7,555.05,3360,52960,10.308203,83900,83550.78
2025-07-09 15:16:00,ATM+4,CALL,273.05,273.05,265,265,22620,368580,9.369795,84000,83550.78
2025-07-09 15:16:00,ATM+4,PUT,605.3,616,605.3,616,4160,100760,10.343895,84000,83550.78
2025-07-09 15:16:00,ATM+5,CALL,238.15,238.15,230.15,230.15,5920,85240,9.391818,84100,83550.78
2025-07-09 15:16:00,ATM+5,PUT,670.5,680,670.05,678.85,500,14360,10.343257,84100,83550.78
2025-07-09 15:16:00,ATM+6,CALL,204.8,204.8,198.4,198.4,7700,131360,9.402247,84200,83550.78
2025-07-09 15:16:00,ATM+6,PUT,738.45,747.85,737.95,746.25,380,10120,10.374358,84200,83550.78
2025-07-09 15:16:00,ATM+7,CALL,176.6,176.6,170.4,170.4,5360,75840,9.422444,84300,83550.78
2025-07-09 15:16:00,ATM+7,PUT,815.4,815.4,814.5,814.5,60,5760,10.344779,84300,83550.78
2025-07-09 15:16:00,ATM+8,CALL,151.45,151.45,145.65,145.65,4440,93760,9.445241,84400,83550.78
2025-07-09 15:16:00,ATM+8,PUT,887.15,887.15,887.15,887.15,0,5760,10.58559,84400,83550.78
2025-07-09 15:16:00,ATM+9,CALL,129.4,129.4,124.3,124.3,7020,253540,9.482896,84500,83550.78
2025-07-09 15:16:00,ATM+9,PUT,963.15,963.15,963.15,963.15,0,35120,10.629421,84500,83550.78
2025-07-09 15:16:00,ATM+10,CALL,109.75,109.75,105.6,106,5240,82640,9.534784,84600,83550.78
2025-07-09 15:16:00,ATM+10,PUT,1042.35,1042.35,1042.35,1042.35,0,3020,10.694623,84600,83550.78
2025-07-09 15:17:00,ATM-10,CALL,1242.4,1242.4,1242.4,1242.4,20,11440,9.696853,82500,83541.36
2025-07-09 15:17:00,ATM-10,PUT,92.35,92.9,91.6,92.9,3280,184880,10.856703,82500,83541.36
2025-07-09 15:17:00,ATM-9,CALL,1076.55,1076.55,1076.55,1076.55,0,2980,9.109807,82600,83541.36
2025-07-09 15:17:00,ATM-9,PUT,106.15,107.45,105.7,107.45,2480,73240,10.780995,82600,83541.36
2025-07-09 15:17:00,ATM-8,CALL,994.05,994.05,994.05,994.05,0,4380,9.523107,82700,83541.36
2025-07-09 15:17:00,ATM-8,PUT,122.4,123.55,121.55,123.15,3020,67400,10.678781,82700,83541.36
2025-07-09 15:17:00,ATM-7,CALL,967.8,967.8,967.8,967.8,1000,4380,8.870306,82800,83541.36
2025-07-09 15:17:00,ATM-7,PUT,140.95,141.7,139.9,141.35,1920,82760,10.592226,82800,83541.36
2025-07-09 15:17:00,ATM-6,CALL,909.75,909.75,899.55,899.55,320,5740,9.271647,82900,83541.36
2025-07-09 15:17:00,ATM-6,PUT,161.3,162.75,160.35,162.75,3740,60260,10.533586,82900,83541.36
2025-07-09 15:17:00,ATM-5,CALL,837.6,837.6,826.05,826.05,1920,74900,9.362939,83000,83541.36
2025-07-09 15:17:00,ATM-5,PUT,185,186.35,183.7,185.9,11760,222720,10.451776,83000,83541.36
2025-07-09 15:17:00,ATM-4,CALL,761.8,761.8,760.35,760.35,40,10780,9.569522,83100,83541.36
2025-07-09 15:17:00,ATM-4,PUT,212.6,213.8,211.25,213,1800,58400,10.404217,83100,83541.36
2025-07-09 15:17:00,ATM-3,CALL,691.3,692.8,682.6,682.6,300,23500,9.350229,83200,83541.36
2025-07-09 15:17:00,ATM-3,PUT,242.3,244.8,241.35,243.2,4520,68740,10.359747,83200,83541.36
2025-07-09 15:17:00,ATM-2,CALL,624.2,625.95,616.5,617.3,2720,49140,9.374126,83300,83541.36
2025-07-09 15:17:00,ATM-2,PUT,276.75,278.55,275.2,278.2,7080,236600,10.356207,83300,83541.36
2025-07-09 15:17:00,ATM-1,CALL,562.5,563.4,550.05,553.7,6100,66980,9.347378,83400,83541.36
2025-07-09 15:17:00,ATM-1,PUT,312.85,315.8,311.35,315.8,8660,145280,10.333544,83400,83541.36
2025-07-09 15:17:00,ATM,CALL,500.4,504.7,495,495,21280,428140,9.347467,83500,83541.36
2025-07-09 15:17:00,ATM,PUT,354,356,350.95,356,27140,441780,10.290735,83500,83541.36
2025-07-09 15:17:00,ATM+1,CALL,446.6,450.2,440.7,441.95,14960,263220,9.388268,83600,83541.36
2025-07-09 15:17:00,ATM+1,PUT,397.1,402,396.35,402,20240,245280,10.301598,83600,83541.36
2025-07-09 15:17:00,ATM+2,CALL,395.75,399.05,391.25,391.5,14880,280740,9.397015,83700,83541.36
2025-07-09 15:17:00,ATM+2,PUT,445.55,450.5,443.45,450.5,8780,158280,10.286716,83700,83541.36
2025-07-09 15:17:00,ATM+3,CALL,349.7,352,345,345.65,10760,261100,9.421275,83800,83541.36
2025-07-09 15:17:00,ATM+3,PUT,498.75,503.55,496.75,503.1,5880,109200,10.283516,83800,83541.36
2025-07-09 15:17:00,ATM+4,CALL,305.65,308.05,302,302.75,7700,138360,9.423416,83900,83541.36
2025-07-09 15:17:00,ATM+4,PUT,554.75,560.05,553.1,559.95,1900,52960,10.296327,83900,83541.36
2025-07-09 15:17:00,ATM+5,CALL,265.15,267.55,262.05,262.35,13120,368580,9.393108,84000,83541.36
2025-07-09 15:17:00,ATM+5,PUT,616.5,621.35,613.2,620.7,2060,100760,10.31895,84000,83541.36
2025-07-09 15:17:00,ATM+6,CALL,230.6,232.5,228.9,229,4160,85240,9.445288,84100,83541.36
2025-07-09 15:17:00,ATM+6,PUT,680.4,685.4,680.4,685.4,280,14360,10.35588,84100,83541.36
2025-07-09 15:17:00,ATM+7,CALL,198.8,200.4,196.5,197.05,6540,131360,9.443984,84200,83541.36
2025-07-09 15:17:00,ATM+7,PUT,747.8,750.85,747.5,750.85,180,10120,10.328809,84200,83541.36
2025-07-09 15:17:00,ATM+8,CALL,170.95,173.15,169.8,170.3,5800,75840,9.492702,84300,83541.36
2025-07-09 15:17:00,ATM+8,PUT,887.15,887.15,887.15,887.15,0,5760,10.58559,84300,83541.36
2025-07-09 15:17:00,ATM+9,CALL,147.05,147.4,145,145.05,14660,93760,9.496321,84400,83541.36
2025-07-09 15:17:00,ATM+9,PUT,900,900,900,900,180,5760,10.51979,84400,83541.36
2025-07-09 15:17:00,ATM+10,CALL,124.8,126.15,123.3,123.9,9040,253540,9.53543,84500,83541.36
2025-07-09 15:17:00,ATM+10,PUT,973.2,973.2,972.85,972.85,60,35120,10.447393,84500,83541.36
2025-07-09 15:18:00,ATM-10,CALL,1230.25,1230.25,1230.25,1230.25,20,11440,9.568576,82500,83530.74
2025-07-09 15:18:00,ATM-10,PUT,92.2,95.1,91.4,94.6,10200,185520,10.859923,82500,83530.74
2025-07-09 15:18:00,ATM-9,CALL,1076.55,1076.55,1076.55,1076.55,0,2980,9.109807,82600,83530.74
2025-07-09 15:18:00,ATM-9,PUT,107.25,109.75,105.75,108.75,6840,71060,10.761849,82600,83530.74
2025-07-09 15:18:00,ATM-8,CALL,1061.6,1061.6,1061.6,1061.6,20,3060,9.612362,82700,83530.74
2025-07-09 15:18:00,ATM-8,PUT,123.2,126.1,121.9,126,6280,63280,10.705712,82700,83530.74
2025-07-09 15:18:00,ATM-7,CALL,980,980,967.6,967.6,80,4940,9.172815,82800,83530.74
2025-07-09 15:18:00,ATM-7,PUT,141.65,145.1,140.2,145.1,4520,79740,10.637981,82800,83530.74
2025-07-09 15:18:00,ATM-6,CALL,903.7,903.7,890,890,360,5840,9.233779,82900,83530.74
2025-07-09 15:18:00,ATM-6,PUT,162.4,166.6,160.85,165.25,6340,60060,10.531428,82900,83530.74
2025-07-09 15:18:00,ATM-5,CALL,828.3,828.5,816,816,2700,74340,9.30299,83000,83530.74
2025-07-09 15:18:00,ATM-5,PUT,184.95,190.55,184.25,189.55,22820,217840,10.473901,83000,83530.74
2025-07-09 15:18:00,ATM-4,CALL,753.2,753.2,744.15,745.1,300,10180,9.359865,83100,83530.74
2025-07-09 15:18:00,ATM-4,PUT,211.85,218.65,211.8,218,7480,59240,10.452927,83100,83530.74
2025-07-09 15:18:00,ATM-3,CALL,683.65,684.4,674.95,678.35,2180,22900,9.42988,83200,83530.74
2025-07-09 15:18:00,ATM-3,PUT,244.85,249.9,242.65,248.75,11620,70200,10.412026,83200,83530.74
2025-07-09 15:18:00,ATM-2,CALL,619,619,608.55,608.55,1840,47320,9.327889,83300,83530.74
2025-07-09 15:18:00,ATM-2,PUT,278.4,284.85,277,283.6,10840,231060,10.394232,83300,83530.74
2025-07-09 15:18:00,ATM-1,CALL,555.5,555.5,546.45,548.4,4560,62860,9.376742,83400,83530.74
2025-07-09 15:18:00,ATM-1,PUT,315.3,322.6,313.5,321.1,16320,139460,10.359401,83400,83530.74
2025-07-09 15:18:00,ATM,CALL,496.45,496.8,486.6,488.35,20320,403360,9.334337,83500,83530.74
2025-07-09 15:18:00,ATM,PUT,355.05,364.6,352.95,362.9,41740,442300,10.345205,83500,83530.74
2025-07-09 15:18:00,ATM+1,CALL,443,443,434.15,436.85,17340,246200,9.401789,83600,83530.74
2025-07-09 15:18:00,ATM+1,PUT,401.7,410.55,398.6,407.95,22980,235540,10.32429,83600,83530.74
2025-07-09 15:18:00,ATM+2,CALL,392.05,394.35,384.65,386.65,16920,267400,9.406514,83700,83530.74
2025-07-09 15:18:00,ATM+2,PUT,449.6,458.55,448.05,458.3,19480,159620,10.343665,83700,83530.74
2025-07-09 15:18:00,ATM+3,CALL,346.25,347.6,338.1,340.9,16440,249320,9.423356,83800,83530.74
2025-07-09 15:18:00,ATM+3,PUT,502.7,513.4,501.7,512,9140,104820,10.357679,83800,83530.74
2025-07-09 15:18:00,ATM+4,CALL,304.15,304.15,296.2,297.2,10040,132520,9.396455,83900,83530.74
2025-07-09 15:18:00,ATM+4,PUT,560.55,571.75,558.7,571.75,4840,51380,10.431723,83900,83530.74
2025-07-09 15:18:00,ATM+5,CALL,263.7,264.5,256.95,258.85,21600,363000,9.405852,84000,83530.74
2025-07-09 15:18:00,ATM+5,PUT,619.35,631.1,618.4,630.85,5000,100380,10.408098,84000,83530.74
2025-07-09 15:18:00,ATM+6,CALL,230,230,222.9,224.65,7140,79000,9.427014,84100,83530.74
2025-07-09 15:18:00,ATM+6,PUT,686,697.2,684.4,696.4,1140,13880,10.460105,84100,83530.74
2025-07-09 15:18:00,ATM+7,CALL,198.8,198.8,192.05,194,5640,128860,9.449579,84200,83530.74
2025-07-09 15:18:00,ATM+7,PUT,753.65,768.2,753.65,768.2,740,9800,10.593209,84200,83530.74
2025-07-09 15:18:00,ATM+8,CALL,171,171,165.1,166.25,4260,71800,9.460664,84300,83530.74
2025-07-09 15:18:00,ATM+8,PUT,826.65,839.85,826.65,839.85,100,5700,10.648706,84300,83530.74
2025-07-09 15:18:00,ATM+9,CALL,145.95,146.2,140.9,142.85,9740,90000,9.507771,84400,83530.74
2025-07-09 15:18:00,ATM+9,PUT,900,911,900,911,400,5820,10.610934,84400,83530.74
2025-07-09 15:18:00,ATM+10,CALL,124.4,124.55,120,121.75,20420,247120,9.539603,84500,83530.74
2025-07-09 15:18:00,ATM+10,PUT,978.7,1008.7,978.7,1008.7,1100,34980,11.277579,84500,83530.74
2025-07-09 15:19:00,ATM-10,CALL,1228.7,1228.7,1224.3,1224.3,100,11400,9.344516,82500,83529.53
2025-07-09 15:19:00,ATM-10,PUT,94.2,95.85,93.85,94.9,12780,185520,10.864861,82500,83529.53
2025-07-09 15:19:00,ATM-9,CALL,1076.55,1076.55,1076.55,1076.55,0,2980,9.109807,82600,83529.53
2025-07-09 15:19:00,ATM-9,PUT,108.5,110,108,109,3960,71060,10.763785,82600,83529.53
2025-07-09 15:19:00,ATM-8,CALL,1055,1055,1055,1055,40,3060,9.406016,82700,83529.53
2025-07-09 15:19:00,ATM-8,PUT,124.75,126.25,124.55,125.7,3420,63280,10.688107,82700,83529.53
2025-07-09 15:19:00,ATM-7,CALL,967.6,967.6,967.6,967.6,0,4940,9.172815,82800,83529.53
2025-07-09 15:19:00,ATM-7,PUT,143.4,144.85,142.9,144.3,5260,79740,10.604888,82800,83529.53
2025-07-09 15:19:00,ATM-6,CALL,895.05,896.5,891.35,896.35,180,5840,9.465015,82900,83529.53
2025-07-09 15:19:00,ATM-6,PUT,164.75,166.3,163.9,165.1,3760,60060,10.518666,82900,83529.53
2025-07-09 15:19:00,ATM-5,CALL,820,823.05,819.95,820.8,660,74340,9.471087,83000,83529.53
2025-07-09 15:19:00,ATM-5,PUT,188.9,190.6,188,189.6,14880,217840,10.466512,83000,83529.53
2025-07-09 15:19:00,ATM-4,CALL,747.75,747.85,745.35,747.85,120,10180,9.460214,83100,83529.53
2025-07-09 15:19:00,ATM-4,PUT,217.65,218.55,215.85,217.55,2960,59240,10.431582,83100,83529.53
2025-07-09 15:19:00,ATM-3,CALL,679.7,681.9,678,681.9,1000,22900,9.544741,83200,83529.53
2025-07-09 15:19:00,ATM-3,PUT,247.2,249.2,245.9,247.55,3080,70200,10.371365,83200,83529.53
2025-07-09 15:19:00,ATM-2,CALL,613.7,614.4,612.4,613.3,580,47320,9.467273,83300,83529.53
2025-07-09 15:19:00,ATM-2,PUT,283,284.2,281.5,283.35,4880,231060,10.377473,83300,83529.53
2025-07-09 15:19:00,ATM-1,CALL,549.95,554,549.3,550.8,2960,62860,9.453582,83400,83529.53
2025-07-09 15:19:00,ATM-1,PUT,321,322.15,318.75,320.85,8360,139460,10.342079,83400,83529.53
2025-07-09 15:19:00,ATM,CALL,491.35,494.35,488.45,493,12780,403360,9.461815,83500,83529.53
2025-07-09 15:19:00,ATM,PUT,361.65,363.35,360,361,33180,442300,10.288107,83500,83529.53
2025-07-09 15:19:00,ATM+1,CALL,438.2,440.45,435.9,438.75,16580,246200,9.462103,83600,83529.53
2025-07-09 15:19:00,ATM+1,PUT,407.45,409,405.45,406.4,16220,235540,10.274954,83600,83529.53
2025-07-09 15:19:00,ATM+2,CALL,387.95,390.6,387,389.5,10880,267400,9.487788,83700,83529.53
2025-07-09 15:19:00,ATM+2,PUT,456.2,457.65,453.35,454.25,7640,159620,10.234905,83700,83529.53
2025-07-09 15:19:00,ATM+3,CALL,342.65,344.5,341.15,343.1,4460,249320,9.488777,83800,83529.53
2025-07-09 15:19:00,ATM+3,PUT,510.55,511.7,508,508.7,2600,104820,10.26487,83800,83529.53
2025-07-09 15:19:00,ATM+4,CALL,299.15,301.25,298.45,301.2,4680,132520,9.505013,83900,83529.53
2025-07-09 15:19:00,ATM+4,PUT,565,568.9,564.7,564.95,7360,51380,10.253,83900,83529.53
2025-07-09 15:19:00,ATM+5,CALL,260,261.9,259.4,261.45,12360,363000,9.48172,84000,83529.53
2025-07-09 15:19:00,ATM+5,PUT,628,630,625.75,627.45,1600,100380,10.307323,84000,83529.53
2025-07-09 15:19:00,ATM+6,CALL,226,227.6,225.45,227.55,2920,79000,9.512161,84100,83529.53
2025-07-09 15:19:00,ATM+6,PUT,694.65,696.5,691.9,692.85,980,13880,10.351515,84100,83529.53
2025-07-09 15:19:00,ATM+7,CALL,195,196.65,193.95,195.95,4240,128860,9.512139,84200,83529.53
2025-07-09 15:19:00,ATM+7,PUT,759.65,764.8,759.65,763.25,220,9800,10.443268,84200,83529.53
2025-07-09 15:19:00,ATM+8,CALL,167,168.85,166.7,167.95,2620,71800,9.518516,84300,83529.53
2025-07-09 15:19:00,ATM+8,PUT,831.45,831.55,831.45,831.55,40,5700,10.399703,84300,83529.53
2025-07-09 15:19:00,ATM+9,CALL,143.4,144.75,142.55,143.75,1000,90000,9.544175,84400,83529.53
2025-07-09 15:19:00,ATM+9,PUT,909.2,909.2,909.2,909.2,20,5820,10.534133,84400,83529.53
2025-07-09 15:19:00,ATM+10,CALL,122.2,123.2,120.9,122.5,6420,247120,9.572695,84500,83529.53
2025-07-09 15:19:00,ATM+10,PUT,991.8,991.8,991.8,991.8,20,34980,10.747831,84500,83529.53
2025-07-09 15:20:00,ATM-10,CALL,1238.9,1238.9,1238.9,1238.9,20,11400,9.471384,82500,83543.06
2025-07-09 15:20:00,ATM-10,PUT,95.2,96.85,92.95,93.45,16180,185520,10.890311,82500,83543.06
2025-07-09 15:20:00,ATM-9,CALL,1151.3,1151.3,1151.3,1151.3,40,3040,9.428453,82600,83543.06
2025-07-09 15:20:00,ATM-9,PUT,109.1,111.2,106.5,107.6,7760,71060,10.798753,82600,83543.06
2025-07-09 15:20:00,ATM-8,CALL,1061.6,1070.8,1061.6,1067.4,260,3060,9.448498,82700,83543.06
2025-07-09 15:20:00,ATM-8,PUT,125.65,128.2,123.25,123.6,8040,63280,10.706805,82700,83543.06
2025-07-09 15:20:00,ATM-7,CALL,967.6,967.6,967.6,967.6,0,4940,9.172815,82800,83543.06
2025-07-09 15:20:00,ATM-7,PUT,143.8,147.2,141.8,141.8,19420,79740,10.619747,82800,83543.06
2025-07-09 15:20:00,ATM-6,CALL,901,912.9,901,909.65,80,5840,9.552766,82900,83543.06
2025-07-09 15:20:00,ATM-6,PUT,165.25,169.2,163.05,163.7,21780,60060,10.575721,82900,83543.06
2025-07-09 15:20:00,ATM-5,CALL,825,838,825,833.4,760,74340,9.544418,83000,83543.06
2025-07-09 15:20:00,ATM-5,PUT,189.05,192.6,186.45,187.05,27920,217840,10.498639,83000,83543.06
2025-07-09 15:20:00,ATM-4,CALL,761.25,761.9,758.6,760.15,740,10180,9.532999,83100,83543.06
2025-07-09 15:20:00,ATM-4,PUT,216.7,220.8,214.1,215,14220,59240,10.473022,83100,83543.06
2025-07-09 15:20:00,ATM-3,CALL,681.95,694,681.95,691.4,1780,22900,9.553137,83200,83543.06
2025-07-09 15:20:00,ATM-3,PUT,248.35,251.5,244.15,245,16900,70200,10.421944,83200,83543.06
2025-07-09 15:20:00,ATM-2,CALL,615.2,630,615.2,626.3,2960,47320,9.575103,83300,83543.06
2025-07-09 15:20:00,ATM-2,PUT,283.15,286.1,278.8,279.35,14560,231060,10.401516,83300,83543.06
2025-07-09 15:20:00,ATM-1,CALL,553.15,566.45,553.15,562,5120,62860,9.526445,83400,83543.06
2025-07-09 15:20:00,ATM-1,PUT,320.2,323.45,315.9,317,14180,139460,10.380254,83400,83543.06
2025-07-09 15:20:00,ATM,CALL,493.95,507.7,493.95,502.4,31540,403360,9.502589,83500,83543.06
2025-07-09 15:20:00,ATM,PUT,362,364.35,356.2,357.45,38220,442300,10.343884,83500,83543.06
2025-07-09 15:20:00,ATM+1,CALL,438.8,453.45,438.8,449.95,45580,246200,9.55697,83600,83543.06
2025-07-09 15:20:00,ATM+1,PUT,406.45,410.35,401.6,401.7,45960,235540,10.314506,83600,83543.06
2025-07-09 15:20:00,ATM+2,CALL,390.85,403.45,390.45,398.75,41560,267400,9.54911,83700,83543.06
2025-07-09 15:20:00,ATM+2,PUT,456.8,459.35,450.45,450.45,24020,159620,10.306827,83700,83543.06
2025-07-09 15:20:00,ATM+3,CALL,344.85,356.25,344.8,352.6,35460,249320,9.568757,83800,83543.06
2025-07-09 15:20:00,ATM+3,PUT,508.75,511,502.9,504.3,11520,104820,10.334504,83800,83543.06
2025-07-09 15:20:00,ATM+4,CALL,302.2,312.65,302.2,309.4,20520,132520,9.567562,83900,83543.06
2025-07-09 15:20:00,ATM+4,PUT,566.9,567.15,559.35,560,10160,51380,10.321975,83900,83543.06
2025-07-09 15:20:00,ATM+5,CALL,262.2,272.45,262.2,269.35,42880,363000,9.551057,84000,83543.06
2025-07-09 15:20:00,ATM+5,PUT,627.05,627.8,614.65,620.45,7800,100380,10.339208,84000,83543.06
2025-07-09 15:20:00,ATM+6,CALL,228.2,237.1,228.2,233.75,13840,79000,9.553129,84100,83543.06
2025-07-09 15:20:00,ATM+6,PUT,692.95,693.05,685.3,685.95,1420,13880,10.398091,84100,83543.06
2025-07-09 15:20:00,ATM+7,CALL,196,205.2,196,201.5,16800,128860,9.550214,84200,83543.06
2025-07-09 15:20:00,ATM+7,PUT,761.15,761.3,752.5,756.25,440,9800,10.499808,84200,83543.06
2025-07-09 15:20:00,ATM+8,CALL,168.9,176.55,168.75,173.35,14940,71800,9.566931,84300,83543.06
2025-07-09 15:20:00,ATM+8,PUT,831.3,831.3,826.25,826.25,160,5700,10.516541,84300,83543.06
2025-07-09 15:20:00,ATM+9,CALL,144.45,151.9,144.45,149,38340,90000,9.603454,84400,83543.06
2025-07-09 15:20:00,ATM+9,PUT,900,900,899.7,899.7,40,5820,10.547628,84400,83543.06
2025-07-09 15:20:00,ATM+10,CALL,123.15,128.7,123.1,126.55,24680,247120,9.610275,84500,83543.06
2025-07-09 15:20:00,ATM+10,PUT,967.6,980.45,967.6,978,1200,34980,10.642656,84500,83543.06
2025-07-09 15:21:00,ATM-10,CALL,1241.4,1252,1241.4,1250,100,11380,9.704168,82500,83549.98
2025-07-09 15:21:00,ATM-10,PUT,93.3,93.8,88.65,88.65,15300,186280,10.74081,82500,83549.98
2025-07-09 15:21:00,ATM-9,CALL,1164.8,1164.8,1164.8,1164.8,20,3040,9.742279,82600,83549.98
2025-07-09 15:21:00,ATM-9,PUT,107.2,108,101.9,102.15,7540,69840,10.6415,82600,83549.98
2025-07-09 15:21:00,ATM-8,CALL,1079.35,1079.35,1077.15,1077.15,60,3040,9.598853,82700,83549.98
2025-07-09 15:21:00,ATM-8,PUT,123.6,124.4,118.05,118.05,6420,60000,10.562448,82700,83549.98
2025-07-09 15:21:00,ATM-7,CALL,990.6,990.6,990.6,990.6,40,4040,9.431285,82800,83549.98
2025-07-09 15:21:00,ATM-7,PUT,142.4,143.05,133.75,133.75,14080,78980,10.409536,82800,83549.98
2025-07-09 15:21:00,ATM-6,CALL,910.3,920,910.3,920,140,5940,9.709541,82900,83549.98
2025-07-09 15:21:00,ATM-6,PUT,163.45,164.25,156.3,156.5,8080,59320,10.409988,82900,83549.98
2025-07-09 15:21:00,ATM-5,CALL,835.75,844.85,834.55,842.85,2340,73940,9.670354,83000,83549.98
2025-07-09 15:21:00,ATM-5,PUT,187.1,187.75,179.8,179.8,24360,222100,10.346011,83000,83549.98
2025-07-09 15:21:00,ATM-4,CALL,765.55,772,765.55,766.15,260,10180,9.5623,83100,83549.98
2025-07-09 15:21:00,ATM-4,PUT,215.1,215.25,206.45,206.45,8140,54080,10.298503,83100,83549.98
2025-07-09 15:21:00,ATM-3,CALL,691.55,702.05,689.15,696.05,1100,22820,9.551743,83200,83549.98
2025-07-09 15:21:00,ATM-3,PUT,245.2,246.65,235.6,235.6,13220,70200,10.238392,83200,83549.98
2025-07-09 15:21:00,ATM-2,CALL,625.8,635,625.5,632.25,1840,47320,9.612761,83300,83549.98
2025-07-09 15:21:00,ATM-2,PUT,280.5,281,269.45,269.9,15200,229600,10.228939,83300,83549.98
2025-07-09 15:21:00,ATM-1,CALL,563.85,571.5,562.2,568.3,5100,60720,9.577565,83400,83549.98
2025-07-09 15:21:00,ATM-1,PUT,317.25,317.95,306,306.5,17080,139460,10.192717,83400,83549.98
2025-07-09 15:21:00,ATM,CALL,504.05,511,501.5,508.35,21800,403360,9.550439,83500,83549.98
2025-07-09 15:21:00,ATM,PUT,358.1,359.25,346.95,347.45,38680,434580,10.17768,83500,83549.98
2025-07-09 15:21:00,ATM+1,CALL,449.45,456.95,447.7,453.4,20820,244940,9.551776,83600,83549.98
2025-07-09 15:21:00,ATM+1,PUT,402.15,404.35,390.45,391.4,30920,235540,10.149008,83600,83549.98
2025-07-09 15:21:00,ATM+2,CALL,400.85,406.4,398,402.8,25840,264600,9.564248,83700,83549.98
2025-07-09 15:21:00,ATM+2,PUT,451.3,453.05,439.15,439.15,16060,147200,10.124372,83700,83549.98
2025-07-09 15:21:00,ATM+3,CALL,353.65,358.4,351.5,354.8,23840,242740,9.546759,83800,83549.98
2025-07-09 15:21:00,ATM+3,PUT,503.6,505.55,490.3,491,10560,99100,10.110034,83800,83549.98
2025-07-09 15:21:00,ATM+4,CALL,310,314.15,308.1,310.2,11240,132820,9.518125,83900,83549.98
2025-07-09 15:21:00,ATM+4,PUT,559.95,562.95,547.2,548.95,6200,49280,10.154002,83900,83549.98
2025-07-09 15:21:00,ATM+5,CALL,269.75,273.95,268.65,270.7,20920,361200,9.5202,84000,83549.98
2025-07-09 15:21:00,ATM+5,PUT,621.7,622.35,606.55,606.55,3980,99400,10.104185,84000,83549.98
2025-07-09 15:21:00,ATM+6,CALL,234.85,237.8,233.75,234.45,9140,76920,9.511106,84100,83549.98
2025-07-09 15:21:00,ATM+6,PUT,688.05,688.05,671.05,672.75,920,13220,10.179515,84100,83549.98
2025-07-09 15:21:00,ATM+7,CALL,201.9,205.05,201.55,202.5,10980,128280,9.520628,84200,83549.98
2025-07-09 15:21:00,ATM+7,PUT,752.6,752.6,738.9,739.55,440,9720,10.188067,84200,83549.98
2025-07-09 15:21:00,ATM+8,CALL,174,176.5,173.5,173.95,8320,70860,9.530942,84300,83549.98
2025-07-09 15:21:00,ATM+8,PUT,821.45,821.45,807.45,807.45,720,5640,10.139234,84300,83549.98
2025-07-09 15:21:00,ATM+9,CALL,149.35,151.15,148.65,148.9,11420,98140,9.550748,84400,83549.98
2025-07-09 15:21:00,ATM+9,PUT,901.8,901.8,883.1,884.25,220,5680,10.252197,84400,83549.98
2025-07-09 15:21:00,ATM+10,CALL,126.5,128.45,126.4,126.85,19720,246860,9.572772,84500,83549.98
2025-07-09 15:21:00,ATM+10,PUT,979.95,979.95,961.4,961.4,520,34920,10.300855,84500,83549.98
2025-07-09 15:22:00,ATM-10,CALL,1243.4,1243.4,1243.4,1243.4,100,11380,9.601149,82500,83545.05
2025-07-09 15:22:00,ATM-10,PUT,89,89.15,87.3,88.8,4620,186280,10.717888,82500,83545.05
2025-07-09 15:22:00,ATM-9,CALL,1167.4,1167.4,1167.4,1167.4,20,3040,10.015104,82600,83545.05
2025-07-09 15:22:00,ATM-9,PUT,102.55,103.15,101,102.85,4020,69840,10.637293,82600,83545.05
2025-07-09 15:22:00,ATM-8,CALL,1077.15,1077.15,1077.15,1077.15,0,3040,9.598853,82700,83545.05
2025-07-09 15:22:00,ATM-8,PUT,117.9,118.9,116.1,118.9,4080,60000,10.5601,82700,83545.05
2025-07-09 15:22:00,ATM-7,CALL,990.6,990.6,990.6,990.6,0,4040,9.431285,82800,83545.05
2025-07-09 15:22:00,ATM-7,PUT,136,136.8,134.3,136.25,2720,78980,10.457012,82800,83545.05
2025-07-09 15:22:00,ATM-6,CALL,920,920,920,920,0,5940,9.709541,82900,83545.05
2025-07-09 15:22:00,ATM-6,PUT,156.8,157,154.05,156.8,3700,59320,10.384159,82900,83545.05
2025-07-09 15:22:00,ATM-5,CALL,843.25,845.65,839.2,841.25,340,73940,9.732176,83000,83545.05
2025-07-09 15:22:00,ATM-5,PUT,180,180.1,176.9,180.1,12120,222100,10.317784,83000,83545.05
2025-07-09 15:22:00,ATM-4,CALL,767.7,767.7,763.9,763.9,220,10180,9.598804,83100,83545.05
2025-07-09 15:22:00,ATM-4,PUT,205.65,207.2,204,207.1,4600,54080,10.277198,83100,83545.05
2025-07-09 15:22:00,ATM-3,CALL,697.2,700.5,694.95,695,600,22820,9.613505,83200,83545.05
2025-07-09 15:22:00,ATM-3,PUT,235.95,237.55,233.2,237.1,3520,70200,10.235997,83200,83545.05
2025-07-09 15:22:00,ATM-2,CALL,628.8,633.1,626.1,626.1,1340,47320,9.539304,83300,83545.05
2025-07-09 15:22:00,ATM-2,PUT,270,271.5,266.65,271.15,3600,229600,10.21629,83300,83545.05
2025-07-09 15:22:00,ATM-1,CALL,565.35,572.75,564.5,564.5,3340,60720,9.559272,83400,83545.05
2025-07-09 15:22:00,ATM-1,PUT,307,308,302.6,307.4,7880,139460,10.167832,83400,83545.05
2025-07-09 15:22:00,ATM,CALL,505.45,510.3,503.75,503.75,13040,403360,9.509101,83500,83545.05
2025-07-09 15:22:00,ATM,PUT,347.4,347.9,342.6,347.4,15940,434580,10.126562,83500,83545.05
2025-07-09 15:22:00,ATM+1,CALL,451.55,455.7,449.65,450,12780,244940,9.534686,83600,83545.05
2025-07-09 15:22:00,ATM+1,PUT,391.95,392.55,387,391.95,14140,235540,10.108377,83600,83545.05
2025-07-09 15:22:00,ATM+2,CALL,401.8,403.8,397.7,400.55,13260,264600,9.569628,83700,83545.05
2025-07-09 15:22:00,ATM+2,PUT,440.5,441,435,440.2,7900,147200,10.091337,83700,83545.05
2025-07-09 15:22:00,ATM+3,CALL,353.3,356.4,351.5,353,5680,242740,9.558235,83800,83545.05
2025-07-09 15:22:00,ATM+3,PUT,492.45,492.7,486.2,492.2,2940,99100,10.076087,83800,83545.05
2025-07-09 15:22:00,ATM+4,CALL,310.15,312.6,307.85,309,7180,132820,9.539539,83900,83545.05
2025-07-09 15:22:00,ATM+4,PUT,547.15,548,542.4,548,5900,49280,10.064109,83900,83545.05
2025-07-09 15:22:00,ATM+5,CALL,270.15,272.25,267.75,269.05,8880,361200,9.526556,84000,83545.05
2025-07-09 15:22:00,ATM+5,PUT,605.4,609.1,601.9,608.5,1220,99400,10.078584,84000,83545.05
2025-07-09 15:22:00,ATM+6,CALL,235.95,236.4,232.5,232.5,2480,76920,9.505458,84100,83545.05
2025-07-09 15:22:00,ATM+6,PUT,673,673,668.5,672.4,620,13220,10.091208,84100,83545.05
2025-07-09 15:22:00,ATM+7,CALL,202.5,203.95,200.2,201.6,2500,128280,9.537932,84200,83545.05
2025-07-09 15:22:00,ATM+7,PUT,740.15,741,735,741,460,9720,10.138989,84200,83545.05
2025-07-09 15:22:00,ATM+8,CALL,174.1,175.3,172.5,173.3,2180,70860,9.551547,84300,83545.05
2025-07-09 15:22:00,ATM+8,PUT,812.25,812.25,812.25,812.25,40,5640,10.174884,84300,83545.05
2025-07-09 15:22:00,ATM+9,CALL,149.05,150.15,146.75,148.7,4280,98140,9.581412,84400,83545.05
2025-07-09 15:22:00,ATM+9,PUT,884.25,884.25,884.25,884.25,0,5680,10.252197,84400,83545.05
2025-07-09 15:22:00,ATM+10,CALL,126.65,127.25,125.2,125.6,10220,246860,9.567666,84500,83545.05
2025-07-09 15:22:00,ATM+10,PUT,958,962.05,958,961.5,360,34920,10.188523,84500,83545.05
2025-07-09 15:23:00,ATM-10,CALL,1246.15,1246.15,1246.15,1246.15,20,11380,10.053663,82500,83536.53
2025-07-09 15:23:00,ATM-10,PUT,89.2,91.35,89.1,89.75,9500,186280,10.705457,82500,83536.53
2025-07-09 15:23:00,ATM-9,CALL,1158,1158,1158,1158,20,3040,9.929975,82600,83536.53
2025-07-09 15:23:00,ATM-9,PUT,102.6,105.1,102.6,103.6,3680,69840,10.612293,82600,83536.53
2025-07-09 15:23:00,ATM-8,CALL,1070.65,1070.65,1070.65,1070.65,20,3040,9.773206,82700,83536.53
2025-07-09 15:23:00,ATM-8,PUT,118.5,121.45,118.5,119.2,3060,60000,10.515211,82700,83536.53
2025-07-09 15:23:00,ATM-7,CALL,993.05,993.05,993.05,993.05,20,4040,9.883161,82800,83536.53
2025-07-09 15:23:00,ATM-7,PUT,136.35,139.35,136.35,137.25,7080,78980,10.431244,82800,83536.53
2025-07-09 15:23:00,ATM-6,CALL,917.55,917.65,910.35,915,240,5940,9.879451,82900,83536.53
2025-07-09 15:23:00,ATM-6,PUT,156.65,159.8,156.65,158.95,2040,59320,10.387953,82900,83536.53
2025-07-09 15:23:00,ATM-5,CALL,840,841.25,837,838.5,1060,73940,9.837037,83000,83536.53
2025-07-09 15:23:00,ATM-5,PUT,179.55,184.75,179.55,181.4,15460,222100,10.290624,83000,83536.53
2025-07-09 15:23:00,ATM-4,CALL,766,766.8,765.1,765.5,420,10180,9.810188,83100,83536.53
2025-07-09 15:23:00,ATM-4,PUT,206.8,210.95,206.8,207.55,6140,54080,10.22162,83100,83536.53
2025-07-09 15:23:00,ATM-3,CALL,695.1,700,694,700,620,22820,9.895347,83200,83536.53
2025-07-09 15:23:00,ATM-3,PUT,236.25,241.35,236.25,238,5100,70200,10.187441,83200,83536.53
2025-07-09 15:23:00,ATM-2,CALL,630.1,631,626.75,630,840,47320,9.775667,83300,83536.53
2025-07-09 15:23:00,ATM-2,PUT,270.45,276.05,270.25,272.3,3320,229600,10.16858,83300,83536.53
2025-07-09 15:23:00,ATM-1,CALL,566.95,568.4,563.95,566.65,3220,60720,9.738267,83400,83536.53
2025-07-09 15:23:00,ATM-1,PUT,306.85,312.95,306.85,308.1,6420,139460,10.103443,83400,83536.53
2025-07-09 15:23:00,ATM,CALL,505.4,507.4,502.5,507.4,11480,403360,9.712309,83500,83536.53
2025-07-09 15:23:00,ATM,PUT,347.7,352.2,346.55,348,17880,434580,10.053855,83500,83536.53
2025-07-09 15:23:00,ATM+1,CALL,451.8,453.5,449,452.75,14060,244940,9.706515,83600,83536.53
2025-07-09 15:23:00,ATM+1,PUT,392.05,397.25,391.2,392.1,19840,235540,10.018635,83600,83536.53
2025-07-09 15:23:00,ATM+2,CALL,401.15,402.15,398.35,401.3,14660,264600,9.686401,83700,83536.53
2025-07-09 15:23:00,ATM+2,PUT,440.6,445.9,439.7,441,10880,147200,10.0097,83700,83536.53
2025-07-09 15:23:00,ATM+3,CALL,352.95,355.4,351.75,354,12360,242740,9.673862,83800,83536.53
2025-07-09 15:23:00,ATM+3,PUT,492.05,497.75,491.8,492.2,2960,99100,9.967735,83800,83536.53
2025-07-09 15:23:00,ATM+4,CALL,310.45,310.8,308,310.7,5260,132820,9.665908,83900,83536.53
2025-07-09 15:23:00,ATM+4,PUT,549.2,553.45,549,549,440,49280,9.970603,83900,83536.53
2025-07-09 15:23:00,ATM+5,CALL,269.05,270,267.05,269.35,23220,361200,9.613913,84000,83536.53
2025-07-09 15:23:00,ATM+5,PUT,607.75,613,606.5,610.15,3240,99400,9.99136,84000,83536.53
2025-07-09 15:23:00,ATM+6,CALL,233.4,234.8,232.7,234.6,3300,76920,9.633665,84100,83536.53
2025-07-09 15:23:00,ATM+6,PUT,673.1,678.3,673.1,678.3,240,13220,10.100928,84100,83536.53
2025-07-09 15:23:00,ATM+7,CALL,201.25,202.5,200.6,202.5,4640,128280,9.632174,84200,83536.53
2025-07-09 15:23:00,ATM+7,PUT,740,744.55,740,743.9,380,9720,10.063142,84200,83536.53
2025-07-09 15:23:00,ATM+8,CALL,173.5,174.2,172.75,173.7,3220,70860,9.629015,84300,83536.53
2025-07-09 15:23:00,ATM+8,PUT,811.75,815.65,811.75,815.65,200,5640,10.101815,84300,83536.53
2025-07-09 15:23:00,ATM+9,CALL,148.65,149.35,147.75,148.95,2700,98140,9.651481,84400,83536.53
2025-07-09 15:23:00,ATM+9,PUT,890.65,890.65,890.65,890.65,60,5680,10.14968,84400,83536.53
2025-07-09 15:23:00,ATM+10,CALL,126.1,126.7,125.5,126.05,8940,246860,9.641256,84500,83536.53
2025-07-09 15:23:00,ATM+10,PUT,964.75,971.9,964.75,968.4,320,34920,10.199029,84500,83536.53
2025-07-09 15:24:00,ATM-10,CALL,1234.55,1235,1234.55,1235,580,11300,9.32254,82500,83542.33
2025-07-09 15:24:00,ATM-10,PUT,89.5,92.45,89.1,91.65,15540,187680,10.816667,82500,83542.33
2025-07-09 15:24:00,ATM-9,CALL,1152.4,1152.4,1152.4,1152.4,500,2980,9.504968,82600,83542.33
2025-07-09 15:24:00,ATM-9,PUT,102.6,106.4,102.2,105.45,5640,66340,10.717391,82600,83542.33
2025-07-09 15:24:00,ATM-8,CALL,1058.4,1058.4,1058.4,1058.4,820,2940,9.130856,82700,83542.33
2025-07-09 15:24:00,ATM-8,PUT,118.85,123.2,118.1,121.6,6800,57800,10.635889,82700,83542.33
2025-07-09 15:24:00,ATM-7,CALL,972.45,972.45,972.45,972.45,1000,4000,9.015574,82800,83542.33
2025-07-09 15:24:00,ATM-7,PUT,137.1,141,136,139.45,6400,63940,10.54187,82800,83542.33
2025-07-09 15:24:00,ATM-6,CALL,900,900,900,900,1020,5920,9.268152,82900,83542.33
2025-07-09 15:24:00,ATM-6,PUT,157.05,162.3,155.5,161.3,5480,52060,10.500702,82900,83542.33
2025-07-09 15:24:00,ATM-5,CALL,843.95,843.95,826.6,826.6,2200,72120,9.363832,83000,83542.33
2025-07-09 15:24:00,ATM-5,PUT,180.4,186.8,179.05,184.25,14540,214280,10.415874,83000,83542.33
2025-07-09 15:24:00,ATM-4,CALL,768.85,768.85,755.2,757.75,1340,9720,9.484627,83100,83542.33
2025-07-09 15:24:00,ATM-4,PUT,207.5,213.65,206.05,211.65,11520,54880,10.379016,83100,83542.33
2025-07-09 15:24:00,ATM-3,CALL,700,700,688.55,688.55,2420,22920,9.494836,83200,83542.33
2025-07-09 15:24:00,ATM-3,PUT,236.85,245,235,242.95,7280,60260,10.364799,83200,83542.33
2025-07-09 15:24:00,ATM-2,CALL,631.9,634.1,617.3,622.1,3460,45320,9.484663,83300,83542.33
2025-07-09 15:24:00,ATM-2,PUT,271.4,278.8,269.55,278.25,14260,225060,10.369396,83300,83542.33
2025-07-09 15:24:00,ATM-1,CALL,568,569.45,555.1,561.4,6080,60100,9.525827,83400,83542.33
2025-07-09 15:24:00,ATM-1,PUT,308,316,305,316,12280,123520,10.35082,83400,83542.33
2025-07-09 15:24:00,ATM,CALL,507.75,508.75,495.4,498.4,28140,399860,9.420426,83500,83542.33
2025-07-09 15:24:00,ATM,PUT,347.8,356.1,344.6,353.3,36500,412780,10.239627,83500,83542.33
2025-07-09 15:24:00,ATM+1,CALL,452,454.35,441.1,445.05,20200,212720,9.454075,83600,83542.33
2025-07-09 15:24:00,ATM+1,PUT,392,402.05,389.05,398.25,28540,188320,10.227198,83600,83542.33
2025-07-09 15:24:00,ATM+2,CALL,402.7,403.65,392.1,395.6,17760,246820,9.486799,83700,83542.33
2025-07-09 15:24:00,ATM+2,PUT,440.35,451.4,436.2,447.2,16760,129140,10.223801,83700,83542.33
2025-07-09 15:24:00,ATM+3,CALL,355,356.8,346.05,349.55,15340,223960,9.50769,83800,83542.33
2025-07-09 15:24:00,ATM+3,PUT,492.2,504.3,488.5,501.15,8640,91440,10.252727,83800,83542.33
2025-07-09 15:24:00,ATM+4,CALL,311.2,312,302.65,304.45,9640,113520,9.459335,83900,83542.33
2025-07-09 15:24:00,ATM+4,PUT,547.9,560.3,545,557.75,6300,41520,10.259841,83900,83542.33
2025-07-09 15:24:00,ATM+5,CALL,269.35,271.8,263.1,265.85,22260,350620,9.474833,84000,83542.33
2025-07-09 15:24:00,ATM+5,PUT,605.7,622.45,603.15,620,9700,96900,10.318841,84000,83542.33
2025-07-09 15:24:00,ATM+6,CALL,234.7,236.45,228.65,228.9,9860,67400,9.439101,84100,83542.33
2025-07-09 15:24:00,ATM+6,PUT,685.6,685.6,677.1,683.9,1840,12960,10.336331,84100,83542.33
2025-07-09 15:24:00,ATM+7,CALL,202.95,203.3,197.1,198.65,11140,121860,9.483313,84200,83542.33
2025-07-09 15:24:00,ATM+7,PUT,737,756.6,737,753.2,2720,8880,10.409181,84200,83542.33
2025-07-09 15:24:00,ATM+8,CALL,173.85,175.35,169.55,171.2,6860,63480,9.515147,84300,83542.33
2025-07-09 15:24:00,ATM+8,PUT,827.05,827.05,817,826.5,1360,5020,10.510565,84300,83542.33
2025-07-09 15:24:00,ATM+9,CALL,148.6,149.7,145.3,147.7,5020,93040,9.572853,84400,83542.33
2025-07-09 15:24:00,ATM+9,PUT,884.25,897.2,884.25,897.2,740,5580,10.462143,84400,83542.33
2025-07-09 15:24:00,ATM+10,CALL,126.9,127,123.75,125,12720,244920,9.568555,84500,83542.33
2025-07-09 15:24:00,ATM+10,PUT,961.7,979.1,961.7,979.1,2340,34620,10.660013,84500,83542.33
2025-07-09 15:25:00,ATM-10,CALL,1155.7,1160,1155.7,1160,240,2980,9.216949,82600,83558.98
2025-07-09 15:25:00,ATM-10,PUT,106.25,106.25,102.75,103.45,5900,66340,10.748091,82600,83558.98
2025-07-09 15:25:00,ATM-9,CALL,1071.75,1079,1071.75,1079,120,2940,9.386753,82700,83558.98
2025-07-09 15:25:00,ATM-9,PUT,121.45,124.95,118.1,119.7,14120,57800,10.680096,82700,83558.98
2025-07-09 15:25:00,ATM-8,CALL,989.15,989.15,989.15,989.15,20,4000,9.124496,82800,83558.98
2025-07-09 15:25:00,ATM-8,PUT,139.95,140.8,136.35,137.75,3580,63940,10.60192,82800,83558.98
2025-07-09 15:25:00,ATM-7,CALL,908.2,919.7,908.2,919.45,300,5920,9.472874,82900,83558.98
2025-07-09 15:25:00,ATM-7,PUT,160.55,162.05,156.3,158.2,5180,52060,10.527795,82900,83558.98
2025-07-09 15:25:00,ATM-6,CALL,831.7,842.25,831.7,841.35,1360,72120,9.429323,83000,83558.98
2025-07-09 15:25:00,ATM-6,PUT,184.45,186.05,179.4,180.1,18920,214280,10.424347,83000,83558.98
2025-07-09 15:25:00,ATM-5,CALL,759.3,769.75,759.15,769.75,2080,9720,9.485349,83100,83558.98
2025-07-09 15:25:00,ATM-5,PUT,212.05,213.75,205.95,207.6,5040,54880,10.403215,83100,83558.98
2025-07-09 15:25:00,ATM-4,CALL,689.75,699.65,689.75,697.6,960,22920,9.432611,83200,83558.98
2025-07-09 15:25:00,ATM-4,PUT,242.3,244.4,236.1,237.9,4960,60260,10.375721,83200,83558.98
2025-07-09 15:25:00,ATM-3,CALL,624.95,635.1,623.75,629.5,3360,45320,9.398347,83300,83558.98
2025-07-09 15:25:00,ATM-3,PUT,276.9,278.85,269.9,271.2,8220,225060,10.343803,83300,83558.98
2025-07-09 15:25:00,ATM-2,CALL,560.5,570.5,560.5,567,4220,60100,9.413759,83400,83558.98
2025-07-09 15:25:00,ATM-2,PUT,314.6,316.85,305.95,308.45,7640,123520,10.3276,83400,83558.98
2025-07-09 15:25:00,ATM-1,CALL,499.8,509,499.8,505.4,26340,399860,9.359247,83500,83558.98
2025-07-09 15:25:00,ATM-1,PUT,354.9,356.75,346,347.45,32120,412780,10.270964,83500,83558.98
2025-07-09 15:25:00,ATM,CALL,446.55,454.2,446.2,450,30940,212720,9.360961,83600,83558.98
2025-07-09 15:25:00,ATM,PUT,400.2,402.85,390,392.65,33960,188320,10.278086,83600,83558.98
2025-07-09 15:25:00,ATM+1,CALL,396.95,403,396.95,400,41320,246820,9.396578,83700,83558.98
2025-07-09 15:25:00,ATM+1,PUT,448.75,450.25,438,439.1,19580,129140,10.230119,83700,83558.98
2025-07-09 15:25:00,ATM+2,CALL,349.7,356.2,349.7,353.6,16080,223960,9.424063,83800,83558.98
2025-07-09 15:25:00,ATM+2,PUT,501.4,504.3,490.65,492.4,9520,91440,10.257924,83800,83558.98
2025-07-09 15:25:00,ATM+3,CALL,306.55,311.75,306.55,309.1,16620,113520,9.404246,83900,83558.98
2025-07-09 15:25:00,ATM+3,PUT,558.65,560,546.35,547.2,10340,41520,10.236455,83900,83558.98
2025-07-09 15:25:00,ATM+4,CALL,266.75,270.6,266.75,268.15,13020,350620,9.376335,84000,83558.98
2025-07-09 15:25:00,ATM+4,PUT,618.2,620.6,606.85,607.9,5280,96900,10.271318,84000,83558.98
2025-07-09 15:25:00,ATM+5,CALL,231.95,235.75,231.9,232.55,5420,67400,9.386965,84100,83558.98
2025-07-09 15:25:00,ATM+5,PUT,686.25,686.25,671.5,673.55,700,12960,10.3451,84100,83558.98
2025-07-09 15:25:00,ATM+6,CALL,199.8,204,199.75,201,12300,121860,9.409773,84200,83558.98
2025-07-09 15:25:00,ATM+6,PUT,751.45,751.45,739.2,739.2,520,8880,10.337638,84200,83558.98
2025-07-09 15:25:00,ATM+7,CALL,171.85,175.05,171.85,172.55,8760,63480,9.425094,84300,83558.98
2025-07-09 15:25:00,ATM+7,PUT,821.25,825.3,811.4,813.5,280,5020,10.476145,84300,83558.98
2025-07-09 15:25:00,ATM+8,CALL,147,149,147,147.5,3680,93040,9.44635,84400,83558.98
2025-07-09 15:25:00,ATM+8,PUT,886.2,886.2,885.4,885.4,440,5580,10.47425,84400,83558.98
2025-07-09 15:25:00,ATM+9,CALL,125.5,127,125.25,125.45,8320,244920,9.468905,84500,83558.98
2025-07-09 15:25:00,ATM+9,PUT,967.55,967.55,963.05,963.5,740,34620,10.571445,84500,83558.98
2025-07-09 15:25:00,ATM+10,CALL,106.8,107.7,106.25,106.5,5140,72280,9.504253,84600,83558.98
2025-07-09 15:25:00,ATM+10,PUT,1045.35,1045.35,1045.35,1045.35,120,2960,10.71392,84600,83558.98
2025-07-09 15:26:00,ATM-10,CALL,1246.95,1253.15,1246.95,1253.15,220,11300,9.892513,82500,83548.94
2025-07-09 15:26:00,ATM-10,PUT,89.9,92.6,89.55,92.05,18140,187680,10.873451,82500,83548.94
2025-07-09 15:26:00,ATM-9,CALL,1079,1079,1079,1079,0,2940,9.386753,82600,83548.94
2025-07-09 15:26:00,ATM-9,PUT,103.2,107.95,103.2,105.75,8800,66340,10.770962,82600,83548.94
2025-07-09 15:26:00,ATM-8,CALL,1078.45,1079,1078.45,1079,220,2940,9.705229,82700,83548.94
2025-07-09 15:26:00,ATM-8,PUT,119.35,123.6,119.35,121.45,6800,57800,10.675123,82700,83548.94
2025-07-09 15:26:00,ATM-7,CALL,993.8,993.8,992,992,100,4000,9.513739,82800,83548.94
2025-07-09 15:26:00,ATM-7,PUT,137.5,141.85,137.15,139.8,5940,63940,10.599443,82800,83548.94
2025-07-09 15:26:00,ATM-6,CALL,911.9,917.45,910.2,915.45,100,5920,9.596648,82900,83548.94
2025-07-09 15:26:00,ATM-6,PUT,157.9,162.65,157.2,160.2,4020,52060,10.516386,82900,83548.94
2025-07-09 15:26:00,ATM-5,CALL,839.4,843,835.1,835.1,1240,72120,9.469756,83000,83548.94
2025-07-09 15:26:00,ATM-5,PUT,180.3,186.8,180,183.5,25020,214280,10.445752,83000,83548.94
2025-07-09 15:26:00,ATM-4,CALL,765.35,767.9,761.65,763.25,1540,9720,9.507015,83100,83548.94
2025-07-09 15:26:00,ATM-4,PUT,207.95,214.05,207.85,210.4,3100,54880,10.399271,83100,83548.94
2025-07-09 15:26:00,ATM-3,CALL,697.75,698.05,693.7,694.6,1240,22920,9.536541,83200,83548.94
2025-07-09 15:26:00,ATM-3,PUT,237.8,244.35,237.45,240.9,3400,60260,10.368974,83200,83548.94
2025-07-09 15:26:00,ATM-2,CALL,629.75,632.7,626.3,627.3,2600,45320,9.509169,83300,83548.94
2025-07-09 15:26:00,ATM-2,PUT,271.95,277.65,271.6,275.45,6420,225060,10.360247,83300,83548.94
2025-07-09 15:26:00,ATM-1,CALL,566.85,570,563.25,563.75,4180,60100,9.486126,83400,83548.94
2025-07-09 15:26:00,ATM-1,PUT,307.9,315,307.75,310.8,7700,123520,10.289231,83400,83548.94
2025-07-09 15:26:00,ATM,CALL,505.6,508.6,502,503,17060,399860,9.441093,83500,83548.94
2025-07-09 15:26:00,ATM,PUT,348.6,355.8,347.45,351.6,20640,412780,10.267808,83500,83548.94
2025-07-09 15:26:00,ATM+1,CALL,452.05,454,448.45,448.45,11540,212720,9.452348,83600,83548.94
2025-07-09 15:26:00,ATM+1,PUT,392.95,400,391.4,397.05,12420,188320,10.272361,83600,83548.94
2025-07-09 15:26:00,ATM+2,CALL,399.35,403.7,398.2,398.2,18100,246820,9.472413,83700,83548.94
2025-07-09 15:26:00,ATM+2,PUT,438.75,447.35,438,443.6,9840,129140,10.218246,83700,83548.94
2025-07-09 15:26:00,ATM+3,CALL,354.05,356.75,351.15,351.15,10420,223960,9.475725,83800,83548.94
2025-07-09 15:26:00,ATM+3,PUT,491.2,500,490.7,496.45,25820,91440,10.226875,83800,83548.94
2025-07-09 15:26:00,ATM+4,CALL,310.65,312.8,307.7,307.75,10360,113520,9.473585,83900,83548.94
2025-07-09 15:26:00,ATM+4,PUT,547.65,556.5,547.65,554.15,3300,41520,10.265426,83900,83548.94
2025-07-09 15:26:00,ATM+5,CALL,268.7,272.8,267.65,267.8,38260,350620,9.462431,84000,83548.94
2025-07-09 15:26:00,ATM+5,PUT,608.2,619.7,607.75,614.7,13820,96900,10.288716,84000,83548.94
2025-07-09 15:26:00,ATM+6,CALL,233.25,237.3,231.8,233.2,6760,67400,9.491989,84100,83548.94
2025-07-09 15:26:00,ATM+6,PUT,674.35,683.45,674.25,678.05,1200,12960,10.297095,84100,83548.94
2025-07-09 15:26:00,ATM+7,CALL,201.25,205.7,200.2,201.4,10060,121860,9.503478,84200,83548.94
2025-07-09 15:26:00,ATM+7,PUT,742,749.45,741.85,745.55,340,8880,10.327203,84200,83548.94
2025-07-09 15:26:00,ATM+8,CALL,172.75,177.3,172.6,173.4,6860,63480,9.527018,84300,83548.94
2025-07-09 15:26:00,ATM+8,PUT,812,819.35,812,816.8,460,5020,10.374794,84300,83548.94
2025-07-09 15:26:00,ATM+9,CALL,147.6,152.8,147.4,148.25,8960,93040,9.542415,84400,83548.94
2025-07-09 15:26:00,ATM+9,PUT,885.6,887.9,885.6,887.85,220,5580,10.334588,84400,83548.94
2025-07-09 15:26:00,ATM+10,CALL,125.65,130.6,124.8,126.55,27380,244920,9.573736,84500,83548.94
2025-07-09 15:26:00,ATM+10,PUT,963.4,974.45,963.05,970,960,34620,10.538083,84500,83548.94
2025-07-09 15:27:00,ATM-10,CALL,1243.75,1251.55,1243.75,1251.55,160,11220,9.823503,82500,83548.91
2025-07-09 15:27:00,ATM-10,PUT,91.8,93.15,91.1,91.9,7600,195740,10.867831,82500,83548.91
2025-07-09 15:27:00,ATM-9,CALL,1079,1079,1079,1079,0,2940,9.386753,82600,83548.91
2025-07-09 15:27:00,ATM-9,PUT,105.45,106.55,104.55,106,3200,65700,10.780503,82600,83548.91
2025-07-09 15:27:00,ATM-8,CALL,1076.65,1077.35,1075.75,1075.75,140,3040,9.586104,82700,83548.91
2025-07-09 15:27:00,ATM-8,PUT,121.5,123.55,120.2,120.25,6040,63640,10.634282,82700,83548.91
2025-07-09 15:27:00,ATM-7,CALL,994.05,994.3,994.05,994.3,280,3780,9.594486,82800,83548.91
2025-07-09 15:27:00,ATM-7,PUT,139.45,142.25,138.1,139.4,4140,63240,10.586947,82800,83548.91
2025-07-09 15:27:00,ATM-6,CALL,915.25,915.25,905.55,905.55,660,6120,9.282867,82900,83548.91
2025-07-09 15:27:00,ATM-6,PUT,160.15,161.25,158.95,159,2360,48340,10.480589,82900,83548.91
2025-07-09 15:27:00,ATM-5,CALL,838.05,842.25,838.05,839.85,1780,71360,9.61129,83000,83548.91
2025-07-09 15:27:00,ATM-5,PUT,183.35,184.7,182.05,183.3,10580,212280,10.440331,83000,83548.91
2025-07-09 15:27:00,ATM-4,CALL,763.85,765.95,763.85,764.3,320,9720,9.537576,83100,83548.91
2025-07-09 15:27:00,ATM-4,PUT,210.45,213.2,208.05,210.7,9040,49080,10.407598,83100,83548.91
2025-07-09 15:27:00,ATM-3,CALL,694.2,700,693.65,693.65,1240,22660,9.512936,83200,83548.91
2025-07-09 15:27:00,ATM-3,PUT,240.35,242,239.75,240,5120,60260,10.34593,83200,83548.91
2025-07-09 15:27:00,ATM-2,CALL,627.95,631.35,625.7,625.7,960,45320,9.470134,83300,83548.91
2025-07-09 15:27:00,ATM-2,PUT,274.35,276.8,272.7,275,6820,219540,10.349219,83300,83548.91
2025-07-09 15:27:00,ATM-1,CALL,563.6,568,560.45,564.05,3100,57780,9.494674,83400,83548.91
2025-07-09 15:27:00,ATM-1,PUT,311,313,310.2,311.1,5880,123520,10.296658,83400,83548.91
2025-07-09 15:27:00,ATM,CALL,503.45,508,502.05,502.05,21000,399860,9.419633,83500,83548.91
2025-07-09 15:27:00,ATM,PUT,351.6,353.95,349.65,352.65,22560,409240,10.292879,83500,83548.91
2025-07-09 15:27:00,ATM+1,CALL,450.15,453,449,450,14800,198540,9.489886,83600,83548.91
2025-07-09 15:27:00,ATM+1,PUT,396.4,398.45,393.7,397.05,15240,188320,10.272451,83600,83548.91
2025-07-09 15:27:00,ATM+2,CALL,399.95,404.6,399,399,16200,226780,9.492211,83700,83548.91
2025-07-09 15:27:00,ATM+2,PUT,443.4,446.3,441.9,443.95,10480,116280,10.226485,83700,83548.91
2025-07-09 15:27:00,ATM+3,CALL,352.9,356,351.9,352.55,11560,218600,9.509703,83800,83548.91
2025-07-09 15:27:00,ATM+3,PUT,495.95,499.5,495.4,497.95,4320,91220,10.262142,83800,83548.91
2025-07-09 15:27:00,ATM+4,CALL,308.8,313.65,308.8,309.6,11720,111720,9.518777,83900,83548.91
2025-07-09 15:27:00,ATM+4,PUT,552.6,554.1,551.15,553.2,2240,36020,10.242771,83900,83548.91
2025-07-09 15:27:00,ATM+5,CALL,269,271.45,268.45,268.75,13780,341100,9.486667,84000,83548.91
2025-07-09 15:27:00,ATM+5,PUT,611.9,615,611.9,614.5,4160,95520,10.283767,84000,83548.91
2025-07-09 15:27:00,ATM+6,CALL,233.55,237.6,233.55,233.7,6520,66380,9.505604,84100,83548.91
2025-07-09 15:27:00,ATM+6,PUT,677,682,677,682,380,13680,10.395727,84100,83548.91
2025-07-09 15:27:00,ATM+7,CALL,200.95,205.9,200.95,202.1,11840,121060,9.522919,84200,83548.91
2025-07-09 15:27:00,ATM+7,PUT,745.75,749.65,744.1,746.8,780,9400,10.359422,84200,83548.91
2025-07-09 15:27:00,ATM+8,CALL,173.5,176.7,173.5,174.15,2540,60200,9.54882,84300,83548.91
2025-07-09 15:27:00,ATM+8,PUT,815.5,820,815.5,820,220,5840,10.46114,84300,83548.91
2025-07-09 15:27:00,ATM+9,CALL,148.75,152,148.75,150.15,4620,90780,9.599533,84400,83548.91
2025-07-09 15:27:00,ATM+9,PUT,891.6,892.6,891.15,892.6,420,5800,10.46973,84400,83548.91
2025-07-09 15:27:00,ATM+10,CALL,126.95,129.4,126.95,127.1,8820,243900,9.592064,84500,83548.91
2025-07-09 15:27:00,ATM+10,PUT,969.4,973.7,969.4,973.7,1080,34220,10.648658,84500,83548.91
2025-07-09 15:28:00,ATM-10,CALL,1219.85,1233.15,1219.85,1233.15,480,11220,9.628849,82500,83532.83
2025-07-09 15:28:00,ATM-10,PUT,91.7,94.9,91.7,92.3,9120,195740,10.78727,82500,83532.83
2025-07-09 15:28:00,ATM-9,CALL,1079,1079,1079,1079,0,2940,9.386753,82600,83532.83
2025-07-09 15:28:00,ATM-9,PUT,106,107.7,105.65,106.45,2140,65700,10.696411,82600,83532.83
2025-07-09 15:28:00,ATM-8,CALL,1075.75,1075.75,1075.75,1075.75,0,3040,9.586104,82700,83532.83
2025-07-09 15:28:00,ATM-8,PUT,120.75,122.95,120.75,121.7,1440,63640,10.578922,82700,83532.83
2025-07-09 15:28:00,ATM-7,CALL,990.9,990.9,983.3,983.9,60,3780,9.681703,82800,83532.83
2025-07-09 15:28:00,ATM-7,PUT,139.95,141.75,139.25,139.75,3720,63240,10.488069,82800,83532.83
2025-07-09 15:28:00,ATM-6,CALL,907.75,909,905.55,905.55,140,6120,9.68045,82900,83532.83
2025-07-09 15:28:00,ATM-6,PUT,159.75,162,159.15,161.05,2720,48340,10.426478,82900,83532.83
2025-07-09 15:28:00,ATM-5,CALL,839.9,839.9,829.3,829.3,360,71360,9.654867,83000,83532.83
2025-07-09 15:28:00,ATM-5,PUT,183.3,186,182.2,184.7,13680,212280,10.358183,83000,83532.83
2025-07-09 15:28:00,ATM-4,CALL,766,766.55,756.1,756.1,740,9720,9.629599,83100,83532.83
2025-07-09 15:28:00,ATM-4,PUT,210.85,213,209.85,211.55,5940,49080,10.301803,83100,83532.83
2025-07-09 15:28:00,ATM-3,CALL,696,696.65,686.85,690.25,460,22660,9.711328,83200,83532.83
2025-07-09 15:28:00,ATM-3,PUT,239.85,243.3,239.3,241.2,4040,60260,10.240646,83200,83532.83
2025-07-09 15:28:00,ATM-2,CALL,627.85,629.6,620.75,622.3,1200,45320,9.646621,83300,83532.83
2025-07-09 15:28:00,ATM-2,PUT,273.2,277.85,273.2,275.7,5720,219540,10.221824,83300,83532.83
2025-07-09 15:28:00,ATM-1,CALL,564.15,565.65,557.55,561.6,2060,57780,9.674097,83400,83532.83
2025-07-09 15:28:00,ATM-1,PUT,311.65,314.8,309.25,313.5,9380,123520,10.200519,83400,83532.83
2025-07-09 15:28:00,ATM,CALL,503.5,504.45,496.9,497.9,16340,399860,9.540496,83500,83532.83
2025-07-09 15:28:00,ATM,PUT,351,355.7,349.9,354.2,25560,409240,10.164899,83500,83532.83
2025-07-09 15:28:00,ATM+1,CALL,448.55,451.65,443.75,447.8,15040,198540,9.640171,83600,83532.83
2025-07-09 15:28:00,ATM+1,PUT,396.4,401.1,395,399.65,15080,188320,10.156925,83600,83532.83
2025-07-09 15:28:00,ATM+2,CALL,399.8,401,395,397.2,9820,226780,9.636731,83700,83532.83
2025-07-09 15:28:00,ATM+2,PUT,444.75,449.6,443,447.1,10920,116280,10.110448,83700,83532.83
2025-07-09 15:28:00,ATM+3,CALL,352.9,354,348.15,350,9360,218600,9.622775,83800,83532.83
2025-07-09 15:28:00,ATM+3,PUT,498,505.05,495.6,503,19780,91220,10.176467,83800,83532.83
2025-07-09 15:28:00,ATM+4,CALL,308.55,311.1,305.05,308,5100,111720,9.641652,83900,83532.83
2025-07-09 15:28:00,ATM+4,PUT,554.8,560.65,552.45,558.1,1560,36020,10.138454,83900,83532.83
2025-07-09 15:28:00,ATM+5,CALL,268.45,270.6,265.25,267,21520,341100,9.594035,84000,83532.83
2025-07-09 15:28:00,ATM+5,PUT,614.5,620.65,613.7,620.65,2920,95520,10.193988,84000,83532.83
2025-07-09 15:28:00,ATM+6,CALL,233.7,236.35,231.3,233.2,6340,66380,9.633729,84100,83532.83
2025-07-09 15:28:00,ATM+6,PUT,681.9,685,678.75,684.1,340,13680,10.188102,84100,83532.83
2025-07-09 15:28:00,ATM+7,CALL,202.45,203.9,200,201.55,9780,121060,9.640599,84200,83532.83
2025-07-09 15:28:00,ATM+7,PUT,746.25,750,746.25,750,320,9400,10.158278,84200,83532.83
2025-07-09 15:28:00,ATM+8,CALL,174.05,176,172.05,173.5,5480,60200,9.655267,84300,83532.83
2025-07-09 15:28:00,ATM+8,PUT,822.9,822.9,822.9,822.9,20,5840,10.229729,84300,83532.83
2025-07-09 15:28:00,ATM+9,CALL,149.95,151.2,148.35,149.6,3260,90780,9.701066,84400,83532.83
2025-07-09 15:28:00,ATM+9,PUT,892.6,892.6,892.6,892.6,0,5800,10.46973,84400,83532.83
2025-07-09 15:28:00,ATM+10,CALL,128.15,128.65,126.45,127.45,18980,243900,9.714691,84500,83532.83
2025-07-09 15:28:00,ATM+10,PUT,970,977,970,977,1180,34220,10.376958,84500,83532.83
2025-07-09 15:29:00,ATM-10,CALL,1231.1,1231.1,1220,1220,60,11220,9.66103,82500,83516.96
2025-07-09 15:29:00,ATM-10,PUT,92.6,94.15,91,92.2,13280,195740,10.687848,82500,83516.96
2025-07-09 15:29:00,ATM-9,CALL,1079,1079,1079,1079,0,2940,9.386753,82600,83516.96
2025-07-09 15:29:00,ATM-9,PUT,107.3,108.15,104.95,107.4,7840,65700,10.631329,82600,83516.96
2025-07-09 15:29:00,ATM-8,CALL,1062.75,1062.75,1058.05,1058.05,120,3040,9.904909,82700,83516.96
2025-07-09 15:29:00,ATM-8,PUT,121.95,124.9,121.1,124,7800,63640,10.552654,82700,83516.96
2025-07-09 15:29:00,ATM-7,CALL,987.05,987.05,960,960,200,3780,9.306342,82800,83516.96
2025-07-09 15:29:00,ATM-7,PUT,140.9,142.85,139.1,142.85,4940,63240,10.476966,82800,83516.96
2025-07-09 15:29:00,ATM-6,CALL,892.15,892.15,890,890,1100,6120,9.579605,82900,83516.96
2025-07-09 15:29:00,ATM-6,PUT,161.95,165.35,159,164.85,7580,47060,10.424512,82900,83516.96
2025-07-09 15:29:00,ATM-5,CALL,830.65,832.8,808.55,808.55,660,71360,9.396228,83000,83516.96
2025-07-09 15:29:00,ATM-5,PUT,184.75,192.35,183.05,192.35,19880,212280,10.45156,83000,83516.96
2025-07-09 15:29:00,ATM-4,CALL,743.65,753.4,743.65,753.4,180,9720,9.862132,83100,83516.96
2025-07-09 15:29:00,ATM-4,PUT,212.15,217.75,209.6,217.75,8380,49080,10.339544,83100,83516.96
2025-07-09 15:29:00,ATM-3,CALL,688.45,689.35,668.95,670.85,1540,22660,9.486893,83200,83516.96
2025-07-09 15:29:00,ATM-3,PUT,241.95,246.55,240.3,246.55,8560,52560,10.242318,83200,83516.96
2025-07-09 15:29:00,ATM-2,CALL,621.35,623.1,601.15,601.15,3320,45320,9.373231,83300,83516.96
2025-07-09 15:29:00,ATM-2,PUT,276.45,280.4,274.35,278.65,6960,219540,10.150874,83300,83516.96
2025-07-09 15:29:00,ATM-1,CALL,561.9,562.5,540.45,540.45,7860,57780,9.394579,83400,83516.96
2025-07-09 15:29:00,ATM-1,PUT,313.5,319.55,310.6,316.25,15840,111620,10.113273,83400,83516.96
2025-07-09 15:29:00,ATM,CALL,497.95,500,480,481.45,30640,391380,9.364054,83500,83516.96
2025-07-09 15:29:00,ATM,PUT,353.6,363.7,351.4,360.95,42180,401140,10.160486,83500,83516.96
2025-07-09 15:29:00,ATM+1,CALL,447.75,448.3,427.2,429.4,27460,192140,9.40539,83600,83516.96
2025-07-09 15:29:00,ATM+1,PUT,400,409.95,395,400.95,29380,188320,10.011228,83600,83516.96
2025-07-09 15:29:00,ATM+2,CALL,399.15,399.5,377.25,377.25,32260,226780,9.351527,83700,83516.96
2025-07-09 15:29:00,ATM+2,PUT,448.3,457.95,446.8,456.8,20120,116280,10.147995,83700,83516.96
2025-07-09 15:29:00,ATM+3,CALL,351.35,351.35,332.85,334.35,18640,209800,9.422263,83800,83516.96
2025-07-09 15:29:00,ATM+3,PUT,501.6,511,495.45,506.25,9080,91220,10.048477,83800,83516.96
2025-07-09 15:29:00,ATM+4,CALL,307.9,309.55,288,289.5,12460,105340,9.354426,83900,83516.96
2025-07-09 15:29:00,ATM+4,PUT,558.85,568.4,556.4,566,4280,33200,10.106075,83900,83516.96
2025-07-09 15:29:00,ATM+5,CALL,267.25,269,252,252,27000,322700,9.370455,84000,83516.96
2025-07-09 15:29:00,ATM+5,PUT,621.3,630,616.75,627.6,4680,95520,10.123945,84000,83516.96
2025-07-09 15:29:00,ATM+6,CALL,234.5,234.5,219.25,219.25,4980,60840,9.414333,84100,83516.96
2025-07-09 15:29:00,ATM+6,PUT,684.55,695.5,682.25,695.5,760,13680,10.214798,84100,83516.96
2025-07-09 15:29:00,ATM+7,CALL,202.1,202.45,190.1,192.5,6300,119880,9.528022,84200,83516.96
2025-07-09 15:29:00,ATM+7,PUT,751.8,770,750.2,770,2300,9400,10.398609,84200,83516.96
2025-07-09 15:29:00,ATM+8,CALL,174,175.9,163.75,163.75,5520,56260,9.501779,84300,83516.96
2025-07-09 15:29:00,ATM+8,PUT,823,831.85,822.5,827,240,5840,10.028012,84300,83516.96
2025-07-09 15:29:00,ATM+9,CALL,150.35,150.6,140.65,140.65,4840,90780,9.547598,84400,83516.96
2025-07-09 15:29:00,ATM+9,PUT,903.3,912.5,903.3,912.5,80,5800,10.362503,84400,83516.96
2025-07-09 15:29:00,ATM+10,CALL,128.35,128.35,120,120.5,20720,243900,9.600108,84500,83516.96
2025-07-09 15:29:00,ATM+10,PUT,982.2,990.7,982.2,990.7,40,34220,10.422508,84500,83516.96